3070.3015	1149.4695	3004.2112	1163.0288
894.01	601.2394	822.96686	604.2068
1457.0237	782.8472	1420.0245	783.87933
1440.9966	844.96375	1457.8484	843.3832
1421.9763	844.9131	1438.99	844.5417
781.9905	603.56146	819.0164	602.756
810.985	617.56366	887.99713	614.91644
831.0053	582.17865	775.9943	583.8084
3050.0706	1164.3372	3019.1694	1170.8093
1894.0029	1067.1158	1909.0027	1067.165
483.9197	1642.5735	507.01538	1641.2734
843.01044	558.2341	885.9697	556.3204
1706.9347	1074.4603	1721.8374	1072.6564
781.94635	781.7396	821.0458	780.0753
837.9873	800.787	874.0974	798.6326
893.0358	614.5684	918.9957	612.93195
1064.9746	860.1311	1099.974	859.11005
1688.9688	1074.4387	1702.9254	1073.661
2316.0388	511.71085	2279.0396	513.72736
831.9242	1048.2153	871.9794	1046.5137
1410.0885	1113.9982	1409.0332	1061.9993
1134.0071	818.0897	1123.9122	818.8808
1444.8357	1109.0201	1444.0034	1061.0173
1894.0026	1093.1106	1910.0024	1093.157
2321.9485	528.2003	2357.992	525.8769
3070.0608	1.9971169	3071.2454	26.988373
774.9513	615.7452	803.98517	614.61847
820.0305	831.8778	786.00214	833.0617
786.98846	830.07117	799.98645	829.90967
775.9942	581.8092	803.9988	580.9594
817.0466	1109.3185	782.0196	1110.5554
853.9366	1104.7906	870.94226	1103.8988
1622.9921	836.9836	1636.999	836.8742
2074.052	594.2521	2337.9705	583.2908
2362.03	527.47534	2327.0435	529.6881
3069.039	1399.4971	3035.01	1400.3842
3070.3855	1160.0001	3070.419	1400.0
856.9673	827.6907	872.0107	826.1011
1450.9596	1108.6355	1465.0088	1107.0791
1728.9932	588.7908	1579.9888	593.65686
1723.0216	1076.377	1707.0739	1077.2903
454.99298	1562.1649	509.00366	1561.9586
796.8204	1072.9985	796.9783	1052.992
2131.9475	725.7409	2170.9216	724.1175
383.9853	1566.044	438.01865	1565.2133
705.93353	674.8555	582.29315	656.0704
836.9972	1105.1346	849.9971	1105.0928
853.726	866.99976	853.74054	850.99884
834.9068	1073.1836	870.9658	1071.3339
874.98267	774.50775	833.96313	775.9535
884.0636	763.3533	767.04004	768.85187
1417.03	846.05493	1414.6296	759.9824
1626.9487	1018.40265	1667.0038	1017.11847
1968.0032	1094.2391	1951.0062	1094.467
2173.002	798.0529	2139.013	799.3397
2333.984	580.6652	2242.955	585.07446
463.97607	1501.3657	576.04297	1497.14
466.99176	1410.3688	577.0252	1408.9303
469.0283	1380.8136	578.03296	1379.1133
464.98935	1470.6177	686.0129	1464.4613
805.99084	829.23016	818.989	829.0755
874.01556	829.29297	840.0053	831.0997
837.9355	869.9653	873.9203	867.7217
1365.9805	847.14374	1402.984	846.29834
1382.2085	805.03156	1381.5304	788.01874
1403.8583	846.02563	1402.4873	785.01154
1443.2262	1051.0217	1442.5803	1028.0399
1909.0144	1070.1893	1893.0168	1070.3838
2228.0027	775.0937	2194.0312	776.0773
577.0235	1230.604	475.9848	1228.9031
817.9874	604.6995	780.01196	606.286
808.02155	557.30664	788.975	558.64386
766.99347	585.6614	818.99335	584.6556
871.99255	1106.8356	837.01935	1108.4259
1466.9983	852.9594	1355.9419	857.6153
1411.0957	587.0498	1410.362	558.99054
2230.9722	585.30896	2174.9822	587.5565
780.93225	1075.4116	816.99457	1073.8733
1234.02	632.46405	728.0125	654.2905
1656.0009	774.01245	1618.1128	776.63135
2229.031	795.811	2195.0044	797.1121
2539.9973	847.2777	2518.9993	847.08
400.0938	1531.6134	348.91797	1534.5891
567.9945	1215.3202	481.93408	1213.8448
821.03503	811.00885	785.04376	812.25916
1382.3749	845.0101	1382.1173	829.0142
1402.0364	784.8896	1367.0132	786.32336
1441.9591	774.38715	1454.9014	773.52313
1464.3075	1049.0032	1464.506	1029.9949
1708.9117	1100.1384	1722.9692	1098.6991
3000.8772	1154.4609	3069.2031	1138.8914
349.9575	1505.7838	401.0698	1503.9976
882.0447	1033.2058	762.9857	1037.6144
777.91876	1050.4451	816.9689	1048.4047
795.78577	1131.9854	796.0275	1111.9883
1033.9866	614.7677	1097.0078	611.13513
1430.9596	590.03876	1394.9812	591.5515
1443.0679	1086.5573	1429.0509	1087.1681
41.930515	1560.9788	327.9672	1541.518
419.00745	497.22726	460.0289	495.8806
589.01245	696.34924	527.983	698.5217
800.6732	801.9956	800.72986	784.9958
1163.0668	865.7054	1049.9662	870.13763
1437.9407	844.0204	1436.8228	786.0034
1458.8411	843.0218	1457.6951	782.02454
1696.0032	834.0533	1711.0095	833.1596
1939.981	824.56525	1970.9651	823.2057
2193.9758	773.3971	2226.0444	772.1102
2394.0542	583.1861	2074.083	597.8153
284.0	1568.9692	337.00034	1568.987
438.02713	1569.1548	383.02325	1569.8469
900.9968	623.91675	771.03406	628.89026
1155.0178	838.444	1140.0018	839.0461
1250.0278	453.43787	1239.9415	454.07822
1945.9404	1032.8	1983.9459	1030.9117
2266.0083	1058.2306	2229.0547	1059.5416
3045.8582	237.84146	3068.519	217.58052
285.00226	1539.0249	173.0096	1549.1066
381.9693	1499.3838	351.94418	1500.8795
347.86743	1539.6952	574.86414	1526.638
466.97842	1440.0924	577.987	1437.4536
530.0127	1376.3517	469.99652	1375.1786
473.0578	1321.2915	625.1163	1318.6208
560.997	1344.9196	506.99738	1346.9292
476.94272	1232.6617	576.99646	1234.2269
690.9802	709.8283	606.07104	719.61646
634.0008	800.0074	612.9255	802.3209
692.1231	562.96155	610.00726	568.1161
783.94806	871.7757	818.9699	870.2902
853.7743	848.0044	853.7133	831.00464
1468.0654	738.6073	1350.0168	743.41406
1632.931	1076.8131	1645.0065	1076.111
1633.9426	1102.4835	1647.9604	1101.9535
1944.9662	1007.11865	1983.9856	1005.6232
264.9817	1367.3563	335.05362	1370.9565
351.0003	1472.0231	403.01776	1471.3269
404.02417	1402.5654	371.99957	1402.0258
490.9498	1525.3273	464.94537	1527.2681
786.9803	850.4763	817.01306	849.3474
828.5115	1160.0072	830.04474	1051.9723
859.9777	847.36835	871.99805	846.9441
1723.0347	842.86975	1611.9722	847.3027
1912.9458	1067.2441	1927.0168	1066.236
2137.9648	817.975	2175.9546	816.67487
2173.9744	1058.441	2206.9968	1056.9324
2247.0505	562.6998	2166.04	568.5527
3014.0234	1169.1097	3051.0366	1161.1704
293.0197	1398.6667	265.0585	1397.0117
260.9995	1438.4757	332.00046	1438.548
389.0377	419.5156	316.06223	424.8512
1393.8746	1110.9717	1406.8042	1109.3948
1648.014	1079.1464	1632.0652	1080.6783
2138.9778	775.389	2170.0095	774.2647
2171.0393	777.08325	2138.01	778.2787
3053.1687	1169.8112	3025.1345	1175.6459
91.03702	1554.7743	42.005657	1557.1183
105.847626	1229.0887	187.07597	1240.4572
167.01355	1316.8335	124.05405	1313.336
311.7299	411.03064	213.78754	337.28217
262.01514	1402.5222	335.03687	1404.8364
333.10776	1365.9938	278.05173	1363.0367
557.04364	1463.4459	500.974	1465.138
784.903	803.0989	819.96484	801.3103
799.7144	849.984	799.91376	833.98645
1059.4548	862.00214	1059.858	775.9993
1096.1306	840.3187	1088.1102	841.1128
1084.937	1096.666	1101.9463	1095.8622
1381.9792	825.00946	1382.1434	807.99176
1377.0526	598.04565	1444.034	594.67633
1428.9537	1083.7374	1442.0095	1083.2595
1429.0	1134.9658	1446.9999	1134.9385
1966.0382	1068.0242	1950.0232	1068.6221
2211.9253	794.2174	2227.9697	792.6834
2361.0325	432.67474	2330.9578	434.1251
2548.9946	741.97894	2444.9922	742.5224
2484.644	242.6895	2470.1848	256.1979
3055.688	441.59253	3068.5618	431.73367
187.07834	1246.4219	105.80916	1235.4082
446.88293	1643.9204	470.04434	1641.4089
877.97	876.25934	768.9465	880.6801
840.9478	828.0553	852.0245	827.4435
854.2305	827.03107	853.6225	811.97485
870.6652	1103.9845	871.634	1082.9832
1083.9586	605.1054	1048.941	606.723
1249.08	608.70074	1123.0297	614.63043
1893.0148	787.3846	1881.984	787.5025
2138.99	796.2205	2153.0005	796.0389
2228.9797	1056.3347	2264.977	1055.2421
2856.041	1407.0186	2806.0015	1409.0361
133.21562	1558.2201	40.218727	1567.2521
335.00058	1331.9941	271.01688	1325.8251
331.01633	1399.6584	297.9969	1399.257
520.01776	1494.4966	464.9809	1496.4666
523.9993	1434.5931	466.99948	1434.6908
636.0034	649.0732	617.9958	649.9094
687.04987	846.3086	602.16693	860.03235
800.2274	829.97614	800.7227	813.9605
1381.0015	807.82605	1367.0016	807.85175
1450.9994	1082.8237	1462.9999	1082.817
1648.6753	1127.0165	1648.4137	1106.0073
1666.0277	1078.8794	1651.0426	1079.3516
2047.973	597.35443	1264.9622	630.09454
2155.9253	796.1434	2171.891	794.7514
2210.0452	1086.0598	2175.0237	1087.5554
2268.0442	1084.2222	2231.0566	1085.5621
2233.9785	1082.4475	2266.9675	1081.1659
2682.0376	1393.7269	2639.9946	1395.8971
105.99993	1199.0272	79.99748	1198.959
183.98132	1228.1207	109.07346	1216.5254
92.990616	1475.9565	173.01112	1475.2369
352.9973	1439.4224	405.00092	1439.52
474.28467	1643.9353	446.9926	1647.9498
493.98978	1465.2632	467.9809	1465.6241
471.99728	1350.6725	579.00653	1349.7831
468.95837	1293.5369	534.8724	1298.6464
574.0091	1432.2405	533.99054	1433.75
596.9983	1436.7651	710.9923	1435.9385
894.03296	753.833	758.00854	759.21625
798.969	1107.6931	815.89734	1105.9833
1480.0377	729.0465	1348.0292	733.808
1441.0927	598.6496	1252.0709	609.26227
1465.688	1103.0043	1465.107	1061.0123
1711.059	772.13464	1674.0548	774.0564
1952.0067	1091.1078	1966.0059	1091.2124
2246.957	822.0297	2131.9617	827.1357
2242.0593	707.5531	2119.0479	712.2537
2176.0046	1084.0421	2192.0042	1084.1196
2193.9175	1083.9619	2208.9814	1082.7651
2319.9138	441.42575	2366.0493	438.8982
2976.008	1652.8357	2910.0046	1653.4706
3021.2346	1173.1309	3051.7507	1166.799
75.948364	1568.253	100.96706	1566.5234
309.0213	1502.4031	273.96066	1504.2557
386.99796	1434.2692	354.0075	1434.0173
559.9691	1404.1494	501.97296	1406.2548
574.9695	1492.3151	532.9638	1494.1877
558.001	702.276	588.0006	702.1721
673.0339	645.5595	653.9826	646.713
689.0202	934.08405	622.98566	949.9401
882.9774	1563.0016	712.974	1566.8512
782.99945	1107.0288	797.01324	1107.2897
818.0412	852.3258	786.01	853.32135
892.04126	1023.1659	753.0383	1028.0841
850.8021	1104.0149	850.5539	1084.018
1118.979	858.4811	1154.0027	857.0679
1147.0311	763.4801	1115.9673	765.4969
1465.0146	1060.3037	1426.9684	1059.5018
1645.9171	1042.067	1644.6753	1022.02014
1984.0486	832.13293	1871.9546	836.94025
2169.956	1004.5885	2203.0173	1003.557
2305.0193	1472.6012	2186.0461	1476.4319
2195.9893	794.1687	2209.9998	793.98584
2194.956	815.91943	2231.976	814.41095
2970.9968	2012.0953	2947.9888	2011.3378
529.0033	1316.7969	485.9659	1316.0973
541.9735	1296.1381	597.01373	1294.4484
593.0141	1462.1776	572.0051	1462.4287
598.0634	1282.7382	711.17975	1288.4253
850.77045	1071.0114	850.5959	1052.013
1388.883	1086.0723	1387.4623	1064.0995
1703.9652	1074.0823	1702.3004	1053.1351
1910.9934	786.3521	1899.0048	786.474
1969.9119	1065.3209	1983.0793	1063.6112
1971.9038	1091.1721	1985.0746	1089.6416
2088.9592	566.6688	2147.9958	564.8646
2173.0188	755.4098	2135.0076	757.1636
2948.0288	1305.238	2876.2366	1313.9498
2930.038	1919.6615	2981.9878	1918.471
2999.0244	1912.7698	2956.0671	1914.1276
3069.771	1132.9585	2994.6636	1149.4698
262.9659	1286.339	191.87994	1279.1945
352.0193	1406.0076	406.01834	1407.0571
459.00742	498.16888	424.03088	499.70364
590.0199	1314.7473	539.97546	1316.0791
678.16064	1246.5621	592.7082	1270.9786
652.91455	727.27246	669.0444	725.3775
681.9624	1377.5945	712.09485	1379.4993
782.99445	1133.0651	794.0	1133.0
1066.941	1148.7639	1097.0634	1147.3258
1082.0127	1096.0208	1081.5706	1075.0302
1162.0098	1507.4222	1067.014	1509.6107
1445.0372	1112.1959	1431.9877	1112.6023
1667.0446	1052.5964	1629.0463	1053.6571
1666.9872	1104.6833	1652.0117	1105.289
1708.98	793.76465	1697.0663	794.7791
1984.0126	717.3238	1862.0028	722.0716
35.03965	1556.7467	0.92344487	1558.5581
99.938515	1357.1327	180.02823	1361.48
253.26534	1495.0153	265.3623	1284.9633
271.02216	1295.7974	339.08368	1303.234
377.98495	1650.4634	398.9965	1649.8745
470.29282	1640.0243	474.35477	1590.9467
621.7387	1250.0425	599.31683	1256.161
618.9948	581.8995	637.0499	580.9644
683.01263	1460.4696	632.9412	1461.819
871.02386	1132.7759	836.99457	1133.8236
1387.6664	1051.0303	1387.234	1032.0175
1691.781	813.00824	1690.3518	775.0621
1701.6472	1039.0175	1701.3895	1019.0079
1750.8856	574.1851	1776.9083	572.5448
2327.9968	538.95984	2369.0566	535.7186
2793.917	232.75906	2532.7522	517.36084
2870.1746	1331.5067	2957.1658	1321.4315
0.87677574	1166.4854	54.01322	1162.1625
434.8928	515.1465	310.9464	424.43967
411.0003	1648.9905	433.0103	1649.6613
577.0012	1374.0488	536.9762	1375.0411
579.0083	684.2085	534.9586	685.9592
872.00256	1081.1891	835.00946	1081.6941
754.95654	893.81116	892.95483	888.765
986.0294	633.7732	916.01654	636.4346
1060.3608	508.30215	1018.7845	551.7507
1081.9122	1121.9967	1081.9795	1099.9968
1393.0337	1137.2942	1410.0399	1135.3486
1446.2749	1028.9692	1446.783	1050.0294
1577.069	594.73413	1459.0569	599.43024
1909.0052	1067.0687	1907.488	1045.1045
1949.928	1065.5851	1962.9452	1064.9229
2098.9246	558.7781	2129.93	556.8645
2523.0422	456.1804	2418.0337	459.93872
2915.8684	971.6658	2848.4707	998.1959
181.04698	1279.4534	151.09634	1276.879
257.97842	1473.8955	331.00916	1472.4689
797.0181	1135.3738	782.05316	1136.0984
796.60425	1105.9994	796.63617	1085.9978
800.99133	1132.31	814.98914	1132.1343
875.03	1165.9219	764.9514	1169.5104
837.91016	1130.9121	849.9109	1129.9211
850.0832	1154.9982	850.123	1134.9983
873.0301	850.0973	858.0139	850.50867
874.0026	789.44305	859.9936	789.3776
1100.0806	797.8085	1065.0165	799.3707
1353.117	1644.0247	1371.9833	1554.5746
1596.9822	859.4362	1738.9668	854.94946
1636.0664	817.9949	1624.0531	818.7963
1653.0295	1102.2234	1665.0831	1100.6287
1667.3861	1043.0619	1666.541	1021.0176
1724.0706	1102.111	1708.0715	1103.1263
1970.0376	762.01965	1932.0155	763.4219
107.00225	1209.9243	78.96757	1209.0908
101.87031	1317.5851	180.00185	1323.9775
95.998795	1436.5317	175.00111	1436.594
265.98297	566.9992	267.1713	541.9607
257.91745	1510.3975	329.08917	1506.7307
429.02136	1653.7489	408.00323	1651.962
465.96957	486.96457	410.9583	488.581
616.72925	887.0156	616.98676	874.97833
615.9874	731.8651	635.101	730.0834
858.0264	1514.9836	748.0253	1517.9423
1166.0637	752.6407	1048.0087	757.22314
1736.0531	1135.2477	1622.9598	1140.0558
1723.0476	728.2213	1602.9961	732.8999
1714.0754	834.0413	1711.3046	772.03107
1727.9146	1125.0491	1724.5236	1049.9763
2208.0366	998.70734	2167.9368	1000.7768
2208.0442	1060.0215	2173.0664	1061.5361
2188.9465	746.0306	2226.9963	743.934
3042.9802	1393.385	3058.9958	1392.8689
115.16305	1009.0716	123.66109	871.0407
120.857445	1314.0848	123.92347	1283.0913
163.01408	1392.5337	118.02494	1391.1746
202.0119	1517.1934	227.0402	1515.6536
294.9201	1398.0975	297.58667	1372.9562
324.9556	1536.4231	289.93216	1539.1187
401.002	1466.2081	349.9874	1466.7035
416.16818	1561.0132	417.65567	1541.9731
473.00238	1284.4329	586.0013	1284.3218
682.25964	994.11456	597.4369	1013.87537
671.98694	794.8728	648.9224	797.2457
1080.0249	857.9845	1080.3108	839.9891
1361.5646	848.0026	1361.4415	781.00287
1405.4727	761.0123	1407.4883	847.01196
1419.1255	784.97076	1420.7091	845.98157
1636.2108	815.0213	1635.2122	778.02124
1601.9694	1424.2905	1718.0122	1419.2842
1670.7961	1128.0498	1667.651	1052.0558
1682.9478	1016.29486	1723.0021	1015.0686
1999.0706	991.6361	1875.0424	996.9837
2452.971	859.6969	2561.033	864.2085
2910.9722	1656.7107	2987.0007	1657.9529
3040.8218	702.6792	2951.6797	752.22296
106.519806	258.26865	180.23868	310.66418
176.76196	644.986	163.443	871.9673
367.50793	1462.044	368.9895	1444.9126
498.66272	1406.0378	499.86896	1384.9353
660.9997	1984.964	644.9928	1985.0913
681.97504	1406.5233	711.05194	1407.9115
682.9197	1348.8124	713.1188	1351.7993
773.78375	1164.0143	775.79736	1053.978
1177.0511	743.7861	1038.0505	747.76404
1113.5967	860.0	1113.595	775.0
1408.2495	492.20935	1365.4485	536.4341
1475.0475	1010.49347	1369.963	1013.836
1454.0146	804.4456	1443.0266	804.80743
1647.7225	1102.0138	1647.4856	1079.9948
1893.9685	1009.3719	1922.9457	1007.91766
2009.0453	981.06335	1865.0509	987.1962
2254.0337	697.99646	2109.03	702.8925
2290.0288	971.88525	2144.0525	976.61816
2565.0825	911.9108	2459.853	903.94196
89.94104	1516.6857	172.04497	1513.0026
97.98509	1396.5272	178.00594	1398.7903
153.98625	1546.726	107.951645	1549.0367
123.649765	854.04315	133.87346	699.9916
157.01666	1468.7692	113.99352	1469.7008
445.75638	910.2061	437.5237	940.4152
610.15204	1595.0167	623.99207	1592.9469
643.0795	577.0786	619.9106	578.7873
655.8923	807.36523	693.9834	800.9023
730.97565	1529.824	872.9769	1526.8857
1047.0687	1230.7803	1021.0068	1233.0769
1388.1116	1088.4619	1372.9708	1089.6179
1407.0939	1087.8248	1394.0255	1088.4968
1413.7896	558.9755	1414.6583	586.97955
1636.5099	834.99585	1636.6461	818.98846
2002.0237	1126.6046	1886.9259	1131.1068
1965.4049	1065.0808	1964.2909	1043.0865
2154.8274	816.0508	2154.4526	800.0128
2358.9124	443.0724	2333.946	445.42868
2488.9924	704.4816	2468.9814	704.1648
2493.0032	1562.6526	2459.9873	1562.3417
104.77554	789.74054	90.45796	882.07104
262.64557	636.9806	264.01297	612.00073
293.1258	764.7441	222.48053	730.02234
281.79208	1290.0448	282.86697	1271.0491
269.02438	1331.6592	338.1	1336.6028
337.00296	1572.4402	282.00113	1572.5535
382.2147	1565.0164	383.82156	1543.9863
508.00006	1565.8802	456.9991	1565.8558
555.9878	1523.5652	498.97656	1525.1641
714.07214	1283.2743	472.96893	1278.6038
818.0085	1083.2546	781.04974	1084.4891
853.0514	850.8197	840.97345	851.57684
874.9052	867.99176	874.3683	809.01483
1098.0665	615.3867	937.0534	623.11273
1085.0013	547.02606	1045.9517	549.08246
1348.0054	869.20917	1480.9938	865.75836
1408.9331	1053.0538	1408.3595	1031.0167
1736.0343	1000.89795	1613.0612	1005.5992
1628.9677	1044.262	1665.9404	1042.6405
1781.9966	515.9351	1744.9419	517.9094
1914.0288	764.1929	1876.0267	765.10986
1994.0334	707.9187	1851.0769	713.11487
1950.9933	1118.526	1989.014	1117.9863
2308.0225	1302.6477	2161.025	1307.7197
2412.0159	602.37024	2245.9792	609.51654
2629.046	411.14468	2648.446	389.5034
2672.0718	1288.4065	2633.8503	1295.152
2899.2324	780.42053	2827.9956	819.8008
136.00525	1430.5065	96.00977	1430.0809
139.05313	1430.0945	141.58623	1401.873
175.02573	1430.1274	138.97604	1430.9501
163.71011	875.9825	149.3092	1113.9583
331.0096	1433.5221	274.0126	1432.3743
307.4242	1565.0378	308.94476	1547.9951
433.4926	1417.0138	434.11188	1394.9751
468.79135	1311.7618	416.80984	1305.6055
462.05023	1518.4528	402.91345	1520.498
502.14307	1346.0038	502.61322	1327.9899
680.29785	1146.1245	594.49023	1168.851
1100.575	857.9989	1100.6776	817.9966
1277.6947	1580.8629	1287.2579	1559.5648
1436.0427	826.14923	1424.0222	826.5967
1476.5513	1022.02344	1477.0624	1010.0026
1607.963	1154.0262	1752.9434	1148.5106
1612.9921	851.7734	1721.0347	847.9912
1652.0111	435.23788	1639.944	435.80362
1704.0692	1076.6987	1689.911	1078.1011
1733.0217	718.575	1592.0721	723.9061
1724.0396	1049.9663	1686.0215	1051.5238
1928.0862	1095.2063	1914.0151	1096.212
2158.131	799.92676	2159.1672	815.92444
2475.0615	558.7485	2457.9307	560.154
2534.0173	600.26373	2432.9814	601.6404
3001.4678	1.6062407	2812.3994	209.45374
3026.9954	1418.8868	3070.0867	1417.1559
52.853832	1262.528	0.7566253	1257.5441
170.29288	1150.6788	0.7572398	1113.0951
105.99638	408.00555	20.690668	352.4752
134.75204	1509.0787	137.81087	1479.8755
148.59564	1276.0404	150.1587	1253.0107
170.04138	1507.2606	138.97638	1508.2804
170.71161	1317.0543	172.70245	1290.9773
171.08154	1145.0046	203.35132	579.9058
259.47964	698.02985	261.09985	672.0062
152.20511	1616.6876	301.07224	1598.5944
303.64282	871.2611	291.92505	944.9881
355.93494	1371.9414	406.04114	1375.405
410.44928	489.01764	411.47125	462.97925
520.99994	1355.0214	499.9968	1354.9504
1155.049	796.11957	1119.0304	797.6942
1615.6951	838.01245	1612.2251	752.95
1633.0947	797.4108	1623.006	798.0882
1658.682	836.05524	1656.1244	775.0367
2109.492	458.80002	2057.0745	524.672
2515.0295	473.37152	2430.026	475.20068
2940.1926	1161.8698	2853.252	1181.1365
103.83057	1277.5537	181.9916	1286.077
296.9732	1610.7908	195.83995	1623.7511
432.0747	2013.5527	413.9994	2015.9954
778.4278	874.02313	779.836	786.9974
1082.081	1147.0005	1082.0698	1126.0005
1103.0178	1099.2361	1085.0071	1099.4952
1134.0156	834.9583	1134.6517	819.9429
1733.9176	583.6676	1793.0626	580.01227
1984.0474	1067.211	1970.0297	1067.759
2464.9756	485.94598	2446.0088	486.38443
2540.9998	758.51685	2455.999	758.45746
2527.039	703.81573	2507.987	704.7294
2614.9478	614.94196	2571.772	653.85645
2623.8	743.7324	2583.5852	773.783
2936.1936	1176.877	2862.799	1193.0907
142.10326	1023.6853	1.130906	976.60803
277.5026	1362.0378	279.39163	1336.9542
313.19574	1432.0143	314.65094	1412.0475
330.76096	427.33847	359.53482	447.65872
358.99078	1305.0735	407.84793	1311.2107
442.4021	1144.0117	443.0755	1121.0022
496.00024	1405.4922	470.00027	1405.479
508.95917	1221.8975	568.988	1219.6747
601.2733	1318.006	601.7539	1295.9946
628.5047	933.05255	630.603	872.95123
866.0161	1358.0828	745.99805	1359.8701
820.57733	800.99567	820.7616	782.9873
1035.9985	883.96844	1140.0061	879.1313
1463.0149	1086.0837	1450.0037	1086.2626
1906.7594	1032.0453	1906.0287	1012.03546
2298.0413	1312.1118	2171.9927	1316.8007
2556.0608	921.18463	2462.9827	914.23315
2958.5398	316.47983	2987.15	291.1695
283.5174	887.14154	216.99261	859.01746
276.63	605.0208	278.5162	547.984
612.5442	1040.0153	612.90936	1026.9695
748.9828	1183.4685	889.99677	1178.9006
815.013	1135.1659	799.00385	1135.3442
841.9995	848.02637	853.014	848.22485
965.00793	555.4261	938.0173	555.928
1049.7312	605.9968	1049.57	568.99316
1378.012	1644.281	1354.0132	1645.308
1426.7041	587.0077	1425.8967	556.02875
1647.019	1077.0448	1646.0609	1056.0428
1745.06	990.58624	1602.9988	995.9674
1758.9896	474.99026	1715.2898	521.2736
2280.0476	982.40906	2154.9878	986.6387
2387.9915	1527.7838	2128.0012	1538.0312
2463.041	1323.3175	2393.0156	1325.5007
2793.897	822.5714	2731.6333	858.1096
3031.8135	228.79715	3068.2705	195.29448
98.78316	658.4587	0.5249034	612.00494
256.00974	1527.1556	173.95552	1532.2891
257.92676	727.9958	259.4166	702.0239
402.04044	1581.3658	348.9156	1587.2361
402.10327	1597.7731	357.95605	1603.6709
624.80597	596.00946	624.9118	586.98724
659.7336	1239.0577	639.2409	1244.8519
666.8926	925.99774	668.1648	865.9611
820.52655	829.99567	820.69165	811.988
857.01105	1130.0492	871.00916	1130.2118
1083.0385	1099.441	1068.065	1100.7458
1059.9136	1040.2037	1099.0155	1038.3212
1102.441	1061.9954	1102.6053	1041.9885
1425.2603	1029.9441	1426.1473	1049.9491
1460.865	759.023	1462.5079	840.0303
1659.1136	750.0323	1662.2437	836.0275
2116.9707	839.25745	2260.9443	833.58435
2152.9626	774.1018	2151.495	759.14764
2377.0264	1520.809	2125.002	1529.0603
2265.0388	996.8571	2225.9377	998.6236
2498.6208	289.90326	2392.8179	326.47287
2501.0068	845.7955	2481.9949	845.1506
2481.411	177.26787	2505.4993	140.32562
2575.9548	203.22601	2592.0168	202.28708
3059.8535	916.6119	2974.6584	948.7458
47.172115	623.9414	49.284946	594.09094
130.97014	1508.4105	91.96892	1510.3865
148.06564	1276.4764	104.12939	1270.968
182.83028	555.9088	176.43561	637.956
274.723	1431.0773	275.75906	1407.9891
288.40677	1538.178	291.59793	1512.9491
302.94055	599.99615	307.1339	534.94415
329.00085	1467.0375	292.97388	1467.8699
432.70694	1445.9952	433.08087	1422.9689
422.00095	1508.8855	440.00092	1508.8663
783.763	811.02966	782.73645	872.0124
912.9883	598.6991	960.0337	596.8634
1373.9664	1085.7743	1386.984	1085.4175
1704.9822	1099.064	1703.5978	1077.0253
1874.5771	823.9707	1870.4153	741.9282
1911.0027	1096.181	1895.006	1096.4133
2070.9973	606.89404	2053.9832	607.30963
2354.0288	416.48642	2323.8977	418.27643
2437.0046	2034.164	2464.9822	2033.3721
2703.9	327.0025	2736.7493	290.77264
2987.012	1617.3025	3033.019	1615.4777
132.3862	1028.8724	1.3544228	985.9188
143.54616	1353.1653	146.56113	1324.9531
230.30093	858.13934	236.31796	845.1473
299.45636	758.09454	224.1527	720.69257
388.00015	1368.9941	357.02484	1368.1196
399.48093	1648.0355	403.1106	1598.9342
432.03897	1585.2737	475.1615	1579.1344
500.01593	1346.838	478.92484	1344.7645
683.862	1320.0684	715.11554	1324.1057
876.01935	1347.9174	735.01874	1350.889
784.0613	784.96545	784.3635	803.0107
834.01154	1158.2074	871.0081	1156.1455
892.94354	1614.9672	996.12726	1609.3293
1671.4584	835.0671	1667.754	749.96716
1929.1697	1034.0443	1927.9406	1011.0032
2189.9336	723.78015	2222.999	721.9805
2229.058	753.1241	2190.0586	755.1361
2584.1091	1309.4402	2565.053	1305.7275
2793.4402	836.7762	2736.911	868.843
82.63572	807.9528	0.75260913	776.6471
106.73464	1549.1577	109.39039	1519.9446
209.21509	343.15067	211.80156	305.12253
244.377	925.97296	245.50581	899.93524
253.82059	1296.7257	194.83438	1290.5929
261.1405	667.9579	262.41193	642.0202
264.34518	597.95557	266.11072	571.93964
289.03085	1467.0548	261.96625	1467.8464
624.8629	1097.4304	605.04785	1102.1989
644.00183	1015.0099	660.1863	1012.0024
676.29333	1407.8251	588.69885	1438.9658
994.99243	570.74054	983.97266	571.0622
1685.9407	1041.9276	1703.9409	1040.9321
1707.2755	1076.9156	1708.7892	1099.8157
1724.1432	1041.0459	1722.9603	1018.9486
1797.9719	1518.3145	1773.9303	1519.3008
1909.6761	1092.0181	1909.3887	1071.0084
2284.018	1117.5355	2172.9753	1121.2686
2868.8335	384.81433	2798.7212	447.68906
2844.574	1017.5303	2928.4072	986.08575
3006.4045	454.203	2926.6143	513.822
3071.0894	1559.0736	3031.0364	1557.2169
111.64822	1469.1512	114.15509	1441.8307
140.04413	1353.0121	101.03262	1351.2695
334.05695	1180.7079	299.21106	1173.917
349.00217	1593.0216	428.00558	1585.0553
357.87204	1338.6127	406.1237	1342.4414
608.0945	1023.46155	621.16113	1020.7873
675.3404	1308.0658	588.2773	1335.8684
820.5596	870.0005	820.5908	831.99884
809.0088	535.15106	837.03046	533.52484
843.0115	542.619	824.99915	542.95355
893.32874	888.9942	894.481	754.98694
1063.1697	799.9933	1063.5204	860.997
1121.0314	1013.5926	1037.0026	1018.04895
1371.0074	1028.2233	1404.0374	1027.1212
1395.8317	589.92816	1394.4205	553.9443
1890.9861	1034.5331	1927.9535	1033.4355
1933.2737	1119.0349	1929.6145	1043.0186
2226.9954	1002.8447	2261.0247	1001.8205
2263.9934	1433.5225	2282.0032	1433.7474
2364.992	295.66507	2319.8975	362.93127
2410.9524	1357.3612	2440.015	1356.5165
2441.8135	203.77777	2437.4485	227.084
2517.0386	1007.7696	2494.987	1004.07697
2808.8928	448.88153	2831.984	427.9821
2880.0493	549.0662	2816.5645	596.4159
2877.0037	2022.9291	2846.9812	2021.3583
113.00009	1390.0496	97.99824	1390.0782
116.91161	1391.0686	119.10432	1361.9326
191.89154	1283.08	261.78912	1290.0996
328.01996	1501.5449	313.96555	1502.06
405.0305	1337.6227	374.98416	1335.1963
363.84155	1208.8989	398.8125	1215.0637
448.04437	1572.0381	449.2123	1540.0077
460.92804	1320.6074	417.82214	1315.5015
455.9202	827.9961	456.99243	805.99963
458.64563	775.99744	458.79877	754.9913
658.91205	578.8905	672.0672	577.8477
662.62415	1080.9911	664.19684	1014.98083
769.97687	885.30505	876.0257	881.77155
819.0127	783.36523	803.9961	783.8877
779.024	1160.3871	816.00604	1158.0973
1454.98	825.4162	1443.0283	825.82635
1985.4591	1031.0366	1983.966	1009.0023
2520.0122	628.0183	2495.9912	627.7224
2880.008	1544.3009	2832.9912	1543.7607
2918.0566	1303.3678	2938.0447	1300.2897
2990.458	276.4012	2907.5232	351.47333
2971.6223	969.9587	3069.5273	934.45447
60.87292	712.0004	19.835766	694.0855
223.5418	1601.0405	227.13684	1552.9355
298.90247	1327.0646	300.55493	1303.9681
270.89777	1252.6921	340.01453	1262.9017
431.55334	1472.9904	432.00476	1451.9786
632.3513	792.98	634.17236	733.9745
656.0114	1431.558	632.001	1432.0487
799.432	868.989	799.723	853.9752
871.0514	1129.0011	871.4957	1107.9894
1329.1188	1115.0197	1332.2655	1096.0441
1390.8134	1031.9229	1391.624	1050.9734
1692.9961	833.06024	1692.0919	817.9945
1716.2865	520.9674	1714.463	560.8841
1705.9707	1041.4323	1722.9258	1040.5588
1873.0259	841.75494	1982.035	838.02234
2177.2632	817.11414	2173.1892	755.119
2256.0046	1351.2118	2276.0168	1350.7784
2340.7517	365.83356	2379.972	307.31107
2505.013	484.6746	2482.9956	484.4584
2764.3245	478.34872	2708.4104	530.36615
2811.76	1012.3733	2751.421	1035.4882
2904.2144	1191.0193	2931.0781	1185.3712
91.84781	664.32605	0.6485668	621.7528
104.8829	1242.8112	188.02689	1254.8137
177.60223	1605.1354	181.76163	1555.8954
214.60806	1603.1127	215.66856	1587.9768
237.83647	818.9508	232.37166	837.1118
337.25864	1199.499	292.38486	1191.7666
566.045	1584.7719	486.96396	1589.3815
568.6359	985.9795	570.49695	952.9716
611.5155	1074.9901	611.7999	1060.9756
636.26697	642.9794	637.9015	584.96906
638.9018	1165.5314	660.98016	1160.9053
802.0051	784.2761	785.01105	784.5927
833.7358	1082.014	833.11945	1158.009
1364.7568	786.9942	1365.2234	847.9983
1407.9974	1113.8904	1394.0289	1114.2214
1356.0027	862.0865	1464.0221	858.708
1911.0007	1117.0348	1910.3365	1097.9883
1986.0664	1093.0105	1971.0654	1093.9958
2452.0146	489.27182	2468.001	489.08835
2712.1277	882.2247	2662.622	910.3345
2693.9216	690.8956	2648.6401	724.8537
2773.0037	1411.1132	2721.0232	1412.743
33.925102	1209.5153	58.140255	1213.0352
161.11906	1469.162	163.20029	1441.9388
212.05545	1244.4445	194.03532	1242.646
265.78854	1596.1093	268.48825	1551.9077
338.0118	1297.9062	283.98672	1291.1055
350.74725	1405.078	387.47266	582.8871
486.1296	1591.009	482.58832	1642.1101
710.0459	1290.0392	471.962	1287.2817
562.5834	1207.0173	568.7973	997.99396
624.4417	1090.0116	626.16925	1023.95215
1081.7329	1062.0386	1081.1548	1043.0258
1408.0522	1061.1696	1371.9901	1062.7787
1648.9875	1104.8453	1633.9241	1106.0553
2190.2837	756.91534	2194.115	814.99243
2528.0088	616.793	2444.0193	617.7266
2510.9985	772.5796	2533.9983	772.5
2645.3118	919.53467	2601.4773	945.10406
2775.8054	627.7466	2723.2969	668.0849
2945.4192	745.9502	3045.3623	690.65497
0.91799253	1176.6079	17.161985	1178.7992
49.35704	589.02637	51.570473	559.0421
229.57916	1246.9581	231.37968	1228.839
390.96155	1303.4728	361.90976	1301.1091
443.486	1116.9856	444.10544	1094.9468
444.69257	1088.9974	444.87466	1066.999
499.99115	1227.4845	557.00867	1226.5066
611.06616	238.0398	569.09875	281.0716
816.8438	1073.8585	820.88214	1040.8632
1060.7341	1151.003	1060.4738	1045.0038
1153.991	1096.732	1125.0238	1097.7073
1856.9716	849.017	1999.9678	844.8844
2194.9436	1352.8896	2216.9883	1351.7712
2227.8257	743.04535	2227.167	725.9935
2353.2324	376.46857	2390.9575	321.97058
2508.031	273.10068	2382.8647	311.56012
2506.0505	1071.6401	2470.9001	1066.7129
2505.0105	631.0108	2520.0088	630.85657
2683.03	553.0332	2635.1892	596.3144
2918.977	351.97415	2949.7856	324.75735
28.520102	663.90985	14.395483	657.1711
268.08746	1265.3171	339.07553	1274.4103
403.99963	1434.0282	391.0018	1433.861
423.98618	1532.7416	407.97852	1533.5983
464.95105	833.99817	468.7039	732.95184
570.0745	951.0023	576.21967	756.0069
816.32227	1105.9525	817.8617	1083.9904
875.02655	808.0005	837.0268	809.00977
1426.9369	1082.9827	1427.861	1133.0026
1591.699	724.009	1595.7272	859.0081
1648.5637	1021.92285	1649.5995	1042.9211
1706.3307	1052.9161	1707.6567	1073.9586
1926.0061	1011.2878	1908.0017	1011.37274
1930.2196	806.9877	1927.8627	764.9516
1989.0005	575.01263	1911.9915	577.7606
1990.3502	1116.095	1986.0256	1040.9985
1872.9805	1144.4446	2016.9785	1139.3878
2491.051	768.8238	2471.9568	767.9942
2530.9575	933.5756	2552.064	935.1323
2868.0515	1532.2986	2842.9836	1531.5385
402.18845	1651.823	383.9974	1655.9886
429.76108	1502.9888	430.83884	1479.9457
460.8449	714.99786	461.12344	694.9878
469.33514	409.4662	502.6518	385.51566
585.9401	1625.6055	558.0345	1626.8035
746.13684	1990.712	725.92255	1994.5969
779.16815	1084.0068	778.72687	1160.01
795.4778	1156.0077	795.7997	1135.9807
871.2059	1070.9674	872.06836	1049.9618
1082.9943	1124.9374	1069.0201	1126.219
1048.966	874.917	1127.0145	872.4626
1482.3163	865.016	1479.1348	729.02026
1575.968	1353.7898	1536.9565	1359.7137
2142.0798	559.1579	2093.0374	562.5423
2192.0337	1108.0828	2191.2297	1088.9904
2233.5278	814.1039	2229.2236	753.1254
2272.6643	1108.1029	2266.8047	1032.015
2828.0015	1423.4802	2865.0012	1423.5796
0.90226287	1562.8474	35.080486	1559.9491
89.07368	1153.6943	0.8928935	1132.4445
20.476675	356.80515	103.95757	411.06528
178.03214	1355.4314	147.01819	1353.6783
297.59338	542.2082	240.73355	505.98813
270.33087	1505.0295	272.666	1478.8809
269.71875	734.9857	275.67123	617.93243
414.99283	2039.5991	448.99985	2038.9907
485.00522	1579.2467	572.0086	1577.408
650.88715	1031.0264	651.245	1018.9776
673.5352	638.9894	674.8375	581.97345
717.2576	1238.8391	694.2798	1233.7393
1445.7145	1134.0208	1445.3741	1112.9939
1963.2795	1030.1168	1961.9181	1010.0735
2298.0098	544.1954	2330.9773	542.54456
2429.0215	577.3363	2521.0276	571.4295
2502.6284	162.62662	2513.2253	135.08672
2440.9856	718.65814	2547.0225	720.9616
2685.2913	538.31836	2629.462	589.412
10.052784	1221.673	0.87394464	1222.393
141.42424	1134.4827	1.0185523	1101.92
107.96031	1469.296	93.94847	1470.0858
193.69867	527.0543	195.18477	507.9366
234.74031	690.9881	233.54677	717.0251
254.78487	962.99036	257.48007	902.93176
332.08466	1251.5222	253.88268	1237.662
292.05963	1195.6576	335.9474	1203.302
360.75845	1265.7074	410.1839	1272.7001
406.36325	1600.0981	403.77408	1636.0558
659.40533	290.4934	622.0968	236.70744
783.0001	580.0077	762.0037	580.28253
832.2304	872.0164	833.3913	784.9785
837.035	809.9959	837.27136	869.995
1002.01666	1343.4622	907.0318	1346.8823
1128.0432	1022.7644	1047.0757	1027.3387
1102.0051	1073.4689	1085.9873	1073.3135
1102.3381	1096.0065	1102.7601	1073.9762
1286.9651	956.9709	1270.6206	976.5189
1347.747	742.97675	1348.8073	777.0371
1423.5731	1097.025	1423.2743	1079.9952
1566.0303	1551.4006	1644.0371	1549.7117
1672.6614	774.97144	1675.2941	835.94415
1705.0453	1019.9274	1705.7577	1040.0085
1753.2477	1148.9874	1745.2517	991.0379
1803.9955	551.9998	1805.7406	514.9407
1927.0382	1069.5374	1914.0215	1069.8613
1966.7861	1090.0468	1965.9764	1069.0009
1968.0978	1115.0677	1967.3834	1095.022
1986.0591	1039.8474	1947.0394	1042.5654
2232.997	1109.3826	2274.9912	1109.1807
2295.992	532.5348	2322.019	532.07745
2458.978	205.95361	2446.465	211.86823
2859.7905	1186.0986	2937.9822	1167.9229
41.806526	1275.4624	0.731651	1270.0284
157.22305	1547.1752	159.44662	1518.9564
266.55408	801.6204	235.70992	789.2324
398.2871	1215.9629	396.14478	1257.0597
440.97446	1506.1791	422.99185	1506.7384
489.0518	852.8194	435.92984	825.13464
480.19476	1216.0991	505.11118	1221.4857
494.15152	1525.052	495.05856	1504.9575
705.1347	1453.1068	688.8689	1468.8646
716.4815	1224.968	726.7639	736.91077
1177.2473	832.99927	1176.9823	743.003
1366.197	537.20056	1373.6755	557.7542
1777.9733	573.0012	1776.2147	534.99005
1913.025	1070.9364	1913.6871	1092.0099
2267.0059	1031.1171	2227.055	1033.1056
2153.9683	1134.8925	2300.9907	1130.6758
2468.9607	1415.432	2400.9534	1417.1375
2616.0195	602.0214	2573.222	641.24225
2766.5752	462.5449	2702.9102	521.975
2870.9258	367.9187	2791.0146	440.92136
2993.9187	258.79672	2898.6064	344.4492
2996.0776	1944.3969	3065.013	1947.7333
27.352528	934.87103	29.693008	904.97595
180.65	550.5597	146.76802	529.371
233.22572	488.0687	219.83557	726.9908
317.11987	1363.0354	317.8185	1340.9626
400.9913	1942.9648	419.3507	1938.4153
479.1236	953.02295	482.09335	937.01733
612.09296	1379.3014	593.0539	1385.1748
609.75195	722.9228	611.60315	764.9294
620.83185	746.998	620.8506	735.99805
833.77155	1051.9966	833.87067	1074.0006
1117.4191	797.99603	1117.5906	858.99835
1388.5499	1111.0049	1388.7526	1087.989
1462.1681	572.5618	1453.7773	531.045
1487.3048	1076.0594	1491.0575	1056.8162
1683.0912	1018.9948	1684.4089	1042.0338
1684.6257	1050.924	1688.2272	1127.9426
2132.956	748.0689	2170.9658	746.2772
2654.912	1072.7891	2615.6472	1089.1537
186.93195	1235.4479	106.95527	1223.2944
241.01608	1097.9447	247.75671	977.9302
310.7874	1501.0459	312.13464	1477.9495
1065.3907	600.0047	1065.1984	574.9985
1077.7578	1195.6957	1067.126	1204.1582
1155.5037	856.01965	1154.9502	842.04156
1624.008	1145.24	1735.0511	1141.5342
1719.9945	1423.8679	1606.941	1428.5885
2150.8398	745.0557	2150.0706	729.0446
2469.032	1313.0544	2383.0203	1315.6677
2490.045	229.03796	2488.6921	195.01224
2514.1033	1338.3539	2544.9546	1343.284
2467.8542	1018.30756	2564.9846	1029.1384
3043.6394	685.1393	2941.653	742.3817
38.999603	1539.9943	0.9050291	1542.6245
172.76414	1603.2036	0.96836895	1625.759
235.00609	1379.8628	188.96367	1377.8182
221.52872	804.26355	212.55006	822.2773
329.05457	1665.3431	303.97842	1663.2596
336.0407	1203.9507	333.72397	1248.9858
415.00583	410.10263	308.95038	416.12662
390.97336	1368.071	392.4424	1347.9592
395.14172	432.80798	416.38074	448.48416
407.44547	1634.1045	410.05975	1597.932
421.9908	1310.0793	465.10815	1315.0645
655.8397	1365.4397	632.9932	1371.9763
666.2491	1295.7756	712.12177	1300.9125
1083.4191	821.0001	1083.4099	859.00037
1338.0438	733.0168	1340.4327	868.9924
1360.6814	779.97296	1360.1249	765.9553
1617.1436	775.9521	1619.7433	837.9689
1705.7811	1125.0361	1705.1284	1103.0259
2190.657	1083.0931	2189.1987	1062.0555
2369.1824	557.5887	2379.147	537.57526
2823.0164	1403.3605	2853.0	1402.0016
54.00305	521.0002	55.798824	491.04788
186.05608	460.11722	134.03474	430.93808
614.03577	571.9274	615.35284	627.0155
616.6396	630.99243	616.3864	643.0292
662.10376	595.00287	662.4053	583.9837
752.323	1029.0066	749.16644	1183.0034
779.5907	1053.967	780.0683	1076.9778
1064.4535	1073.9872	1065.1255	1149.99
1384.9834	786.98224	1385.2902	803.97675
1631.9752	1128.9589	1669.9775	1128.0553
1683.7812	1123.0092	1680.7509	1051.0105
1739.5643	855.02014	1733.2812	719.0332
1890.9792	1136.4231	1999.0192	1132.5333
2107.004	1578.0881	2137.0034	1578.2202
2461.9087	199.99728	2460.6611	242.01962
2549.1167	1254.3652	2491.8464	1243.8356
2792.5942	855.3516	2781.9907	861.98535
2823.545	814.1749	2900.005	772.00885
156.46616	1170.9706	153.76654	1219.9872
329.14502	641.00714	303.3564	1165.0176
333.58167	1170.0282	360.44528	615.77924
370.99042	1400.0999	373.11734	1379.0118
417.323	1505.0154	421.31348	1420.9674
445.56476	1060.99	446.04776	1040.0011
446.74945	1026.9989	446.8425	1004.9951
497.01605	1964.2582	482.01193	1965.1917
600.62024	1017.77277	604.11646	1042.7032
604.72534	1079.9586	604.30035	1093.0422
623.0439	1614.3306	610.99066	1615.9298
884.39594	1452.027	886.45105	1421.8944
1413.3588	1082.0007	1413.3894	1108.9984
1495.2814	1157.0236	1493.2695	1181.0226
1483.9274	1458.0631	1537.9133	1453.8807
1479.1162	1468.7395	1563.0486	1473.056
1680.5703	1044.0155	1679.8102	1023.0069
2131.044	556.998	2129.31	519.0315
2133.773	757.88025	2137.7666	817.01575
2206.7664	743.07227	2205.8252	727.01025
2520.8015	1239.0056	2485.7844	1232.0912
3037.1946	725.34503	3011.4814	739.8533
0.8478928	1098.6687	149.22272	1132.4172
125.93555	1106.2361	1.2231466	1072.1827
212.92694	1509.0997	214.28256	1482.9111
444.73883	823.9876	449.6698	719.9843
464.7227	505.97336	466.46283	487.8524
594.98114	1402.0005	595.36505	1416.9906
609.2055	922.93604	608.1466	936.0923
629.0825	940.374	609.91235	944.60266
629.5507	1464.0305	630.9384	1438.9966
715.7799	1224.332	697.9638	1219.1238
757.36536	759.9868	754.6069	893.0333
757.9761	1988.6115	785.0581	1986.9426
888.5206	1474.0042	887.8053	1564.0063
956.9981	598.94574	912.9822	600.4933
999.43243	1598.9978	998.67377	1453.0017
1019.5317	552.334	1034.6517	573.5352
1425.9836	1051.2618	1441.9979	1050.9081
1447.4037	1060.9623	1448.6952	1109.0082
1946.245	1042.9275	1950.6128	1117.9644
2214.498	1110.0978	2209.5435	1033.9646
2250.5251	1107.11	2249.0251	1086.9982
2441.0261	1359.7256	2407.9968	1360.9097
2483.7446	209.41678	2471.4707	214.79129
2752.987	1218.9371	2706.6921	1228.5112
1.2359807	981.28644	139.65639	1027.0629
234.84735	967.1128	226.97102	1096.1204
306.614	534.61237	239.454	492.27972
298.70258	1180.4015	330.94812	1187.2445
396.8348	1193.7726	366.71503	1187.3329
434.88818	1380.9965	435.60928	1357.9564
451.8603	1147.0271	455.16888	1041.9739
459.78125	809.0358	458.8207	829.99176
534.9395	1297.9987	534.48285	1318.011
611.1987	1092.0005	611.2287	1078.9982
612.7664	781.9536	612.274	795.0479
619.91284	778.00104	619.9252	766.9988
602.9674	1295.1208	661.00555	1296.8098
745.19226	348.94913	691.37665	292.64
1137.6855	1145.0325	1137.1418	1123.0212
1158.5259	794.00336	1158.7255	822.00195
1265.9333	1143.9968	1265.7924	1102.9973
1468.082	1138.0957	1417.0037	1140.0942
1693.3324	773.9192	1695.6428	812.02167
1973.6678	822.0192	1970.2571	763.04297
2143.433	977.9082	2153.4336	1134.0363
2184.2917	714.7356	2190.4263	744.70807
2330.9956	1991.8234	2361.0	1991.9817
2532.7427	517.7134	2505.7563	545.8053
2533.9956	1565.2129	2612.0032	1566.8491
2899.2688	765.4833	2818.7224	810.2983
25.015715	971.074	27.205257	941.01495
0.84054875	1261.7539	49.979885	1266.2212
129.89972	1602.1238	132.71542	1558.9163
276.17654	895.97076	219.46698	872.2757
242.95642	957.9556	244.10014	931.04675
220.33257	733.32385	290.57092	767.8723
237.8755	495.19656	303.5125	536.76965
331.99948	1606.9954	311.91748	1609.2722
421.04318	1420.0648	422.72888	1392.921
637.9182	734.0179	636.67053	798.01306
641.86017	586.05524	640.10944	645.03296
653.80896	571.9942	652.65045	610.01984
654.0421	627.95013	653.4108	640.0735
734.4007	556.03754	736.7844	467.0478
1324.907	1348.1113	1412.207	1338.9784
1415.987	1337.1019	1526.9886	1336.344
1710.3552	763.0114	1710.7737	749.9607
1710.0266	1126.4095	1726.9551	1125.3085
1917.5829	740.06714	1921.7509	828.0118
1889.9498	536.3233	1927.0424	533.56995
1983.0275	1008.7555	1966.0499	1009.3727
2188.8691	1057.0835	2187.3892	1037.0452
2064.971	646.271	2412.9758	632.3928
2642.9656	908.94226	2598.0515	935.761
2753.9927	1426.1451	2781.9993	1425.9087
20.839108	698.3879	56.009357	712.9774
89.02876	1050.1898	85.71885	1068.1326
274.42166	1103.9688	286.20276	885.9569
432.78644	455.08987	414.7035	412.1248
485.93	357.57672	434.13797	396.5137
486.0017	1857.0662	511.95847	1856.3947
612.069	1057.0021	612.45514	1043.9839
616.14056	903.0052	616.58527	890.9847
618.7711	146.92123	616.77606	178.04974
693.7398	1237.1865	716.94	1242.2736
850.71265	1130.0027	850.5162	1109.0045
857.56384	810.97784	857.31616	827.0203
931.0186	1442.4706	986.0118	1440.2976
1051.9285	1554.254	1019.94116	1555.5641
1065.9633	1064.9878	1101.9884	1063.6796
1115.8837	1147.9926	1114.9946	1042.0
1364.8989	1434.9292	1374.764	1420.8348
1560.005	1476.7765	1476.989	1477.3167
1602.0101	996.96436	1607.5172	1153.0171
1626.6201	1021.9073	1627.9381	1044.9463
1628.1731	1053.9543	1631.1272	1129.9562
1744.2684	576.17725	1741.9252	540.06976
1930.0034	1042.1407	1890.003	1043.1249
2155.36	758.87354	2156.7686	774.02155
2230.023	1309.5912	2291.0088	1307.2273
2727.5952	1044.9537	2678.3853	1063.9956
2831.007	2038.4608	2873.013	2039.0211
2896.2454	1201.424	2880.037	1204.2155
0.42658648	617.2322	95.346115	661.4051
234.65175	1139.9819	233.76445	1157.0398
259.01025	973.9712	214.58136	958.1777
346.63077	1466.0543	351.3812	1410.8607
436.42575	896.1671	427.40613	913.21484
638.6425	1222.9526	638.18585	1236.0414
650.3651	777.94196	649.2608	790.02386
654.9234	879.0165	655.12006	867.9843
1402.0902	777.00586	1402.1598	763.9955
1659.8667	743.9825	1660.9325	735.8599
1745.309	535.97473	1748.5836	576.03406
1843.9576	1353.0668	1858.5724	1581.0916
1911.1813	1044.9072	1912.8386	1066.0127
2839.1104	822.20374	2860.7263	810.4946
2843.9023	417.8923	2864.3354	399.37018
2872.92	803.85474	2894.1035	792.18787
2931.993	1193.9644	2915.0715	1197.3568
2922.1777	538.8865	3021.6013	465.46014
20.005547	697.03094	0.7286364	700.48596
51.71441	554.9806	53.750057	525.051
222.72792	725.55914	295.129	760.79
336.12134	1266.0978	270.95523	1257.3329
297.82306	1187.9883	328.90112	1193.5524
439.21698	1504.0538	444.1342	1392.9617
455.23587	725.01013	450.82013	827.9923
459.5055	748.98883	459.95822	728.999
505.00537	1645.4106	483.0057	1645.4945
531.5608	1352.9939	531.8216	1376.9911
605.6775	863.9126	607.0178	904.9668
616.079	919.01825	615.86053	907.983
615.117	1408.0038	615.98016	1380.9674
633.492	281.8336	637.1044	335.92624
642.7398	1070.9565	642.2879	1084.0444
646.7227	866.97577	645.4074	882.0356
737.077	556.88416	739.1545	629.9956
735.9719	467.0278	774.06195	431.00803
725.9297	702.4471	1247.0388	678.858
891.2335	1179.001	891.85754	1023.9954
1083.7316	567.99896	1083.5952	604.00226
1136.5514	1057.0219	1135.8657	1042.9578
1348.7295	815.01636	1350.4233	843.03485
1418.3878	1254.3599	1383.1194	1264.4185
1488.5172	1051.0295	1486.6207	1020.0232
1917.5804	824.9721	1914.6493	764.01685
2009.8875	1887.2697	2034.0521	1889.4114
2153.8188	795.048	2153.1672	778.9932
2418.006	580.4996	2397.9968	580.2602
2764.1309	500.1368	2749.8076	513.8438
28.929092	887.0754	26.807852	856.9431
72.999	450.99997	74.34785	420.9259
131.3221	529.01935	102.60011	1006.97595
259.7964	535.03436	257.16766	596.0072
375.06436	1333.0374	375.7676	1312.9918
455.2717	1031.0094	457.03427	980.00116
641.2224	798.0107	642.47424	771.97473
744.9931	1354.5571	797.9958	1353.7294
803.2871	854.023	803.00073	870.03577
993.0179	1353.7244	918.98895	1355.5526
964.56866	1430.0131	965.44244	1391.9872
1068.9281	1122.8317	1081.9403	1122.0305
1087.9884	1469.917	1095.9717	1468.7976
1103.8857	1148.003	1103.3856	1129.0162
1385.9979	1052.5304	1405.0056	1052.6064
1394.947	1085.1622	1407.0251	1084.3978
1715.2084	770.9916	1717.7565	834.0098
2001.0013	845.05206	1993.9126	709.0046
2115.3894	408.94275	2113.5977	428.05603
2132.1362	727.905	2133.803	747.8493
2169.7146	1036.8816	2174.822	1110.8743
2209.054	1033.1956	2169.998	1034.9567
2231.3032	1086.906	2232.8254	1108.0126
2252.9363	1086.827	2254.732	1106.9346
2759.98	1942.228	2744.9207	1940.8986
126.73038	456.55878	168.20662	476.57178
159.02553	1220.0286	160.27946	1175.0078
173.04604	1177.9468	170.5846	1222.0884
278.52594	1118.727	202.58168	1097.8809
384.5937	1499.1083	386.0946	1477.0065
428.8183	1392.9915	423.57333	1505.0269
444.32507	1383.0542	446.53702	1328.9811
624.14026	628.0393	623.63446	616.971
661.7787	610.01587	661.62225	597.9919
804.4492	785.9992	804.42773	801.002
873.00604	1427.0021	885.3868	1391.4384
1067.8661	574.96704	1068.8196	600.0069
1429.7113	553.0304	1430.5599	589.03394
1589.1819	1473.7225	1544.9396	1467.4243
2172.6526	746.0288	2171.2307	728.8978
2437.6064	228.99684	2437.4138	253.00333
2712.7727	868.6077	2654.284	902.49005
3048.6904	1158.5836	3018.8064	1165.1136
40.427654	977.02734	44.78227	908.9861
117.03606	1312.337	102.968895	1311.5719
158.01315	1440.4756	117.98846	1441.5828
256.14383	606.05585	250.28915	726.0141
448.07294	997.99835	447.69293	981.0069
529.985	1724.6852	587.99603	1721.9172
774.8537	430.9966	734.9224	385.06744
816.73553	1157.0049	816.5552	1110.0017
1676.0055	1559.0869	1619.9767	1562.6313
2031.9894	1916.8214	2056.0232	1915.3905
2464.7302	215.14175	2469.8848	188.58937
2570.9993	1090.0059	2484.876	1078.9674
2949.0815	338.09256	2927.2136	357.37637
12.309824	666.479	27.693172	673.65753
61.900875	631.9939	70.09611	498.94434
218.14815	1410.0073	219.48058	1382.9253
254.9216	800.59235	223.984	801.30414
340.01526	1258.9022	273.90933	1248.5808
431.224	1142.0494	435.54996	1034.9414
457.01715	802.00085	458.02676	781.0013
527.7031	1472.0239	526.8855	1496.0302
734.66113	1351.9939	731.4947	1529.0267
1064.9266	1285.9042	1051.4199	1296.2421
1169.1523	1000.02136	1172.0969	979.0136
1200.6455	1119.7644	1191.436	1133.6252
1391.3986	1063.0613	1392.2751	1085.9895
1889.4039	1044.9186	1893.702	1119.0173
2018.4658	1139.0929	2008.9485	982.0031
2156.8528	778.9491	2157.8118	795.0112
2174.9827	1111.1755	2212.987	1110.3801
2349.9412	1351.0027	2363.9512	1350.1747
2764.2988	870.4578	2751.5205	878.79767
2872.013	2033.4474	2828.0205	2034.7144
2866.8105	408.7977	2847.6719	426.71762
2990.12	301.12784	2964.361	325.31973
38.859726	1030.9547	28.86053	1061.955
72.243484	993.0168	85.08735	807.00604
435.89325	1351.997	436.5263	1329.9576
642.6043	1018.96765	641.4466	1033.1184
662.0973	1088.4171	643.91974	1092.6559
853.5614	1133.9707	853.97375	1155.963
856.1226	1502.0024	856.5907	1477.9921
871.4143	1155.014	870.8862	1133.0267
1059.9587	773.7993	1103.011	772.31775
1117.3975	774.9822	1117.5895	790.00525
1649.021	1520.4944	1661.9977	1519.9448
1967.8636	1042.9441	1969.2915	1064.9811
2211.6619	813.11395	2210.3794	798.05286
2488.8855	179.81824	2484.097	209.17891
2554.0066	2035.8234	2527.9683	2034.8427
2854.2808	1002.7073	2914.8633	978.65533
213.09291	240.56	83.95538	248.25078
91.18738	1070.0232	93.43092	1051.9294
214.39438	1476.0878	216.03972	1449.9396
238.86552	598.99725	238.33037	625.0068
227.9593	811.63135	246.06978	809.6321
242.28284	721.0152	248.68422	601.92926
361.93976	1278.4622	411.0185	1284.8582
395.1817	1182.9133	420.56445	650.7407
441.40646	1036.0157	437.2306	1144.0476
540.43774	278.531	483.72986	314.4122
602.4689	1062.996	602.3614	1077.0028
1161.2598	1052.9994	1161.4067	1112.999
1398.3046	558.98486	1399.7426	587.96313
1708.4902	1103.8713	1710.3114	1124.9731
1941.6206	1000.741	1946.601	1031.9039
1971.1224	1094.9454	1972.0968	1114.9952
2194.965	1087.9233	2196.6277	1108.8707
2209.8464	793.02423	2209.5103	777.0103
2507.7385	1819.1487	2527.1008	1823.557
2993.027	749.046	2972.6362	761.0783
172.14615	294.86136	196.5458	320.58524
212.1141	864.0065	198.42029	1105.0239
221.50699	1333.9794	222.6375	1306.9849
342.72888	1592.9088	347.5843	1471.9031
406.05554	1379.2732	378.90842	1377.1982
433.68484	829.635	485.76215	855.47925
601.9316	1175.7107	620.0979	1171.4138
668.2248	1015.98285	666.63025	1088.0361
1053.4342	574.98773	1053.6742	602.9942
1054.981	1522.2205	1138.0046	1520.1871
1302.4546	1148.2925	1308.7617	1138.4901
1421.9716	2013.4938	1445.0103	2014.8234
1457.7516	774.96545	1457.0673	760.0889
1626.9978	1128.0375	1624.1902	1052.9554
1258.0293	678.73315	2052.0808	647.0262
2135.0024	832.06256	2244.0266	827.6583
2246.344	1055.0411	2245.0918	1035.0569
2861.4128	819.71606	2847.4443	827.7705
13.864255	879.0551	18.27294	809.9536
17.076836	469.93634	15.067625	499.0736
5.9723573	711.40094	32.990574	711.1136
53.89049	823.27167	24.783361	811.53735
219.8279	1091.0497	227.28748	966.8971
216.18423	862.92065	281.6853	890.74097
233.83505	1336.0322	234.95613	1306.9597
242.22269	525.9947	242.03836	553.0071
250.01213	590.04584	252.68832	530.9406
304.12637	1547.0078	272.00443	1551.0353
431.33365	1326.9725	429.0641	1382.0438
620.502	1226.0156	622.0946	1174.9718
634.6053	872.98834	632.68353	938.04974
650.1389	730.00385	649.74884	744.0208
800.0059	549.08466	815.9975	547.9646
1214.0164	1556.139	1183.0084	1556.5844
1473.197	1228.924	1475.6458	1203.0612
1714.4163	749.0156	1714.8984	767.0295
1888.2626	1097.0874	1885.7449	1047.0128
1963.0155	1009.7534	1946.0228	1010.10425
2208.9568	771.0891	2207.847	758.0985
2555.1318	746.9921	2557.2812	782.9832
2640.0828	1093.2659	2671.1833	1083.5896
18.972763	493.0631	20.398344	471.09073
50.339016	876.0629	52.7882	823.94305
119.078125	1033.2719	133.99565	1028.9849
176.75368	1222.0327	178.62311	1178.9836
399.87518	1211.6722	363.81848	1204.9775
442.25208	718.0127	439.68655	768.98425
462.13345	687.9962	462.22113	667.9966
567.87683	287.97394	557.886	335.18747
659.1541	1232.0283	660.8001	1164.9706
852.17053	789.9858	840.8183	791.9495
1037.75	748.01025	1035.9072	883.0124
1153.9553	1217.4907	1129.0594	1219.6768
1136.5803	1182.9066	1134.1062	1194.0237
1188.748	1078.9402	1185.3873	1093.092
1235.6859	1370.051	1239.34	1320.8766
1392.964	1113.001	1393.5702	1135.985
1424.0133	1125.0244	1423.3947	1100.0398
1396.9719	1159.1187	1493.0336	1156.0521
2153.6047	728.88226	2154.7883	745.01556
2383.6072	528.0466	2367.1199	388.9858
2664.9133	707.0086	2655.287	609.9715
2839.975	2024.2456	2873.0413	2027.5914
44.023617	893.0718	41.66718	861.0245
216.34256	1442.9661	217.6882	1416.9323
227.04565	1478.0569	232.28017	1381.9064
235.67995	659.9927	235.08372	686.02484
270.72305	544.03174	269.53845	571.0236
443.68207	974.02277	441.88144	1027.9961
450.51978	711.01465	451.98712	658.99963
600.2638	1233.9553	599.4706	1247.0286
716.4521	362.16757	720.26294	329.14575
854.2509	1083.9874	854.4613	1104.9954
1359.4282	1273.5624	1339.6908	1288.594
1413.0532	1139.3868	1388.1125	1142.8182
1412.2755	1060.9825	1412.522	1078.9791
1644.9851	1555.7324	1677.0527	1553.9462
2214.1333	797.8737	2215.821	813.01996
2797.747	440.72192	2871.0486	374.05356
2834.559	437.62253	2816.6409	453.71375
56.423485	1057.0709	59.599865	1038.1005
189.66785	440.98285	188.63242	461.03265
251.65881	1067.9229	256.88943	976.99365
265.85364	644.9937	264.77826	670.03345
267.82758	615.06134	265.97882	639.9984
465.34067	671.011	464.69455	691.0224
529.5219	1412.9957	529.3254	1435.0118
630.33545	1023.0088	628.40027	1097.0627
658.55096	742.0179	658.8774	731.96356
800.34155	1052.9886	800.51044	1073.0042
999.03595	1452.3036	908.0224	1454.8118
1034.5691	577.9592	1035.4795	612.98755
1125.6415	571.5425	1065.3181	506.70407
1547.5193	1456.066	1536.7958	1378.0281
1670.5507	1024.9808	1671.2493	1044.9913
1945.387	1101.9829	1943.6597	1062.9708
2160.8516	1308.8875	2171.6775	1486.898
2319.984	364.04422	2342.873	372.34967
2416.8062	233.9728	2416.167	262.02658
2568.028	1078.7676	2510.2659	1071.7968
2544.7275	955.98267	2545.014	967.9997
87.1264	681.9492	86.37001	694.9634
125.708115	1164.5216	154.974	1170.1355
206.0722	1222.3511	189.93816	1220.5557
205.87881	1481.9437	204.41328	1511.1212
230.0335	804.50714	242.1129	803.70935
242.16698	1307.0076	238.96011	1377.9982
242.24753	518.2102	282.03244	542.9478
362.9032	593.1436	327.49005	569.273
422.4089	1381.9697	425.2754	1325.9629
583.2402	621.92065	456.50198	532.70746
620.35394	1242.0072	620.4282	1227.997
657.8704	772.0134	657.76337	762.99097
857.25653	850.9764	857.5761	867.97034
1051.4883	1353.0001	1051.4438	1523.0004
1293.6125	1635.5177	1280.7579	1619.1906
1279.4418	1623.653	1289.8511	1636.9026
1583.4358	1455.3181	1643.3029	1470.8313
1850.3625	713.0261	1855.9393	848.9615
2175.8726	731.8785	2181.4	817.03894
2381.451	1316.8933	2389.4688	1425.9656
2376.4666	1432.0414	2383.2854	1520.0554
2481.0146	628.12885	2459.987	627.77747
2672.1184	1277.7864	2656.0315	1280.209
2736.581	524.5672	2724.8718	535.90076
60.353237	719.5197	17.934078	703.0259
428.01556	501.44763	453.0201	500.57834
469.31857	722.0092	470.01605	697.97144
563.6196	1440.9945	563.2752	1465.0183
675.7857	731.99457	674.2187	794.056
678.6552	584.9732	677.49817	642.99
762.4042	596.6101	742.1706	576.84924
875.37714	1528.0026	875.5103	1454.9991
1124.0132	1037.2361	1149.9884	1035.7917
1238.1421	643.004	1238.1843	631.0007
1534.9938	1342.5651	1418.9603	1344.2231
1671.7191	1050.9337	1674.2285	1115.9912
1863.9844	988.0008	1871.6053	1144.0193
2515.0	166.01697	2529.0054	166.10182
2681.5298	1333.1223	2677.0251	1278.9979
3007.5515	731.18207	3032.3267	717.5957
3070.54	31.000427	3070.5662	59.000404
0.9631856	1553.9135	32.970867	1553.3488
175.98982	1556.61	136.04309	1557.652
211.12247	1381.9487	209.36327	1412.0796
213.6725	340.43826	233.69893	355.40292
610.50604	766.9987	610.4949	780.0004
638.443	937.0071	638.8585	910.99774
643.19855	338.97903	638.015	289.89282
1134.8761	856.02856	1134.4937	840.9874
1225.3077	998.7107	1218.0308	990.9711
1452.0326	1134.3188	1464.0095	1133.0933
1728.4059	1049.9387	1731.0686	1110.997
1802.7079	1580.9542	1796.1658	1336.9956
1973.9531	761.87897	1977.8646	825.00836
2193.1792	1061.9108	2194.777	1083.0168
2229.434	1060.0377	2230.9634	1083.0024
2251.2324	1060.9092	2252.7148	1081.021
17.187078	705.75195	0.7139643	709.8503
15.284514	347.01974	-0.04926729	567.9272
0.31002012	780.8042	79.906555	811.2443
212.17366	1063.0106	210.63234	1088.1002
227.00072	1513.0101	205.96501	1514.5088
297.96906	1372.7137	266.94067	1371.3687
285.22183	549.95795	275.01172	739.0006
309.9629	1659.8582	331.965	1660.8096
387.50107	1432.0413	389.07376	1412.9238
501.73697	695.1232	491.58066	1003.0521
561.8799	1500.9977	561.4156	1525.008
641.7557	1053.9849	640.94305	1067.0586
665.1152	1404.0106	664.6309	1318.0133
1126.0175	1339.5768	1073.0056	1341.1865
1104.2812	768.03723	1105.0957	761.8804
1453.0939	1610.3845	1476.941	1575.2806
1543.5647	1385.87	1559.8254	1456.5006
2248.6096	1081.0999	2247.1653	1060.9882
2392.5315	326.3609	2359.1995	375.4565
2442.0625	1383.3325	2431.9636	1382.3883
2545.083	1171.0929	2538.4873	1105.9507
2559.6394	587.63696	2857.1777	292.17902
208.67413	1588.9528	206.60155	1603.2324
219.92455	1367.0492	221.422	1338.916
236.00972	297.4414	211.95102	243.46758
364.82083	1192.7593	393.856	1199.6104
433.675	397.33997	470.988	433.01254
477.9843	965.0371	432.50372	945.80853
458.1216	662.04584	455.91794	715.99664
431.4652	949.2899	476.5866	967.99713
495.60626	553.50684	473.65073	536.4496
567.5936	1322.9937	567.23175	1346.0194
650.1126	1065.0022	650.3486	1052.9872
672.1296	868.98065	670.7031	933.0824
799.3448	1110.9886	799.52155	1132.004
857.475	830.9977	857.5014	847.9992
1065.0642	1268.502	1045.9922	1270.9393
1165.001	1558.3639	1060.999	1558.6442
1256.9479	630.00195	1257.3948	642.0225
1573.0322	1690.0243	1589.7534	1667.8143
1623.9429	1044.0619	1622.8307	1025.0685
1804.9813	515.1575	1761.2733	476.68942
1965.5388	1009.8613	1967.3589	1030.0577
1969.8734	1068.9703	1970.6194	1090.979
2191.4338	1036.0416	2192.9692	1056.9287
2390.9678	1319.8469	2463.9946	1317.8088
2616.9954	1945.2646	2633.0078	1945.5417
3040.0947	1214.8416	3056.0056	1213.0505
3066.8628	1292.9856	3066.4465	1267.9926
3040.0012	1406.0485	3070.0315	1405.3513
71.42024	485.0216	73.017426	453.9495
134.04448	1402.2028	103.970726	1400.5247
114.967674	1220.2214	178.91876	1229.5565
227.7801	953.98883	230.92184	891.99603
238.41399	895.01984	235.44025	957.06903
413.4285	1596.9149	410.65912	1648.0358
444.52722	632.7034	488.95114	662.5606
602.60583	1045.9738	602.3419	1060.0065
708.9813	767.02057	699.69696	1209.9937
856.11694	1390.1345	858.29645	1372.0356
1018.3163	1545.0023	1017.9564	1437.0001
1037.2709	1023.0011	1036.6942	1164.0028
1178.8223	1025.0225	1179.152	1012.9768
1265.017	1021.0157	1259.563	678.92725
1764.1619	425.26843	1772.9739	419.9567
1914.2792	1097.9722	1914.7142	1117.9845
2302.5435	1131.0366	2289.7898	972.0971
2440.996	1336.671	2426.998	1336.8391
2498.7646	1352.1953	2584.0027	1368.9858
2534.7437	987.98914	2534.9338	1001.001
2747.8655	855.77216	2793.0564	829.09576
0.6933313	1106.3695	165.2779	1143.2247
135.51538	434.823	186.93874	465.10403
232.49771	1369.069	233.93083	1337.9508
252.76823	983.9272	245.90652	1099.9945
312.05106	1476.7451	277.99243	1477.7415
390.8386	675.99286	368.67148	1178.0297
403.9237	1528.8134	460.01334	1525.2076
470.2861	696.009	471.0064	672.96893
565.43616	1382.9949	565.22864	1406.0111
625.96466	1174.9993	624.4782	1250.0491
634.43005	1333.9662	633.4192	1351.0248
696.103	1224.5198	715.08734	1228.593
908.88306	1456.0055	907.95996	1603.0249
1118.9152	1041.9672	1119.6346	1062.0131
1203.5281	1020.0188	1202.891	1004.00433
1507.9941	1441.9088	1475.934	1443.977
1563.3303	1455.1577	1546.2677	1382.7014
1651.4742	1105.9294	1652.4811	1126.9769
1909.8921	1011.91766	1910.8099	1033.0083
2099.0044	1538.3112	2067.9963	1538.7441
2211.479	757.8544	2212.7754	771.0221
2481.909	1183.8185	2497.0552	1185.5038
2883.9717	1307.8363	2900.9834	1304.9033
2909.6157	1262.0458	2902.1143	1198.9865
8.973386	1534.6461	28.016096	1533.214
6.9088783	720.23193	26.982267	717.8505
40.59854	1053.0863	43.362278	1033.9081
153.27286	1165.3171	91.9396	1155.3726
170.00807	1288.9221	130.02281	1284.7798
383.48032	459.59122	401.05994	480.24683
421.70297	1156.3923	473.68402	1167.4812
524.32025	664.9699	523.0355	694.0016
607.5509	1227.0006	607.5458	1214.9998
947.94684	1405.0126	948.106	1392.9882
1064.3944	1043.999	1064.4474	1064.9989
1158.9692	1023.04535	1136.9883	1022.3972
1411.6804	1037.9714	1412.2706	1052.0306
1469.0698	1073.9745	1469.618	1097.009
1887.9614	1011.9135	1889.9493	1034.0045
2209.5657	726.95917	2210.7202	742.948
2176.9744	1127.2659	2282.021	1123.6049
2601.059	1113.5824	2581.877	1110.8711
2634.9263	1410.6195	2655.137	1406.7073
2684.1545	351.93222	2682.1582	317.932
56.633503	472.02878	57.72385	448.0329
62.272354	1238.018	41.526154	1553.9689
83.39693	425.02737	68.708015	637.97986
92.95738	1152.9133	116.951805	1154.033
136.06332	1479.253	103.97625	1480.1549
213.38028	1337.022	211.58284	1368.0916
266.01047	1550.1284	231.99216	1552.9038
336.38452	1438.0182	330.2693	1567.0602
410.03888	1268.72	360.0309	1261.7773
424.9054	1276.8722	360.792	1269.9175
435.47797	1025.0227	437.99878	971.95245
475.7	1164.1154	423.01492	1149.9446
490.4523	1005.015	483.9174	1202.0636
587.6253	1498.9962	588.3917	1625.9977
605.8417	907.92334	606.9418	920.0053
664.9206	1164.9766	663.31525	1239.0502
689.2012	1469.9935	688.9231	1546.9926
1459.0266	1001.2754	1414.9832	1002.19257
1933.5164	1041.9739	1937.363	1118.0322
2108.1628	703.0534	2116.774	838.0144
2163.9016	997.86395	2167.9734	1024.8531
2263.052	833.9963	2253.2458	698.0544
2467.9893	631.17456	2481.9973	631.3016
2506.667	968.97327	2507.149	980.994
2568.9148	1179.4678	2547.884	1175.6364
2798.419	210.39404	2785.3103	223.29955
2868.7214	281.71054	3070.0835	79.07042
0.22402248	625.6466	89.63226	667.78033
1.000315	1356.9783	12.997803	1357.1519
237.73863	358.341	255.3541	371.8427
269.03146	1301.9674	268.1218	1329.0042
295.99487	1760.7521	318.02676	1760.2979
400.8471	1257.0151	401.61526	1214.0288
414.97852	1392.9487	413.77054	1417.0387
490.3613	659.4669	448.5775	631.1479
475.23193	1070.0109	480.15762	964.9605
519.0203	1413.8804	496.03262	1414.4117
593.30023	1385.0149	593.1282	1400.0015
625.27185	1417.0082	626.08655	1389.9725
634.6093	1389.967	634.27606	1404.0303
641.5287	1036.9724	641.7638	1050.0043
680.41565	793.0108	680.9879	770.9997
761.78143	1479.9962	761.3992	1502.007
1002.6186	1435.0024	1002.9679	1344.996
1103.0348	1154.2277	1053.1302	1161.8525
1367.9844	805.4127	1380.0024	805.0924
1389.909	1137.0569	1389.3364	1115.9908
1748.8524	1562.0077	1747.7537	1540.9607
2094.0203	1530.0591	2080.6057	1307.6017
2225.9255	1377.0049	2222.8318	1329.8798
2232.1023	732.993	2237.7544	815.0169
2557.3174	1105.9014	2558.1533	1117.0635
2599.0312	756.9972	2590.8792	667.0109
69.38186	1060.0762	72.758766	1043.1514
0.8747092	1641.1039	140.08926	1621.6384
218.83925	872.95886	221.04697	917.9977
300.0725	1302.165	271.93735	1299.7213
435.19528	1452.0082	434.27786	1474.0116
525.4872	1532.017	524.089	1572.0381
638.61127	1169.9604	638.2116	1184.006
653.6404	1068.9858	653.1655	1081.0459
804.59827	813.97546	803.61365	830.0986
1336.0374	1159.9963	1334.6504	1145.9358
1462.9937	1112.0692	1449.9202	1110.8721
1494.1403	1516.3099	1538.0865	1519.9562
1869.9509	739.6233	1918.0323	737.9078
2213.1313	776.9524	2213.807	793.0081
2248.8572	1034.0125	2250.6936	1055.0267
2647.8086	742.7791	2658.4675	733.5394
2687.9216	888.86115	2708.5586	877.2177
2954.2742	378.04462	2952.4866	348.9701
3.598479	844.0857	1.9424709	817.00354
17.879122	808.3766	0.42999533	802.7759
14.723757	503.98312	12.886595	534.05414
187.6296	465.0082	187.91792	478.00183
215.99852	997.048	214.70369	1023.9858
262.80252	704.9906	261.5668	731.0269
284.53256	871.0883	287.19525	855.0324
505.43127	322.9294	508.5638	342.07138
624.757	235.97403	621.67035	145.977
633.3001	1372.0463	632.8021	1386.0286
646.9455	915.9973	646.3487	928.0667
658.5202	866.9969	658.4416	879.00946
675.0103	575.165	659.9938	575.2976
766.0017	1175.0592	872.00116	1172.04
907.2955	1348.0022	906.6417	1436.9973
1124.9684	1094.2101	1136.0002	1094.0149
1161.1255	1147.7324	1136.0063	1152.0374
1181.941	1333.0027	1181.4324	1508.0012
1392.328	1087.9824	1392.632	1111.0049
1452.8826	531.2436	1409.1503	491.94565
2946.9666	2025.1665	2962.1558	2028.2269
187.84659	1483.9923	186.48694	1511.0747
209.61389	1414.9775	205.89066	1479.0518
287.36868	845.79956	268.99316	812.0037
440.4035	771.04376	434.4293	826.15497
451.48697	1330.9778	443.8328	1508.0792
597.9202	1215.9658	597.506	1229.0477
607.11523	1244.9976	606.86707	1232.982
651.80676	292.5833	642.80115	289.60043
799.38513	1136.0017	799.2946	1157.0099
803.5367	833.99365	803.3173	850.018
1079.989	1425.9985	1080.0153	1443.0
1131.7972	1197.9956	1131.4105	1216.0088
1221.4414	1427.606	1198.3232	1444.4438
1266.2727	1195.9895	1266.7373	1163.9817
1372.3099	1658.2654	1384.7256	1643.765
1475.1963	1058.0099	1474.4917	1072.0248
1606.3522	1307.5107	1577.7898	1345.3308
2416.7239	460.92075	2428.6675	570.0364
2498.8418	789.08435	2497.8894	776.00806
2718.999	1062.9951	2734.9722	1059.8586
2896.7188	800.5223	2878.6755	811.1471
74.384865	497.9732	18.563622	462.6904
18.750383	889.7093	47.999084	900.0026
70.79585	684.4557	56.52431	678.06177
80.5238	361.15347	258.98154	483.48575
214.07333	1030.0039	212.6686	1056.0361
224.80681	1510.169	227.63118	1479.9655
263.7205	903.03613	260.46106	968.02313
610.8864	1231.9349	610.2356	1243.0721
629.6498	1243.9863	630.50653	1221.9808
646.9691	1198.0023	646.9959	1186.9976
685.0285	1439.0968	640.0329	1440.2664
1676.0071	1513.1312	1647.9927	1512.9027
2167.952	1312.3174	2197.0188	1310.2648
2383.4082	310.95456	2344.8203	367.8782
2503.5203	701.11914	2498.4368	637.96484
2529.9749	937.9457	2530.7036	951.01654
2507.6729	2022.6189	2554.771	2032.134
3025.1758	786.08417	3021.1934	747.0824
50.188053	906.458	0.87890255	889.349
173.99716	1540.9613	253.0118	1535.1606
222.32056	1208.5035	207.91978	1228.2107
215.25867	1304.0172	213.19353	1335.0793
231.17795	584.0606	234.31972	523.0165
247.75182	932.9894	246.59427	960.02545
249.05765	900.0259	248.37236	928.0091
344.60257	1274.0317	339.6556	1368.0345
504.5694	546.4493	475.8758	518.12585
517.2903	300.0265	518.7827	340.00812
575.03217	1412.2336	542.02856	1413.0948
628.11334	600.9731	627.74786	613.0227
800.6133	1085.9564	799.94946	1107.0613
935.2113	1369.002	934.6285	1431.0059
1160.6897	1230.9545	1162.8617	1263.8772
1369.7288	1032.0133	1370.7632	1053.0117
1645.0326	1530.7421	1594.9976	1532.9437
1611.961	749.13824	1659.9818	748.13293
1932.2283	1016.0296	1932.9569	1035.04
2457.1812	678.9858	2459.0696	702.9945
2470.9597	1452.0034	2479.2395	1548.9795
2488.358	1518.9711	2471.7085	1312.8619
2816.5493	453.83768	2826.7214	550.9244
2899.9836	1600.1556	2989.0564	1609.461
3001.0032	792.9998	2998.1277	748.0558
85.68289	608.0352	95.5972	415.87604
193.78624	269.25266	214.90123	287.11673
445.08026	641.9359	442.87442	708.0292
577.038	1352.881	544.96826	1354.2653
594.2426	1347.9667	593.5349	1364.0236
645.8005	643.99854	645.97174	620.9998
1118.1661	1495.0171	1117.6738	1470.9862
1645.0383	1480.1353	1592.9191	1477.8269
2450.4058	1403.0464	2447.2036	1362.0623
2468.8887	188.80058	2490.4321	176.77408
2491.9421	793.99835	2491.653	804.04755
2511.3545	74.98232	2511.9417	119.96161
2540.096	838.9976	2538.553	775.98645
2552.9233	1117.5747	2567.0715	1119.4644
2571.9387	1013.99603	2572.7158	1001.9816
2794.0059	1423.5105	2825.9905	1423.1488
2870.322	857.9629	2865.717	818.0326
3017.3052	920.2189	3013.0317	887.12506
0.83876854	1252.8397	18.160242	1256.1654
24.789696	391.26407	37.617496	401.4803
237.68753	629.0336	236.37112	655.96924
269.52634	575.02783	268.1537	601.0081
472.4143	973.39325	432.70535	956.7009
522.6085	697.5786	499.64725	682.04333
598.53906	1198.9645	598.2209	1212.0298
646.0562	1233.0016	646.0384	1221.9999
670.2382	787.97974	671.7806	729.9676
819.98065	1432.9999	819.45703	1500.0035
856.30133	1448.0076	856.70404	1431.9674
866.5235	1410.0238	865.92236	1398.0039
1083.9991	1072.9238	1066.0015	1073.1256
1104.2626	799.9983	1104.5132	839.0031
1147.7144	1240.776	1138.9445	1251.9564
1164.873	1583.9927	1166.0927	1562.9474
1184.8074	982.9472	1192.1117	956.3048
1227.7821	1365.0132	1228.5665	1378.0261
1385.3011	829.985	1385.4747	844.9945
1688.9104	1128.348	1706.9817	1125.8663
2477.9253	771.27625	2493.9873	772.2161
2560.5664	1139.8687	2561.5798	1151.9513
2572.0032	1534.9346	2586.0193	1535.5898
2647.0242	1518.6094	2635.0083	1517.8654
2777.2932	948.08276	2774.223	921.8569
39.23893	463.93985	43.81975	405.98575
436.30356	838.3796	464.8344	852.33844
475.43515	673.97815	469.127	837.0436
650.0154	1219.9293	649.0718	1233.0769
661.4356	1432.0371	662.63574	1417.9689
1109.9268	1127.8396	1113.7693	1150.0399
1166.5481	1375.0079	1166.036	1345.9817
1297.9517	1650.9165	1279.3922	1661.6764
1575.83	1362.9188	1582.9823	1436.0017
2281.0117	1412.249	2260.9622	1413.2019
2473.5195	504.9538	2472.1003	488.9911
2483.1042	974.9953	2484.4106	1004.02655
2527.2444	1113.0706	2525.9316	1099.0063
2785.3142	1361.9261	2791.6423	1388.849
2875.2722	903.0686	2872.6218	874.9414
2902.8564	1267.3636	2893.8628	1269.3921
3025.8066	1176.7816	3045.2861	1337.9655
45.688377	484.04544	36.65234	620.97705
123.995735	1281.937	107.00586	1283.0865
217.65112	966.03595	216.21707	992.01196
281.62485	845.2654	277.72916	869.1191
395.0856	1260.4524	363.08603	1255.4498
461.60593	758.0189	461.0125	777.0316
638.1514	1188.9622	637.61365	1201.0273
646.20575	884.93365	645.19604	897.01636
666.21454	933.1718	646.9451	936.7002
673.3522	1085.0165	672.76843	1062.0059
687.56415	336.04724	684.09045	303.9902
1050.0624	568.2411	1082.9791	566.58527
1268.0227	1379.0065	1272.8771	1361.965
1875.5084	765.97125	1877.6583	804.0193
2228.1	1410.9951	2227.0605	1389.9476
2230.8396	1458.0088	2228.536	1415.9706
2543.2388	1103.86	2546.6484	1134.0397
2694.4692	1519.0361	2690.104	1454.9929
2812.0515	209.6031	2798.153	210.79045
2942.759	310.72684	2994.3333	265.24384
2981.0093	954.02496	3058.9536	924.8761
1.3507087	605.9435	7.608803	534.053
109.35786	1194.282	122.985695	1176.9888
195.81401	1511.0563	197.83023	1481.9191
219.67577	922.9469	218.55185	950.98206
219.80537	1449.0852	218.53145	1476.0723
420.2244	628.63684	389.29364	609.5248
436.22693	1423.9642	435.20316	1446.0558
512.0901	1533.5822	487.94064	1534.9576
598.52167	1178.9994	598.5025	1195.0006
634.28094	1095.0051	634.7795	1067.996
637.8656	1205.9893	636.8219	1219.0656
654.6761	1379.0358	655.2611	1367.9609
1085.3707	1074.9916	1085.505	1096.997
1134.8429	978.7977	1122.5144	988.37494
1277.5784	906.07947	1279.657	890.9529
1743.5057	1542.032	1744.861	1563.009
1990.0569	1040.9395	1994.4688	1118.0304
2119.4783	1574.0956	2061.1836	645.98846
2488.8235	546.0153	2484.5632	496.9511
2500.073	805.0628	2499.1917	792.05475
2517.6462	1100.0383	2518.9563	1112.1133
2520.147	825.9985	2520.2805	839.0074
2532.0435	811.00146	2531.664	822.0571
2537.9075	163.80336	2554.039	165.66104
2776.0396	1186.0028	2778.2156	1155.9432
2882.2524	974.9703	2878.611	944.0458
1.3535029	1310.0106	2.138348	1283.974
19.01507	1283.6044	4.997317	1283.0704
94.76216	1026.964	118.07046	1032.7144
215.85637	520.64764	209.85413	506.06003
222.00821	1447.5184	211.99489	1447.6769
240.77538	557.9977	240.4849	585.9946
264.72723	675.1215	262.972	700.06836
649.8451	1082.0068	649.9418	1069.9915
663.10095	1619.0018	663.87286	1576.9977
683.1959	642.01715	681.7448	574.00543
1085.447	1125.9999	1085.4492	1147.0
1352.254	1689.2844	1373.3284	1667.3151
2456.0134	540.936	2456.839	554.01013
2496.0757	1528.3575	2483.8914	1526.9213
2509.262	196.97453	2512.198	227.17519
2513.1763	519.03894	2511.1492	476.18213
2529.968	1001.0899	2524.5552	938.95166
2531.3567	953.9402	2531.9766	968.00104
2569.6404	640.03845	2564.6047	592.93536
2614.9023	1567.0054	2608.076	1441.7778
2630.669	1075.0286	2620.9736	962.9158
2674.7334	672.954	2676.1204	695.0552
2678.1038	1994.2936	2705.1086	1998.2595
3045.8616	1254.2185	3062.0618	1251.3486
41.176678	858.07697	38.370842	828.05884
237.7992	792.12146	222.89229	795.52875
295.75568	1657.073	300.89157	1603.893
414.06262	1422.9271	412.27365	1445.9436
682.1349	327.01334	679.8538	350.0844
779.76984	1395.0059	779.67865	1375.9967
947.8189	1429.0048	947.8886	1416.9935
1061.8567	1338.5569	1048.6241	1342.8385
1137.9128	1470.997	1137.234	1490.0083
1386.0353	1149.5579	1374.9531	1150.2583
1523.9795	1335.0177	1497.0691	1303.9402
1645.0111	1021.2668	1629.0035	1021.4065
1730.4065	1641.0355	1734.5006	1594.2186
2478.0417	841.9965	2473.2969	784.9753
2527.673	679.02026	2524.0852	621.11865
2544.9702	1302.1504	2529.7742	1299.1404
2563.006	181.22252	2539.9958	181.84828
2620.4614	403.73074	2627.0269	414.98428
2681.3726	573.3573	2670.6077	584.58264
2976.8596	363.07822	2974.3923	327.1103
3026.4287	227.8253	3052.2463	438.96988
42.14985	826.8879	46.948563	876.10254
66.12745	783.9849	62.2401	751.0898
283.9641	498.0524	389.6845	570.46063
382.0203	1542.3458	352.94437	1544.0516
649.06744	762.9815	648.8483	774.01685
689.64844	294.2384	660.4469	285.94815
853.9094	1109.9882	854.18207	1130.9846
1250.8429	678.99066	1256.6259	1201.982
1269.8864	1455.2433	1275.6667	1434.183
1373.7407	1191.9257	1369.1196	1208.0343
1780.0161	539.9558	1781.278	568.9879
2228.0166	2038.718	2203.982	2037.309
2258.0134	1409.2858	2277.0652	1408.398
2349.009	2028.2434	2369.9805	2027.4701
2477.1892	776.95233	2477.6729	789.0131
2514.3088	965.0466	2513.4326	952.0382
2525.944	695.9997	2526.0173	683.0001
2537.2566	771.7624	2541.397	758.80725
2542.0002	1431.0117	2571.996	1430.6653
2584.0364	1259.7764	2558.8896	1255.6775
2693.0186	1569.9987	2690.9988	1542.0001
2896.413	1566.8165	2900.5818	1598.9244
2937.0347	1262.1438	2929.0188	1264.0778
2966.189	477.06497	2964.425	455.04605
53.116695	1036.831	49.838516	1053.9691
141.02637	1324.6699	107.00377	1321.9529
189.50063	558.97	188.30148	538.98193
311.28998	1611.018	308.5735	1655.0354
350.6954	1648.0219	351.31415	1600.017
434.12463	1480.0078	432.6874	1503.0428
437.15146	1394.9807	436.6272	1418.037
447.10358	1097.0038	446.37155	1117.05
459.60413	1041.9873	456.11868	1151.0358
476.13223	1535.3851	456.9254	1537.2188
1129.1215	1483.9968	1129.1704	1500.9995
1140.4937	1121.9579	1141.1428	1144.9678
1181.4275	1568.9895	1180.9702	1594.0177
1357.8075	1232.8352	1361.108	1188.933
1459.4343	1652.2206	1453.6542	1611.1896
1546.1621	1376.0442	1545.4701	1362.9225
1972.997	740.0002	1973.9976	757.0001
2186.2852	1009.88995	2189.8262	1019.0671
2465.4675	699.0462	2460.2458	638.89185
2530.1038	793.9938	2530.8208	806.0107
2546.0454	972.94403	2546.692	985.0165
2879.3457	939.06555	2876.4187	909.85785
12.465681	539.9631	10.3822365	570.0956
59.585175	495.0353	57.771122	525.1069
154.97751	1518.387	115.9933	1519.8174
177.02068	1402.8135	151.01114	1402.3604
225.46437	714.99963	225.48038	691.99896
226.62627	1306.9807	225.22652	1334.1149
201.90898	1105.3972	274.01862	1121.9188
273.4271	863.94464	269.9181	836.881
338.01578	1246.001	340.21887	1209.9523
416.40646	1355.9756	415.4177	1380.0172
620.5462	874.9783	620.3813	886.0206
646.4701	603.9854	647.3515	571.9272
875.2824	1385.9681	876.92755	1348.9524
879.21045	1423.9708	878.3581	1447.0133
943.9685	1981.644	963.9887	1979.8722
1179.9972	1151.9995	1182.4401	1135.9149
1370.944	1063.9763	1371.5476	1088.0114
1489.8345	1208.9905	1489.5469	1244.0045
2160.4163	497.70697	2112.6223	458.2462
2220.0002	1388.8992	2194.0	1388.9095
2299.9333	424.99207	2301.137	414.8971
2481.8997	824.9417	2482.7422	837.9519
2491.739	1003.1194	2485.758	939.9282
2553.332	952.0328	2552.5923	936.9709
2797.036	1196.3208	2783.9758	1197.7855
2868.9963	550.1087	2855.9067	429.22668
216.94809	1553.2991	185.9699	1555.5936
197.66875	1479.9229	199.52113	1447.9723
200.82219	1411.9862	203.22743	1380.9402
233.9979	1252.8765	223.0011	1253.0642
339.3319	1370.015	337.70724	1406.0319
473.16003	1271.3894	460.70514	1268.125
496.95947	321.0023	498.3747	346.09167
545.88605	286.96252	539.56445	306.18564
654.25433	1051.9325	653.1523	1064.1044
658.81085	882.9905	658.254	894.06305
982.5641	1431.0084	983.1801	1389.9877
1119.5785	1079.0043	1120.2499	1146.0076
1355.3491	1005.2931	1346.8872	986.5011
2190.5066	1440.0298	2191.7725	1461.0137
2220.2502	989.8525	2224.1587	1022.98126
2444.883	537.994	2445.0317	559.99976
2542.7375	939.8095	2543.965	951.00385
2817.8525	1530.7224	2802.6196	1429.057
2851.6145	956.0375	2854.6287	987.0361
26.720827	614.0513	36.336155	478.88165
61.81307	988.99	71.05106	816.8954
177.8943	484.16534	190.29933	492.09598
198.9227	1445.0667	201.09964	1414.9349
437.15494	1244.3967	425.19992	1261.1427
449.15128	1042.0056	448.40213	1062.0524
1050.92	1174.4591	1077.0878	1170.5938
1197.6792	1306.9448	1192.4998	1337.0858
1317.3375	1334.3789	1323.2291	1298.0371
1410.05	1348.3909	1318.7532	1360.0704
1498.4075	1182.084	1499.904	1156.9943
1626.147	1431.9878	1628.8236	1464.098
1871.9515	990.9579	1925.9741	988.4447
2133.3284	526.9107	2134.8806	550.00806
2213.8528	1034.0096	2218.9636	1112.0023
2490.0427	933.8946	2491.3743	947.0633
2528.897	1130.1172	2527.614	1118.041
2561.0269	1348.7075	2583.0254	1350.7231
59.120724	1206.2922	37.885654	1202.6704
52.265686	908.9551	47.43206	987.9653
163.06306	1364.9515	125.02028	1362.663
627.7494	615.9799	626.86017	627.069
665.58496	313.81644	657.7264	288.77206
820.4687	1372.9935	819.8819	1421.0107
853.6854	1052.9861	854.04974	1070.999
1112.9762	1349.4833	1063.9421	1351.7454
1107.2336	1046.9855	1108.4216	1066.036
1173.1073	1564.0049	1172.4683	1578.0214
1204.4799	1002.0352	1203.2539	983.91516
1278.8563	1469.9929	1243.7156	1475.006
1265.4706	1094.9937	1266.2858	1026.9795
2884.1545	547.0766	2876.358	461.0582
3049.0022	780.0043	3032.8618	788.74475
15.803079	1319.9849	18.4969	1284.8846
450.98154	980.0331	450.30746	1000.04407
1079.9253	1475.0001	1079.9497	1492.0001
1214.9545	1516.2567	1231.9517	1519.2727
1330.1243	1290.0276	1335.0613	1267.7916
2339.331	1348.4734	2350.191	1375.9246
2428.8884	1365.0132	2430.675	1380.1564
2509.547	1420.0267	2496.516	1426.9688
2660.1165	1387.9486	2656.2937	1304.9865
2718.8289	1028.9146	2706.87	913.01337
2788.1045	1039.2812	2821.5723	1026.8488
2801.917	235.91197	2792.1316	245.13959
2889.4666	852.0594	2885.909	820.1215
3011.9822	882.11017	3008.2974	848.07605
5.4158216	1042.0721	8.732376	1022.95355
65.90068	416.9949	64.36254	447.0186
145.02034	251.31824	98.95283	254.26175
614.78326	1077.965	614.40717	1091.0117
1085.4106	1099.9928	1085.5225	1122.0024
1187.7919	1497.0084	1186.2598	1459.0299
1294.6566	946.2057	1289.1039	936.93774
1450.9734	1049.6428	1462.9884	1049.4072
1843.0286	1349.2388	1832.9336	1350.4441
2512.776	1300.9973	2512.3347	1337.0042
2529.999	1145.0	2529.7825	1135.9812
2686.0896	1568.2897	2648.982	1566.3451
2780.3267	980.0655	2777.7937	954.0201
2856.1355	867.0968	2852.6575	836.0383
23.702042	473.0292	22.453894	503.0189
203.23479	1368.0135	206.9435	1303.9967
695.1856	1518.9369	699.7073	1460.5898
951.44727	1391.9891	951.5678	1408.0033
1271.874	1308.994	1272.8146	1288.9913
1546.0585	1361.5123	1561.9653	1359.6963
2250.981	1438.0012	2252.3384	1459.0427
2505.9124	1164.0082	2501.6858	1118.9357
2510.6536	37.982365	2509.0208	70.05198
2672.8787	1564.0083	2666.5251	1471.0325
2753.1697	608.9884	2754.8826	634.0763
2822.933	599.9101	2879.104	558.1398
2910.3464	1298.0286	2909.0344	1267.9985
3036.812	239.02202	3056.1216	403.98578
52.82747	597.03845	51.433727	627.02014
55.18561	563.0111	53.395824	592.9639
306.92697	1166.4254	325.88336	1169.6796
832.9357	780.5365	876.95795	779.38763
1140.9507	871.4118	1156.0123	870.14746
1226.3395	1305.1521	1231.2789	1294.1249
1308.1088	1018.99005	1306.7338	1003.933
1327.7556	1141.0417	1328.3118	1130.962
1988.2762	1012.9752	1990.0725	1032.9935
2223.9712	1023.8746	2268.993	1022.72577
2362.3232	428.78552	2354.1963	416.5331
2507.3816	1130.9725	2508.3928	1145.0436
2880.5244	1282.0704	2884.0698	1305.9896
17.009178	1567.1082	0.9550918	1568.471
18.554071	900.0381	13.744184	970.05115
336.878	1408.9962	336.045	1436.0013
445.0293	1391.6356	421.02368	1389.7056
677.6748	930.01135	676.7327	902.9745
2221.0479	1414.0118	2199.0027	1415.0554
2346.93	1379.0054	2349.3215	1409.9752
2491.1418	522.98834	2492.2185	536.06433
2495.286	982.99207	2495.6753	997.00903
2499.133	1134.9581	2498.4153	1167.0093
2731.7937	1515.1198	2752.8171	1518.9924
2772.153	1019.0871	2758.4795	886.15643
2831.833	457.94107	2833.2507	477.98224
2938.7122	394.02036	2936.3162	360.11902
10.942285	486.99625	15.436347	417.96332
17.181858	732.3401	11.750293	751.2159
0.5599966	305.66837	48.743942	337.38895
192.61606	1382.9222	191.0917	1410.0613
225.02199	1339.0322	224.10735	1368.0034
308.90762	1597.313	323.05518	1595.4103
338.3574	1602.9918	337.75833	1650.0223
624.62726	735.9647	624.3425	747.03455
657.64716	915.9846	657.2083	926.0527
761.9771	1460.0	762.00903	1477.0
951.8026	1411.9939	951.2499	1430.0383
1084.7616	1042.9268	1085.5948	1062.9753
1487.2045	1264.8717	1450.9454	1258.3008
2321.8406	1484.0117	2308.6013	1304.1029
2473.5598	535.0996	2475.5486	523.9197
2516.147	845.076	2510.1716	777.9847
2586.1045	1431.6399	2604.9663	1437.116
2844.8171	829.9141	2857.5496	951.04736
2959.4946	420.04205	2957.4146	395.04874
23.795149	368.96848	24.430258	384.98294
33.4223	906.00916	32.74885	937.03796
51.840126	1214.964	33.837765	1211.9781
38.393078	1504.961	53.99802	1261.9357
78.9204	1064.9902	80.896545	1048.8647
221.70088	1416.0372	220.26544	1443.0673
223.62762	1382.9753	221.83191	1410.1212
241.98631	794.03064	262.84073	803.35614
619.201	922.96924	618.775	934.02985
1591.0023	1669.5231	1619.3043	1688.062
2552.3992	1317.0094	2552.8347	1345.0026
2869.023	981.9974	2856.8503	875.90247
2949.8093	490.02106	2939.9805	401.00214
2999.3276	929.9607	2985.3018	812.9638
3040.6833	912.0387	3026.0142	791.9983
57.100883	1199.4683	40.924297	1196.3989
57.6611	528.04956	55.41299	558.03094
63.89762	449.04504	62.34073	480.0673
67.049126	1042.012	63.09899	1058.2671
324.8301	574.2392	341.13092	585.8157
485.73267	667.83344	447.64853	641.5084
438.95184	2031.4147	456.99423	2029.93
654.69855	1360.9491	656.20416	1352.0344
658.04193	898.92786	657.2017	910.09045
965.1528	1389.024	965.5488	1370.0115
1079.0039	1171.1562	1159.0037	1169.144
1207.7694	938.89935	1210.0065	955.99915
1228.6798	1258.9523	1225.7	1278.9553
1324.8606	965.96576	1322.1404	977.0345
1353.1492	1034.0013	1353.0052	1050.0
2382.0334	2024.4847	2347.9175	2022.2721
2422.3057	560.63385	2383.5732	528.31305
2464.7122	493.97342	2465.088	504.03406
2470.5996	816.98773	2471.1528	844.01733
2492.7153	966.1676	2494.6558	981.0449
2505.2354	952.9531	2505.6553	964.01306
2984.684	805.0336	2980.8403	768.9106
5.8654146	1284.9937	4.347215	1316.969
218.00067	1482.925	217.02016	1509.0758
239.03456	1381.0021	230.67796	1522.0994
386.02917	1474.555	355.00974	1476.1852
404.05826	579.33417	460.75143	619.3522
438.9424	1358.043	437.8942	1381.0408
460.79105	784.0581	459.39273	803.10223
477.51385	933.1151	473.91037	949.2039
673.1122	1492.5989	647.8509	1485.5331
763.9019	1374.9805	763.06396	1422.0011
836.342	1419.0076	836.07764	1395.9991
1304.354	1280.9225	1302.5364	1296.0643
1346.0792	1315.0634	1334.9614	1328.9691
1530.7756	1576.5901	1551.4576	1602.6366
1701.033	1018.8337	1686.0564	1019.4263
2189.277	1415.9823	2190.429	1434.0364
2167.9548	1025.3196	2210.9775	1024.1653
2497.0034	930.9462	2507.0269	931.5689
2520.9922	1134.9333	2521.6738	1145.089
2536.652	1147.9269	2539.693	1175.0344
2629.4153	222.95535	2625.321	184.85803
2845.086	511.0927	2842.947	490.00537
3007.3389	842.96313	3003.7434	809.9191
31.460398	942.0353	30.68746	974.0166
412.9218	1539.9474	386.91675	1541.8792
615.98926	1043.9414	615.28546	1056.0746
669.79114	1238.0092	667.91656	1195.0472
712.21954	410.80743	743.5452	446.52176
1178.9264	1249.0032	1177.8285	1224.0076
1414.8708	1459.6588	1426.993	1462.0355
1520.8225	1674.9508	1482.8995	1672.6703
2271.0015	1031.8446	2277.0623	1109.9176
2491.0017	950.1149	2492.6055	964.0454
2528.9382	1173.2609	2507.9302	1168.295
2605.1267	1369.4698	2586.9697	1365.1268
2676.0044	1988.8553	2660.9878	1988.3959
2687.5132	1436.074	2683.0962	1406.9854
2688.1785	688.9813	2677.9084	591.0096
2727.8154	632.0119	2729.3604	655.97675
2785.0442	983.9969	2786.7354	1008.0186
2801.0977	1007.98956	2786.361	870.0683
2840.7937	473.0221	2838.4426	451.05966
2967.598	753.31335	2988.4685	741.09216
3001.534	1555.1179	3006.188	1612.9849
0.66522753	1755.7969	16.136889	1751.492
16.865746	578.99347	15.407536	608.9712
412.50784	1451.9011	411.03958	1474.0688
612.0631	1195.9332	611.1977	1208.0853
620.52045	889.9558	619.4069	902.03754
1081.9777	1375.4443	1116.0137	1374.9567
1210.367	1198.8323	1202.8457	1227.224
1237.9778	981.98224	1229.9768	991.98145
1251.378	1373.1929	1247.6143	1400.0859
1481.8341	1671.177	1459.7357	1649.2856
1617.0116	1690.5826	1579.041	1689.5265
2505.967	1115.939	2506.733	1128.08
2556.017	985.9988	2553.8408	956.01154
2595.2693	936.8885	2610.545	1110.7765
2663.9722	1162.6882	2650.898	1163.8596
2744.139	554.1114	2741.7834	535.8987
2747.3127	591.06256	2745.5806	572.0382
2767.4858	626.9539	2760.2764	550.97375
2773.9285	987.009	2777.563	1016.0547
2792.3904	868.8459	2795.1882	894.08997
227.07864	1096.633	242.99065	1100.0436
611.934	1212.9946	610.8653	1226.0707
615.83044	181.10498	612.56537	238.03242
650.35364	1049.0167	650.97296	1035.9513
1150.0006	951.5152	1137.998	951.4993
1174.3247	1145.9921	1174.4512	1167.0033
1174.4792	1289.0035	1173.8613	1372.0065
1297.8602	1120.9962	1297.3657	1139.01
1327.2799	1102.0437	1325.2482	1115.0388
2287.661	1406.0164	2286.7893	1387.9619
2400.4954	1514.041	2396.013	1458.9176
2427.9563	1396.1477	2426.2324	1383.9672
2469.2139	683.9936	2469.1074	697.00903
2515.537	776.98615	2515.178	789.0053
2503.3462	1187.0569	2554.504	1196.1727
2695.3518	1045.9637	2683.0078	925.9992
2748.6328	613.9946	2748.867	597.99805
2873.2976	446.0315	2870.5596	384.9749
2927.1887	356.87305	2938.6223	463.93353
208.16646	1229.8788	191.0973	1227.3446
271.14194	1233.1642	254.93019	1230.411
461.39032	984.9791	459.5389	1038.9843
544.03	1323.8491	510.03726	1325.0524
905.98615	1438.3766	890.9713	1438.7104
1456.7312	1229.0436	1460.6492	1253.2189
2352.1997	1341.3832	2338.7295	1348.4003
2489.9233	507.00424	2490.643	520.0197
2572.3286	1230.855	2576.8364	1241.0721
2741.467	648.0488	2731.8313	542.9238
13.470815	1356.0353	16.021482	1322.0016
479.4656	323.08054	480.60828	359.04422
501.89423	561.9853	503.56616	549.93976
1016.46704	1549.0099	1016.00195	1571.0
1102.7032	1194.1799	1095.6775	1182.5894
1261.0714	1390.0039	1258.845	1430.1024
1309.7452	1298.7903	1296.6442	1314.707
2391.917	1325.9465	2394.312	1367.04
2547.1697	1135.9905	2547.291	1151.0057
2659.4143	1036.0532	2654.5017	982.04535
2662.6138	638.0406	2664.7126	658.03015
2762.8408	516.9192	2764.6775	536.031
7.099589	880.0851	4.1608863	848.9848
5.910051	773.73627	17.013977	760.0113
21.524012	508.97745	20.148876	538.0071
191.19498	1416.0106	189.72238	1443.0936
206.61798	575.94543	214.03317	524.00476
278.816	616.30707	238.06567	591.8904
479.9053	633.13574	520.6206	661.54376
595.7304	1481.0524	596.5922	1469.0425
619.83246	906.9178	619.0467	918.0737
651.4783	1168.0599	650.9928	1180.0403
762.3554	1434.9944	762.625	1451.9901
1149.0273	1520.2407	1164.9352	1518.4302
1206.6549	1269.9811	1205.2258	1296.0125
1229.0071	1227.0018	1223.4275	1249.1079
1245.7744	1448.9062	1247.7274	1465.033
1319.2537	1455.9072	1344.0767	1461.6698
2120.8545	419.0202	2121.0918	408.97855
2206.0015	726.029	2191.0427	726.8147
2446.4177	1358.0353	2445.1404	1336.931
2474.7766	520.0181	2473.8774	508.92886
2516.5068	793.9911	2516.719	806.0226
2585.974	1370.3331	2602.949	1371.6544
2651.5706	1067.0411	2643.2156	979.8835
2734.987	1590.3315	2821.0127	1593.6725
2778.6604	1275.9408	2781.3542	1305.9683
2794.7002	1485.5757	2787.5022	1473.6957
2871.261	946.08356	2874.7476	976.91547
3054.112	1314.9769	3057.0085	1328.9982
563.988	279.77127	542.941	280.8753
616.6579	1025.9443	616.1145	1039.0463
1257.9497	1235.0005	1258.2748	1266.9972
1504.0173	1196.979	1483.1749	1179.788
1763.9836	2033.6117	1783.9926	2033.3751
2504.167	1097.9742	2506.167	1110.9744
2617.0261	180.1749	2599.98	179.63689
2618.9692	741.00275	2610.7983	649.92834
2736.981	541.00165	2738.4343	558.0482
2767.9536	921.90247	2770.8298	950.0174
2820.7734	555.0207	2823.3315	583.061
2836.833	574.01807	2824.5283	460.15906
2849.9812	566.0021	2847.7554	545.9163
3059.871	904.1206	3056.128	869.0932
11.873755	996.4809	38.85222	1003.563
602.3264	1396.0186	602.895	1385.994
968.58325	1415.9944	968.53143	1429.0061
1309.3188	1098.1527	1307.0403	1087.991
2508.0122	817.9492	2509.268	842.9866
2520.3367	227.11177	2515.9395	201.01021
2528.8008	778.96704	2529.2153	789.0323
2759.338	547.0403	2757.5725	518.026
2771.1406	954.88153	2773.9575	982.0044
2902.1436	967.0977	2889.6973	858.03455
2.154086	1519.0128	4.9978547	1484.9164
26.74031	1286.0493	10.199954	1534.1467
633.7722	1354.9172	632.8861	1368.0597
1215.1338	941.9823	1212.6273	923.0493
2452.1643	556.9861	2447.772	505.0193
2505.1948	666.98846	2506.023	680.99866
2509.6406	1148.9708	2510.2375	1162.0802
2514.6265	998.0177	2514.009	984.9996
2558.7412	1122.9224	2559.9128	1134.1138
2651.6672	690.02734	2653.557	713.0364
2732.4607	1462.7443	2749.8533	1494.0814
2742.7407	599.9673	2743.6262	620.0165
2744.8098	627.0189	2746.393	642.96094
2781.846	1008.01697	2779.4146	985.95435
173.00229	1479.1425	142.99397	1479.6239
195.06107	1307.975	195.62814	1332.0088
615.7259	1060.9841	614.96704	1074.0562
647.5411	1181.0034	647.61786	1168.9912
738.6056	446.34628	710.1156	413.8985
1166.8141	1206.9946	1166.9205	1223.0005
1326.9589	1174.0034	1331.011	1221.999
2479.4724	808.0428	2480.5337	821.119
2496.56	677.0177	2495.8655	698.9957
2518.06	809.02905	2518.4927	823.0157
2522.6853	977.97565	2523.7537	1008.0088
2533.0203	969.99927	2533.5193	984.0171
2606.4373	725.95953	2608.2974	746.065
2614.5437	205.88336	2610.1582	223.04045
2722.4514	1007.96814	2724.1477	1031.9896
2840.9138	549.90576	2842.9858	570.00146
2863.004	428.91415	2864.8933	451.00912
2885.0464	1459.8829	2895.124	1549.9861
2963.3132	451.06256	2960.939	425.00555
2981.455	326.9592	2983.7825	352.92987
189.65767	1450.9833	188.33308	1478.0164
191.07748	492.00586	189.1772	517.0892
329.353	1575.9373	328.08643	1589.0084
623.8876	766.9134	623.01843	778.0793
1493.8134	1242.9868	1495.5719	1218.0403
2451.4453	494.04483	2452.3354	505.05374
2543.8083	1000.1584	2542.45	989.9402
2562.842	1156.9962	2562.5786	1168.0614
2855.2197	1581.0698	2853.5986	1562.9464
2865.3103	1275.063	2868.8687	1314.012
10.227683	1406.0182	12.955195	1371.9164
83.428085	759.736	60.114166	721.9296
447.8923	1070.0255	447.32098	1090.0377
463.87845	698.0246	463.291	719.0081
1138.5144	1291.0447	1137.586	1280.9462
2285.5574	1375.0481	2283.1475	1352.8752
2414.017	1404.5848	2446.019	1403.6489
2556.4788	1150.037	2555.691	1138.9509
2597.6306	693.02905	2598.8079	708.0151
2629.1252	739.989	2617.27	605.2402
2707.6025	1316.9857	2706.9182	1335.9971
2846.8804	541.006	2847.037	518.00024
2988.4758	460.0591	2978.2046	368.97693
79.279724	791.07	83.75659	773.18945
222.36095	883.7539	259.84946	897.41315
969.62946	1369.9868	969.9438	1385.0012
1018.0174	1435.3785	1006.9947	1435.885
1079.9734	1451.0002	1080.0919	1468.0063
1247.4064	1203.6115	1238.1139	1193.8911
2404.6165	1337.9437	2406.3542	1356.9677
2468.0278	667.9693	2468.3875	680.0183
2493.136	809.99896	2493.2192	821.0059
2506.8674	684.00146	2507.0098	696.9999
2611.647	1354.9811	2612.1152	1370.9966
2724.02	535.90436	2732.2793	623.9738
16.498394	523.0476	17.936275	507.99393
538.01605	1502.797	500.00122	1503.1367
1223.4056	1453.3136	1209.4596	1471.3552
1359.8876	760.083	1405.9052	757.3829
1449.1027	1111.9775	1449.5516	1133.9683
1479.0149	1576.0558	1505.4636	1568.9918
2373.4817	1347.0254	2357.5168	1338.9558
2501.0786	838.02313	2500.7266	824.00684
2647.3794	1215.8419	2643.249	1232.0634
2771.8367	907.00726	2770.678	880.96985
2934.906	516.8744	3008.084	462.11206
35.08827	429.826	27.907154	426.183
260.0368	983.0021	254.49751	1080.0284
428.84424	1268.4747	436.98758	1253.993
439.38007	1331.0098	438.83798	1352.0216
593.6755	1367.9891	593.56903	1381.0046
622.97833	783.0002	623.0523	792.9922
1140.5251	1073.9656	1139.1427	1093.0104
1170.7913	1100.9451	1168.6388	1069.9557
1383.9098	1240.0017	1384.1852	1255.0149
1546.2284	1653.273	1521.6831	1673.8162
2206.1113	1021.7607	2214.3682	991.0991
2490.0034	777.93335	2490.678	788.0878
2683.1428	589.98535	2684.586	604.0425
2751.0315	1525.6482	2702.9695	1521.3412
2766.3345	550.9709	2768.2522	572.978
2768.6375	1174.9803	2769.226	1194.0239
2802.9346	975.00665	2805.7776	1003.0226
3038.4226	1348.9592	3042.6775	1393.0311
3.6008701	966.0425	5.942848	932.92523
174.14745	1173.362	160.92905	1170.307
591.9644	310.9966	594.1573	288.015
856.3512	1418.0055	856.43195	1398.0017
1444.3966	1244.0104	1444.1399	1228.9976
2188.062	1391.9373	2188.9526	1407.0028
2588.9797	1557.215	2574.9163	1555.8855
2648.1726	602.07605	2655.7053	684.0271
2852.4302	528.9617	2855.0256	558.08685
2859.0745	833.88464	2861.9854	861.0016
3002.2979	890.85486	3006.1025	924.8767
7.835727	1443.0662	10.461234	1409.8783
57.51832	835.96454	52.35907	906.0264
216.93585	293.07828	178.02713	261.18695
654.8359	1034.9089	653.88434	1047.0692
1137.3544	1449.9756	1138.112	1460.9923
1187.287	1131.0927	1190.8798	1119.9612
1217.9191	1030.2848	1204.8395	1026.5645
1222.5516	1472.205	1227.0762	1460.0283
1819.9452	1326.2155	1784.2122	1283.164
1795.5382	1336.6006	1773.7224	1307.206
2170.0146	727.36273	2135.032	728.7865
2613.2524	1215.873	2605.2112	1199.8937
2650.2876	1010.9681	2653.0808	1036.1022
2694.4387	988.96136	2696.6553	1014.11847
2772.6548	1146.019	2773.2092	1126.9769
481.56723	781.016	484.75226	667.96484
651.4061	1202.9164	649.829	1214.1167
1140.1552	1098.9719	1140.5944	1117.0099
1290.1904	1289.9525	1284.9708	1269.0073
1297.0308	1192.0043	1298.5621	1180.9395
1469.7264	1256.6985	1463.1802	1240.9252
2652.9402	1040.0095	2656.4333	1061.9309
2690.5208	669.06085	2692.9277	688.00916
2892.504	815.947	2895.4585	844.0569
2904.8418	932.0183	2908.4226	962.9511
2943.0374	359.99695	2944.9895	384.00085
3028.7117	744.8132	3032.223	776.97565
15.02261	1368.3845	0.8950636	1369.2152
30.374107	859.84564	33.777523	890.1373
1119.4734	1277.0492	1121.6659	1255.9652
1137.6112	1425.993	1137.2695	1445.0049
1367.1058	1060.033	1366.2941	1037.9891
2732.978	499.97668	2758.7107	475.6935
2796.7102	908.93384	2799.4148	937.96136
2884.644	940.9322	2887.7075	970.03076
312.07507	1339.1193	285.9241	1336.8904
326.81558	583.0176	328.9152	605.0081
2584.938	658.00146	2585.4995	681.9883
2740.1714	572.9873	2741.8044	595.01447
2771.2915	604.9723	2773.2988	626.0667
4.4125886	1481.0405	7.668398	1447.8693
286.9899	1512.8446	261.96558	1514.4698
389.56833	571.48267	378.06656	581.0798
1220.4048	1629.9009	1222.17	1654.9175
1344.9807	1069.998	1345.0078	1084.0
2454.4314	525.01025	2454.6655	538.00604
2477.9138	792.1399	2479.5771	805.05444
2492.6711	540.0471	2494.2559	551.1066
2690.9856	1073.9464	2711.1433	1068.5342
2863.7004	876.8099	2867.075	906.99164
193.98105	1234.1882	212.09941	1236.0127
475.947	517.0857	484.55453	421.9597
1294.9054	1336.0067	1296.1105	1352.9922
2502.7402	980.0139	2502.0972	967.9948
2755.1597	1505.1753	2748.428	1472.9108
2764.6848	886.9454	2766.3613	907.9712
2835.1936	493.0706	2837.2864	516.9749
2973.839	327.84515	2987.5664	313.58273
76.51114	763.09375	71.58999	789.9248
612.22833	1178.9951	612.2763	1190.9989
1179.0281	1200.0667	1177.8527	1182.9415
1316.6652	1363.8618	1307.6353	1451.0658
1377.8744	1207.0446	1378.5397	1193.9766
1394.9938	551.65155	1430.0183	551.0292
1434.9756	1715.0583	1644.9897	1709.6031
2932.3433	468.97217	2934.7788	499.01794
195.20938	1337.9467	193.30925	1366.0884
243.37378	867.0736	258.3557	873.11835
665.6017	598.974	664.9432	609.0616
969.5641	1392.954	968.38196	1404.146
1241.2745	1462.0037	1241.4614	1448.0061
1319.0237	1272.9979	1319.893	1283.0093
1374.9167	1217.9877	1372.5369	1234.0793
1432.2927	1202.0583	1431.2136	1188.9824
1516.2306	1212.8032	1504.6827	1199.2708
1551.8552	1622.8337	1536.6147	1585.5234
2971.079	761.8814	2986.0254	897.8873
9.999969	1603.9786	0.99852127	1603.992
449.5268	1007.0057	449.30035	1028.014
1159.7858	1270.0175	1162.9696	1309.0024
1290.573	1317.0503	1287.9884	1295.1193
1294.5388	1089.0986	1291.7866	1104.1439
1384.6056	1638.1978	1379.9941	1629.0029
2477.9387	637.0067	2479.0396	646.99567
2590.9956	197.82637	2571.9827	198.2944
2708.3984	1338.9961	2708.702	1370.0029
2768.9846	578.00104	2770.3755	599.04126
2771.8118	1207.9076	2775.3481	1238.9603
2799.956	941.8988	2803.037	970.9961
50.11596	403.06433	46.25369	470.07227
72.26258	692.4516	57.757645	685.50616
1165.8354	1473.9967	1167.0167	1414.9803
1260.5474	1439.9586	1258.983	1457.0897
1424.0623	1682.8604	1396.9868	1684.8177
1506.0782	1568.7693	1530.0358	1576.8945
2647.601	981.9387	2650.0637	1006.09546
2699.0303	678.8967	2686.2085	550.9791
2721.3914	689.35406	2734.2063	675.1866
2750.6035	641.01105	2750.156	624.9678
5.272941	929.92206	8.805779	896.9792
584.6643	630.0525	585.5472	618.88513
711.6415	339.0659	707.56665	316.89584
1174.04	1382.9603	1174.5363	1395.9796
1274.6935	1333.0404	1272.5671	1316.9252
2389.109	571.848	2370.4001	558.44165
2625.9524	958.0028	2624.8306	939.01
1343.508	1124.2181	1338.8976	1134.956
2691.7627	959.9422	2693.595	984.10657
2811.8127	1577.9567	2812.6245	1536.953
18.932262	543.9974	17.78018	573.9916
1117.0017	771.06195	1158.9976	769.91235
1353.7368	1089.9647	1354.3634	1103.0305
2407.5144	1365.966	2409.975	1403.068
2715.8206	946.9262	2718.3425	974.9692
2867.652	911.0382	2871.048	941.99475
2873.263	524.97284	2875.4421	546.0577
675.7991	875.9889	675.9658	857.9904
2277.0002	1387.0363	2253.002	1387.2418
2712.2202	911.97723	2714.389	932.9598
2806.9792	1088.1284	2802.8005	1054.8993
2950.9197	431.00693	2953.2444	457.97894
2954.2993	461.97214	2956.3477	483.96762
3034.3223	793.8416	3038.5254	828.9371
266.63278	811.47705	253.0083	800.9892
411.41376	1479.9364	408.90143	1503.0978
1117.4171	1441.02	1116.9014	1426.0034
2381.4119	538.083	2383.3882	552.08636
2500.9211	820.9989	2501.0876	808.98737
2686.0862	617.9946	2687.3933	639.03766
2789.8079	1437.327	2785.4185	1448.1693
2916.97	1273.0015	2918.3772	1301.9817
445.1791	530.07806	443.93643	517.00604
1523.3534	1392.7299	1505.6196	1369.5264
2578.188	1018.96674	2582.2275	1041.7827
2598.5828	1243.1055	2604.648	1267.089
2867.2495	466.97955	2869.215	490.9824
2897.1484	859.9847	2900.4531	891.9532
2969.4214	435.95554	2972.9104	469.00946
425.92947	1263.5536	414.97977	1262.1588
615.81537	1373.9772	616.9272	1364.991
2356.826	1410.0498	2358.2195	1386.9529
2480.5112	2033.217	2507.9119	2044.2195
2642.5967	1165.2513	2634.2437	1151.8481
2718.763	977.91113	2722.034	1005.99603
2926.3206	1455.8906	2929.794	1466.0703
3040.1248	1234.121	3058.0144	1232.1289
84.97034	1214.1179	103.98247	1213.4786
671.2992	1035.982	672.0924	1004.9768
1326.2921	1223.8921	1321.5392	1255.0822
1646.6904	1498.9435	1645.627	1485.9487
2837.9387	521.0059	2840.2473	544.9762
2947.5383	400.95224	2949.85	427.0133
2987.6548	765.9283	2991.0583	796.9936
3020.5195	883.9367	3024.916	920.01025
415.63525	1314.988	416.33203	1351.9938
1300.8109	987.9845	1302.1212	972.00995
1303.4099	1127.0316	1302.6576	1112.9648
2993.015	812.9983	2996.9734	847.0031
179.03142	1327.6051	153.03683	1325.5371
294.9967	1406.9385	282.97757	1407.5795
704.1372	423.9957	729.86066	453.12305
1173.0105	1460.9998	1173.3153	1473.9926
1287.0446	1198.2816	1272.1028	1200.6487
1301.1165	1322.0706	1307.1581	1312.0957
1925.9226	736.8908	1973.006	735.1645
2502.237	491.98514	2502.866	502.00842
2986.5725	368.87216	2988.7795	396.0179
2993.1982	430.9774	2995.9268	454.89426
328.0533	1594.9423	336.39938	1602.6504
1158.6526	1327.3057	1149.7659	1317.206
1165.0258	1338.5911	1154.0065	1337.898
2464.6174	635.9467	2465.6604	648.0293
2636.0654	1143.9988	2635.6711	1122.9874
1207.2216	1238.1166	1214.098	1225.0516
1256.416	1273.0759	1257.9663	1285.0044
2618.9465	1104.9302	2628.632	1097.5193
2997.7734	852.8004	3001.503	885.9434
1201.6619	1046.6776	1192.8812	1055.8868
1218.7102	1530.9747	1219.4231	1551.0205
1285.3593	1077.0192	1284.7715	1088.0411
1623.7015	1447.1534	1622.0155	1432.88
2483.0364	530.94855	2484.2302	554.9886
2488.972	492.00458	2490.7683	503.03772
662.0914	731.91815	662.7738	741.01697
1315.7539	1469.47	1300.3204	1461.3882
2513.3796	946.9551	2512.068	935.8736
2530.14	1164.1036	2528.568	1151.052
2553.5022	1002.0349	2554.4114	988.95905
2660.5842	608.9611	2661.5203	623.0319
4.2488995	1322.9457	1.9246306	1355.0669
1140.6006	1043.9866	1140.8926	1057.0024
1399.7097	1648.1715	1407.217	1660.8717
1414.0059	1665.9921	1424.9152	1674.1139
1727.4064	1025.9905	1727.8497	1045.0035
2550.0457	1010.7378	2538.0618	1008.646
2548.7593	1153.941	2549.781	1167.0947
2901.1843	896.08795	2904.5234	927.0514
586.3984	310.0216	585.15125	333.0082
1281.9591	1314.9973	1280.8524	1331.9904
2665.192	661.979	2667.0535	678.99414
2688.7815	643.9697	2689.4812	662.0201
329.10132	1306.2229	307.8113	1303.4475
1166.2502	1313.9906	1166.9662	1333.0012
1505.4578	1116.8533	1500.6338	1101.797
1529.8264	1359.0554	1526.6539	1349.1105
2487.0764	646.99176	2485.681	634.03436
1332.7767	1182.0115	1332.0599	1167.997
2516.8174	62.034252	2512.2993	37.943844
2545.104	1332.9907	2543.7646	1318.0211
287.43787	722.01953	295.32904	544.9701
1146.378	924.0758	1143.7952	936.9589
2499.8394	945.0263	2498.008	933.835
2989.882	399.91827	2992.4802	427.9555
1185.7333	1185.9866	1186.7921	1164.9392
1284.0997	1300.0051	1283.4243	1313.022
2917.0757	1356.2241	2904.7986	1362.6132
128.86981	1155.6262	147.87979	1159.5782
856.4047	1475.0162	857.1304	1456.9651
1235.0588	1389.026	1239.2007	1379.647
1667.3397	1484.798	1678.5627	1503.6653
3008.2764	452.97116	3005.2485	423.97406
2484.1594	1085.7515	2495.135	1092.7896
2642.7263	972.0289	2640.504	950.9469
2680.661	1048.0415	2678.0818	1026.99
1377.0865	974.0178	1376.7542	956.9853
1526.1633	1445.9813	1524.445	1430.9491
2870.111	495.88992	2872.5046	520.0491
1177.3414	1049.0588	1179.0731	1039.0126
1405.0631	1198.857	1387.8802	1191.2712
1463.614	1222.0878	1460.1733	1206.9606
1463.9283	1240.1257	1465.9585	1225.1298
1277.2821	1269.9417	1279.348	1279.928
33.60115	1011.92096	31.3899	1023.0773
1231.5057	939.0489	1229.6167	919.939
1201.2667	1226.2777	1193.109	1234.1134
2671.4724	1029.9412	2673.2214	1043.9724
