2993.1123	452.9061	2871.0037	468.0302
2992.044	442.2719	2715.8433	487.03342
2873.0757	421.64117	2841.0493	425.4185
2984.6614	394.16306	2887.0686	402.77692
2996.8193	469.50195	2728.4688	501.88364
2995.0244	460.2002	2838.0432	479.3545
2991.9368	438.48514	2901.0767	449.6262
2792.4028	426.47067	2721.8047	432.83203
2813.9895	478.91525	2744.0776	487.6231
3000.2388	491.50708	2733.1584	522.8215
2701.8828	464.42514	2989.2927	417.6541
2998.09	478.7454	2737.9058	510.2218
2952.962	461.68542	2816.0383	478.315
2985.0342	550.2842	2726.9185	581.32196
3006.893	530.9949	2728.8938	562.04974
2717.5466	490.06918	2993.7854	452.95935
2700.2327	478.46936	2990.9104	432.4336
2905.9885	553.90186	2751.1108	571.95197
2999.0522	486.43265	2857.0654	503.543
3002.1094	513.92303	2732.9797	545.82996
2916.9363	422.5388	2882.0496	427.35852
2922.7776	405.7774	2948.9138	401.02264
2993.089	456.7419	2956.0237	461.19763
2992.0818	445.601	2966.02	449.14658
3001.1167	505.98218	2794.0671	530.5664
3001.05	501.39734	2732.0369	535.2928
2999.1707	518.44745	2732.9805	549.83356
2764.9905	493.92395	2837.9814	484.85107
3001.976	509.7998	2732.8684	541.89734
2928.024	416.1802	2952.001	413.00662
2928.0159	474.12167	2977.9438	467.5724
2693.1365	470.12396	2730.943	465.5308
2823.0042	440.03284	2890.9114	431.31015
2738.9023	508.196	2998.0847	476.6962
2733.8682	523.9009	2940.021	499.1758
2735.6787	514.55536	2998.0117	480.08884
2871.0535	488.4333	2996.9856	472.8829
2734.984	519.87366	2999.5986	485.87656
2540.9927	550.935	2498.0786	555.7076
2733.091	531.76886	3001.0068	500.05746
2590.9707	471.73892	2675.9111	462.20706
2731.6333	549.8788	3002.3599	518.063
2627.5205	561.61444	2337.836	591.4059
2731.8833	544.0188	3002.9702	511.7495
2729.9094	560.23267	3000.1562	528.3227
2730.0378	564.3211	2996.2278	532.9318
2732.6501	538.1029	3001.3218	505.66544
2732.872	527.92896	2948.0261	502.2181
2879.064	372.66278	2826.875	377.7081
2569.6726	530.1562	2627.1914	517.8985
2621.1604	545.11237	2588.1262	549.87555
2730.9102	568.236	2991.194	537.652
2514.0647	830.75134	2470.954	834.46594
2630.0293	580.2711	2529.0232	591.2151
2602.0996	485.9535	2656.9185	480.2203
2494.9329	572.3892	2622.9253	558.3205
2466.7207	586.51556	2626.2898	568.57745
2572.9883	533.8826	2624.0798	528.8017
2732.9846	555.8692	3004.2166	523.8342
2694.9214	473.23044	2727.9846	469.84854
2432.917	573.2076	2375.81	579.1869
2962.9104	500.18582	3000.1199	496.09015
2586.0037	567.0348	2621.0376	563.3589
2969.0352	360.28427	2926.0728	365.58835
1593.1537	908.43286	1579.9834	909.8456
2453.068	858.9095	2408.9414	862.2174
2517.0344	853.424	2472.9998	856.9955
2506.0193	564.17725	2586.0476	555.43604
2770.9673	509.77066	2737.9258	514.4799
2449.9438	836.3127	2407.9783	839.7345
2496.1648	523.4158	2451.0771	528.66205
2496.14	529.9216	2466.0742	534.4883
2968.994	495.95303	2999.987	491.90192
2821.0994	806.134	2776.094	810.07294
2776.9158	806.9706	2819.9546	803.4461
2224.1072	855.0354	2204.0122	857.11755
2396.0825	545.63275	2358.0776	550.59436
2631.011	584.10345	2586.9724	588.7374
2461.0737	768.8428	2520.966	763.6116
2461.0662	592.93384	2630.8516	580.9045
2986.1624	415.49417	2952.1292	419.18973
3069.2617	450.68088	3050.7756	453.56015
2589.0254	536.2238	2623.0408	532.3584
2709.956	812.45776	2751.9243	809.065
2711.8965	835.7191	2753.9453	832.3229
2160.9827	860.7872	2145.0073	862.08966
2224.1204	877.31134	2186.9744	880.71985
2421.3198	587.4964	2581.0042	567.0319
2473.0583	531.32404	2493.921	527.5612
2495.9443	1139.9886	2537.9824	1137.68
2622.8774	616.8358	2984.97	578.7146
2823.0527	829.63367	2779.1074	833.2911
2992.9146	449.27554	2978.0044	451.03653
2753.08	812.0	2709.0422	815.52795
2755.0222	835.2801	2711.0608	838.7658
2201.9897	856.90546	2184.9744	858.765
2539.0823	1140.3752	2495.0605	1143.0115
2760.944	1126.8141	2804.9404	1124.7377
2463.846	571.3995	2545.9512	563.4936
2405.9556	806.50665	2446.983	802.8113
2409.9597	882.4853	2453.925	879.04333
2616.9358	494.4692	2540.6016	503.70944
2574.1636	433.8395	2561.8516	436.23743
2690.949	748.38434	2755.0059	743.0696
2527.1013	757.12225	2386.979	769.7681
2399.0115	584.0991	2478.9873	574.88904
2699.892	757.70374	2752.941	753.291
2831.9485	1152.9923	2877.9814	1150.6378
3044.1558	574.42664	2623.1558	620.42535
3074.296	207.57944	2964.7625	256.7003
2185.9646	900.6223	2226.9792	896.7782
2398.9556	774.51373	2453.0515	769.563
2460.7695	505.36108	2426.8772	510.1267
2429.8438	599.48126	2499.037	592.36035
2805.9128	595.13293	2745.9165	601.16907
2764.898	741.819	2828.031	736.3578
2830.9758	1123.6011	2875.9312	1120.868
2163.0435	882.444	2147.001	884.0102
2448.9138	526.17456	2492.07	521.67206
2185.8877	659.8752	2593.0264	619.26465
1620.9784	1184.8896	1633.0199	1185.1814
2512.0654	770.71576	2463.919	775.1132
2499.9663	1168.4053	2541.9443	1166.021
2753.1257	749.3811	2699.9292	754.22266
2822.0247	1063.42	2869.0393	1060.6726
2425.8774	1079.7242	2472.013	1077.238
2471.947	805.4033	2515.0518	801.5837
2599.0264	615.35785	2618.9922	613.8927
2539.1248	746.45953	2375.042	760.4898
2835.079	729.8881	2685.0242	743.2719
2937.8975	581.0562	2812.9614	594.64624
1363.971	966.6563	1378.8641	965.395
2141.037	862.48486	2126.048	863.6292
2451.0237	776.2639	2400.8884	780.75507
2530.9604	882.4943	2399.824	892.74835
2567.9453	493.54916	2527.928	498.40707
2581.9915	588.92	2551.9053	592.1049
2767.9026	751.8546	2818.9587	747.5142
2431.9636	1143.4579	2451.976	1142.9845
2453.9744	1142.3949	2473.9385	1141.5477
2544.0505	1168.9061	2499.0793	1171.4182
2779.9275	830.0843	2821.9014	826.7557
2889.0928	1037.631	2735.0222	1046.3905
2469.9287	801.2823	2512.9019	797.0126
2653.0637	424.37274	2637.0193	427.11243
2753.048	1066.8729	2798.0217	1064.394
315.1041	515.7967	280.86398	498.26566
281.23807	498.39224	316.24594	517.5506
1595.0085	887.10565	1560.0758	889.9359
2234.1008	784.1125	2103.0884	795.9757
2503.1128	439.3259	2483.981	445.94464
2475.9373	877.2236	2518.98	873.7515
3069.1365	433.2758	3038.0642	436.5996
1348.9929	721.9366	1377.0879	718.7833
1364.92	926.3606	1378.8278	924.6219
2125.9363	905.1776	2165.9282	902.0752
2595.021	621.2009	1746.8777	709.82996
2644.8787	586.78613	2724.9775	578.77594
2846.0642	718.756	2673.1204	733.4185
1593.107	706.02356	1289.8691	737.74945
1626.9946	905.9403	1615.9044	906.94867
1916.9135	922.10754	1954.0492	918.50806
2161.9265	802.20605	2116.9412	806.364
2245.1091	633.8845	2081.1365	654.10583
2802.0303	1058.4845	2751.9758	1061.615
2900.0796	1025.3705	2722.0413	1035.7112
2412.9846	453.9087	2398.88	456.28754
2369.1785	563.4424	2411.732	560.3323
2718.0757	573.65186	2653.8955	581.1007
2806.0361	1127.7074	2760.0542	1130.0587
2821.0364	743.4157	2767.0127	748.1449
2872.095	1054.3705	2820.994	1057.9128
878.0128	1644.5437	929.00885	1644.993
2419.0093	593.0895	2462.9465	588.49005
2487.9368	1075.9266	2537.9988	1072.9799
2748.9983	756.98206	2704.1003	761.0945
2711.997	859.9499	2761.8894	857.07874
2792.0452	753.62	2772.0056	755.0761
2877.0515	1123.8955	2828.0986	1126.7131
1360.8855	898.993	1360.9384	882.99646
2142.0945	884.2197	2127.03	885.3881
286.00116	1635.0476	235.00717	1636.2936
1566.8315	1188.4434	1576.0482	1187.4459
1953.0701	900.03674	1918.0272	902.40326
1951.1003	877.7104	1935.9783	879.8459
2237.076	905.92993	2115.9048	915.83374
2186.976	877.72064	2222.9688	874.6343
2204.926	854.3895	2221.9187	852.32983
2511.0059	1078.1151	2491.0598	1079.1509
2762.9583	1156.1498	2807.9482	1153.9443
2843.02	858.24915	2702.8037	869.56805
2824.002	739.0211	2766.0059	744.0677
2815.0176	751.16736	2795.0286	753.2718
3041.0745	598.73865	2800.0042	623.04193
1859.8982	926.9	1896.9508	923.46893
2265.0376	472.23175	2252.8706	474.19937
2406.0642	555.63257	2372.9995	558.99445
2434.9456	1171.9863	2473.9941	1169.8892
2611.8936	594.00977	2376.817	619.29755
2514.0369	799.3825	2471.9453	803.43
2809.0437	1156.961	2762.05	1159.1013
1533.9677	708.7493	1595.1112	700.86163
2245.0393	773.4358	2092.1143	787.26465
2384.9336	907.02277	2548.9248	895.8918
2752.9392	787.2452	2705.9219	791.031
2923.994	1413.766	2765.9727	1417.9696
267.13794	243.01047	269.95367	205.92056
761.9555	1619.6217	679.9764	1622.2697
1049.0037	1464.2212	1015.001	1464.3237
1382.9828	973.78204	1281.9807	981.7551
2182.9841	482.8667	2169.9316	484.42844
2473.0332	1144.7134	2432.0286	1146.6157
2701.7815	782.76245	2752.8862	779.313
838.97845	1614.5842	804.9662	1616.3473
1360.8204	966.0023	1360.7113	911.00256
2406.008	811.09814	2450.0427	807.526
2552.055	1056.8258	2408.092	1066.3848
2491.9893	1104.6703	2538.9402	1103.1511
2548.9827	1197.6165	2501.0361	1199.7953
2666.9182	576.2787	2702.9087	572.1946
2933.0273	1402.9911	2753.026	1407.9379
1105.0873	811.03253	1053.0365	815.43207
1301.9464	884.5011	1326.9796	881.81085
1598.5421	1185.9907	1598.9667	1164.9993
1654.0743	952.9503	1545.954	961.4125
2142.975	1158.2164	2158.9907	1157.7084
2409.9688	859.6245	2450.9343	856.21216
2563.0032	1045.0457	2396.084	1056.2524
2620.0342	630.4328	2600.9165	631.9388
2675.4731	466.51474	2626.5771	519.61066
2204.9976	1154.9548	2241.9966	1152.939
2499.977	1197.5565	2545.9578	1195.1832
2879.0806	1153.4716	2832.9998	1155.9967
360.8289	545.34143	280.4664	505.0647
995.9974	1468.2828	1089.9995	1468.3909
1359.8464	1200.0184	1359.5114	1179.0238
1365.9126	946.31104	1377.9722	944.781
1579.8446	1214.0262	1578.7316	1165.0288
1648.1317	882.4023	1612.9723	885.7057
2163.9744	1157.4141	2179.944	1156.7169
2434.9917	1200.8197	2478.992	1198.8232
230.98595	1156.1508	71.00982	1154.1964
279.39148	654.9469	282.17932	623.0157
295.29312	466.01718	296.88184	438.93442
972.4104	1641.0271	973.9331	1617.9956
1021.00586	1549.6782	993.9906	1549.9125
1343.9706	1143.3455	1377.0386	1141.8573
1268.9352	995.1638	1395.9475	985.3221
2221.9614	796.6092	2176.9077	801.0669
2475.0479	1172.9089	2434.0562	1175.067
2835.9558	1183.0989	2883.9878	1180.7499
3069.0063	1429.4452	3040.998	1429.5685
317.92627	938.24646	299.9031	940.0097
355.98407	533.92706	360.57776	469.96967
279.52386	236.78102	596.98224	430.30984
918.0319	1611.8484	886.963	1613.0172
2936.0085	1599.0807	2788.01	1600.26
933.66565	646.55774	1.6897955	87.84936
340.09158	488.93564	342.00513	461.9295
605.7858	912.05505	591.65393	1002.94617
770.9998	1553.8099	845.0001	1553.8003
863.9898	1586.0232	920.015	1585.4392
913.4181	627.01935	914.3907	606.01807
1004.9926	1648.2438	958.944	1646.8447
1345.8478	968.7032	1361.8619	966.82385
1594.9575	929.23364	1579.0065	930.1168
2779.9756	854.63715	2827.8928	851.4096
288.65155	546.0551	291.19144	516.0162
333.96777	567.9191	336.23816	538.9403
928.9953	1649.3135	878.97656	1648.5629
1086.0029	1309.85	1005.9358	1308.2863
1379.0935	928.07904	1365.1117	929.28986
1345.8373	901.58374	1379.9614	897.6641
1715.0107	714.1009	1245.0964	763.9093
2245.0884	1183.3917	2226.038	1184.601
2206.926	1182.5446	2243.0361	1180.7118
2535.0232	1076.3296	2514.0562	1077.8
3030.0005	1657.1481	2714.0	1657.9863
93.325424	605.2238	0.81681037	566.4369
217.52219	877.69116	151.07622	862.663
71.70359	106.468575	219.16054	199.74623
223.99883	466.0024	158.94995	434.10205
285.54858	582.8761	288.1831	552.0156
708.6169	505.97083	710.90436	475.9166
498.9805	1631.3965	842.01013	1620.3141
820.9849	1582.1066	786.99457	1582.679
990.9916	1584.4192	1093.9989	1582.9243
991.99664	1496.4642	1094.9985	1497.2053
2180.0425	1159.8636	2142.9849	1161.6907
2223.0183	831.1606	2181.1086	835.95056
2468.6729	875.0177	2465.2666	811.9856
2472.972	831.685	2512.9219	828.12445
159.88173	431.23764	224.33934	463.31818
196.9191	848.39514	175.78139	844.0679
803.0104	1482.8102	775.9817	1481.3362
827.0052	1450.8892	791.0376	1449.2
863.99585	1553.803	922.00464	1554.103
958.99896	1643.0803	1005.0174	1643.6923
1387.1602	862.6751	1279.9927	872.92316
1599.1161	1189.944	1583.1134	1190.8994
2427.976	1107.4221	2471.984	1105.6091
2784.001	1460.0354	2823.9993	1458.972
29.288355	379.46872	79.98415	404.03268
213.0488	1650.1147	306.04544	1647.9688
393.18045	454.67487	283.96622	394.06088
448.02316	1625.0367	409.99747	1625.8859
549.9718	1514.123	680.01526	1517.3918
774.04504	1486.0984	848.0602	1489.7944
782.0176	1645.0874	821.0224	1645.8392
991.99896	1525.2091	1086.0015	1525.0839
1079.0005	1492.0247	1030.9797	1492.9718
1309.8552	1169.018	1309.5581	1150.0226
1667.1044	829.3415	1532.1428	839.83624
2181.1504	900.9897	2174.9846	811.00104
2263.0916	1063.4529	2108.0776	1073.232
2686.0251	884.32806	2862.0603	870.78284
60.101467	630.7336	34.942047	621.15216
299.0163	936.0895	314.8546	933.20245
337.78113	522.9828	339.98727	494.92038
608.4462	448.2694	745.14453	531.76337
766.63116	852.9806	767.83954	829.9916
867.0031	1490.8972	924.0417	1492.6141
1582.9534	696.50525	1549.8704	699.62445
2243.0537	1155.9875	2206.0544	1158.0012
2401.9902	897.87195	2531.2239	887.90295
3071.1194	1537.1031	3054.9443	1538.0219
0.7657924	1230.3961	22.333136	1234.0142
297.91595	244.9459	299.11038	221.00551
877.12036	1726.5305	893.02203	1725.2803
947.96326	1721.4655	968.0061	1720.0887
981.01025	1720.7158	1003.0177	1721.51
1024.0388	1492.7164	997.0031	1491.8981
989.99854	1554.7289	1111.0059	1554.0681
996.9832	1439.2168	1096.0002	1439.9666
1928.9779	658.77673	1891.9445	662.43787
2164.2014	835.5344	2122.1384	841.05457
2606.921	577.4152	2628.9233	574.43445
2679.0706	586.80164	2643.9897	589.88446
2821.1284	781.38904	2772.0854	785.9231
611.27637	436.51385	666.9176	468.145
775.0053	1452.9122	849.03723	1457.3837
902.01794	1518.126	870.01086	1517.4694
984.1764	1671.9414	980.7512	1720.0535
973.9897	1614.1989	1091.996	1612.6838
1088.9945	1324.3004	1000.96906	1322.6766
1396.9803	852.7794	1271.0914	864.0235
1531.9772	975.72595	1634.0197	967.2363
1567.9932	1213.9971	1577.9927	1213.9287
1962.0624	927.7392	1846.9534	937.44684
2133.9834	1096.7246	2179.9958	1093.932
2272.8171	515.72656	2228.5635	565.50104
2248.8982	631.1827	2315.1162	622.9329
2617.1392	674.4334	3042.91	633.0735
0.6659793	360.65472	17.004887	368.99042
20.028177	1276.1449	0.96589047	1276.614
113.01029	1270.8026	80.047745	1269.0841
347.9855	532.0293	323.13852	519.7204
525.8715	580.0388	526.8087	558.99146
552.056	1625.0	503.0418	1627.7462
550.0474	766.9319	552.04395	739.0031
800.98694	1547.786	771.9903	1548.0975
866.9981	1522.06	923.03674	1523.8511
1557.6334	601.4	1518.7396	646.7768
1656.0695	838.7811	1542.8975	848.84656
1962.1221	809.3553	1840.0314	820.34906
1928.9236	1168.9977	1942.9186	1167.9313
228.4473	935.8425	253.2022	929.8329
545.98846	1590.9734	676.01697	1589.5153
610.9175	1226.0568	635.40326	829.9013
862.0274	1618.9165	934.99207	1616.735
1396.0654	1118.0927	1268.0453	1125.7559
1349.8871	927.51544	1358.9866	926.8231
2877.2	1092.1979	2826.0774	1096.8507
0.47164118	366.12186	20.695486	375.64658
129.04704	1634.2006	0.9302761	1639.2206
291.03094	1645.2153	227.99544	1646.8207
380.24274	463.21533	289.13077	413.4202
313.05185	1270.4814	272.03137	1269.0809
605.97906	1621.4701	562.9672	1623.1699
547.0102	1552.4155	679.00476	1553.265
894.2046	1724.0844	897.5099	1676.8956
1219.6932	785.9633	1102.176	772.467
1309.064	1251.002	1309.6752	1230.9901
1388.0192	1128.3064	1278.0118	1135.1891
2161.9993	1187.9878	2144.0605	1189.0366
2408.9722	1227.3599	2576.9595	1220.0648
2522.921	875.98816	2472.9912	879.8877
2636.8801	402.31552	2662.156	397.8917
3069.0566	1417.462	3028.041	1419.0542
3070.4924	2.0000105	3070.4954	134.00002
0.64867795	86.60564	105.37401	147.35526
62.11304	623.7181	35.91451	613.2132
56.493847	344.9553	59.234802	313.9324
326.98187	1507.7693	412.9812	1509.7968
600.80896	1361.1448	602.9023	1334.9922
636.23376	822.07635	641.9336	729.9959
823.0189	1515.9176	787.01245	1515.2882
846.00653	1484.8356	811.02185	1483.4486
878.9906	1612.8926	861.94635	1614.3889
1197.9836	1411.1334	1235.1593	1415.7042
1197.0316	1496.4111	1228.9933	1498.1252
1311.5627	902.99615	1311.6947	887.9885
1297.885	905.8437	1329.9657	902.65454
1566.9729	1240.2179	1596.0073	1239.213
1614.8862	1127.3837	1644.0234	1125.3336
2069.0474	654.3585	2005.1042	662.7905
2151.873	615.97925	2172.0583	613.46906
2098.9634	929.4838	2253.9653	918.5093
2818.5093	771.1111	2817.1533	752.91406
12.437281	546.9	33.317703	555.2008
55.86016	646.82623	37.867813	643.781
33.265823	624.0099	60.63241	634.00635
63.01666	1211.7302	113.990135	1210.5676
219.99687	1170.7457	34.998615	1171.0026
249.48059	657.19025	272.12732	361.8564
330.98572	1465.3307	417.04102	1469.0511
605.9525	566.0908	519.1615	520.6912
571.23846	1397.1078	573.8517	1367.0741
597.45624	795.34955	499.11157	755.72314
555.0323	1438.4827	684.029	1446.5355
924.0274	1488.3944	892.00244	1486.9458
971.1363	1723.4707	947.9646	1725.6182
1293.9518	724.7195	1305.9415	722.6596
1550.4113	698.9954	1550.0017	661.9889
1889.1694	672.57684	1738.9701	688.7214
2448.926	805.1664	2402.9329	809.2426
2539.0598	1109.7789	2492.1057	1113.3782
2735.6348	838.93353	2737.4277	856.05994
3044.0127	1665.3856	2717.9941	1668.3704
93.05136	1646.2432	27.040173	1647.7545
384.5863	855.8658	428.7253	864.12256
486.74084	1320.5382	471.49225	1329.0952
768.0699	825.9465	769.3951	802.9077
819.9825	1649.7434	773.98444	1648.6592
771.0155	1520.232	845.0257	1521.7288
901.2408	1642.014	902.3553	1622.9623
1007.5883	1578.0624	1008.2989	1559.9724
1294.9161	1146.7037	1325.0488	1144.754
1339.3367	1257.0022	1340.0554	1147.9938
1559.3032	1244.0188	1558.0941	1135.0211
1876.8801	670.0022	1941.0355	662.2958
1948.9523	1195.6378	1965.0679	1193.5157
1964.295	1131.0049	1964.1486	1109.992
2457.9463	881.2884	2406.016	885.2125
2738.9644	1213.0905	2919.999	1205.9756
81.352615	409.25635	0.9396267	371.12732
223.00427	1183.9696	42.003242	1183.2184
234.03917	362.92654	174.81398	331.34888
495.95828	1937.9672	515.008	1937.1979
552.0216	1476.4497	683.0161	1481.5897
778.32404	1644.946	779.7583	1626.9807
766.9593	1588.451	843.03815	1586.4507
791.8705	1380.0536	792.98303	1361.9989
919.99915	1548.4812	888.9992	1548.5322
977.8578	940.955	978.64374	920.98596
998.0077	1410.8939	1118.0016	1410.5757
1203.2483	678.0461	1123.2133	687.7578
1197.888	1467.6741	1232.0695	1469.962
1296.8772	972.2553	1328.9296	969.9988
3070.8457	251.99841	3070.8835	272.0002
30.132595	1218.0455	0.86392045	1213.9796
0.6694508	62.540432	63.59453	101.02798
33.226955	553.7898	37.243244	519.9103
0.89766747	1644.6107	126.9639	1640.8044
173.94675	870.2025	216.8713	881.48944
213.87068	634.7865	201.98938	641.9825
252.0725	973.4872	220.18341	978.23254
245.08636	868.7339	226.13509	862.58374
292.89804	499.994	294.59802	471.094
321.78943	519.38794	357.62924	538.84064
352.37622	578.03076	354.91647	546.99316
354.40726	1461.1265	357.292	1429.0262
561.2233	597.057	562.15936	576.9608
639.01324	1510.5378	596.0198	1509.3082
684.5412	694.91156	652.3428	1226.0208
1198.2247	951.1355	1117.812	967.04987
1198.8525	1439.8258	1232.0398	1442.5067
1251.0887	594.7892	1286.1672	546.39636
1289.1866	1258.0089	1289.9872	1151.9923
1382.0206	1259.4515	1279.96	1264.1251
1359.5681	1248.9993	1359.645	1202.9977
1350.898	879.44476	1380.0349	877.5319
1379.5564	965.0115	1380.7113	908.97345
1651.0166	925.504	1634.0021	926.06366
2181.0676	1187.1913	2164.009	1188.1597
2116.9636	920.52295	2236.034	911.4452
2514.099	806.25635	2465.0889	810.1246
2769.4941	755.81305	2771.9893	775.75104
2769.7832	777.34393	2821.8445	773.0938
3071.4097	1559.0237	3042.7615	1564.8218
52.373928	382.92688	56.114525	350.8966
55.96404	1651.2328	93.07001	1649.4935
1.0009598	1737.1604	171.01282	1736.1433
306.7598	559.50665	276.84644	545.3239
560.9912	1401.1078	684.0713	1411.124
729.0797	1492.9478	730.5014	1467.9149
873.9056	1394.8234	926.02295	1400.7999
1024.3148	1550.109	1025.9069	1530.9093
1329.1519	1169.9614	1330.6547	1136.9387
1380.1057	897.0024	1380.5139	878.989
1396.771	985.0029	1396.4557	854.0037
1469.6293	1524.0004	1469.6112	1462.0001
1555.0298	954.0002	1555.5209	868.003
1557.9392	1130.6895	1598.9901	1128.7869
1633.6362	1236.0181	1633.3186	1211.9825
1952.1125	855.1978	1914.0725	858.7717
1972.1694	798.93994	1834.001	811.01166
2303.6924	463.45737	2316.9624	455.93375
16.109158	1244.1891	0.84726053	1242.1348
122.36487	309.1985	0.6349775	244.6888
71.62654	763.1021	0.64454055	739.04895
204.65913	619.0614	218.25714	473.02396
320.00864	1593.9777	407.01068	1593.2089
615.09033	553.9225	608.6091	629.9667
676.0046	1583.1328	643.97375	1584.242
769.63666	797.0317	770.7826	773.9892
771.04614	769.0023	772.15784	746.9575
869.89056	1458.7765	924.0546	1462.1129
922.0007	1425.9915	895.0143	1423.8223
1003.0059	1725.9152	981.89935	1724.44
1146.9971	1524.168	1231.0238	1525.6628
1310.5732	969.9722	1311.6248	915.9732
2120.6108	905.07935	2115.6309	817.90686
2162.1719	1211.077	2161.2834	1189.988
2254.0515	1074.8447	2120.0022	1083.0353
2702.2974	760.8217	2705.069	780.99054
2704.058	874.7521	2842.0833	864.07654
2790.0698	383.52213	2758.9583	387.689
2865.0276	1064.4141	2823.0803	1067.2075
2874.9875	1525.1586	2904.9998	1524.9546
65.42028	489.29495	23.719486	470.62662
80.31128	401.35513	31.175056	377.63733
76.48625	396.94937	79.931206	361.99323
282.48914	617.95465	285.15393	587.9249
346.99252	1546.1035	350.5661	1511.8505
322.99844	1551.0425	410.99973	1551.1746
449.7417	874.1533	390.29803	850.2784
556.61523	671.9781	557.97906	647.9988
582.9971	1584.7261	547.99036	1585.1027
730.66003	405.48645	588.32666	437.45447
806.81433	1484.0627	808.74554	1458.9805
899.98553	1580.352	868.97864	1581.0452
904.9996	1725.6638	920.0008	1725.6454
1022.21545	1610.0133	1023.5801	1587.974
1196.001	1548.853	1152.9999	1548.9008
1365.9569	1223.8689	1378.9762	1223.3733
1378.0999	948.082	1365.1183	949.2806
1607.7883	951.9952	1607.2452	862.99243
1901.8336	560.741	1860.3446	607.4174
2338.1335	462.87424	2311.9797	466.86795
2356.9116	548.26465	2395.9495	543.57935
2451.1716	811.4776	2403.9827	814.74854
2519.1978	873.07306	2515.3638	830.96686
3070.4985	439.00543	3070.618	450.00415
22.543615	373.86023	0.7727397	363.47647
68.83991	450.3367	27.643581	430.74963
46.412083	436.7988	50.83974	401.853
345.2954	666.0232	351.9774	580.9197
377.45337	1587.1318	380.2828	1555.9349
404.89542	438.9898	396.41272	526.0402
494.87634	1627.6079	406.9484	1635.4191
486.0555	1520.5668	501.99286	1521.1841
523.73	611.9831	525.36066	585.95996
577.9906	1633.6455	498.99313	1635.7411
559.2689	629.01953	561.15845	603.01154
518.31824	524.30536	603.567	568.829
765.00494	1604.1902	680.95776	1606.3778
772.7237	731.9849	773.9772	708.9988
795.9956	1615.8846	766.0012	1617.0322
1029.0807	1437.0046	1030.2184	1416.9557
1384.0045	1440.3157	1253.0166	1442.1719
1309.5676	1202.995	1309.6409	1181.9952
1613.0416	1239.957	1610.7472	1131.0264
1872.0143	885.60345	1861.9553	885.2416
2710.2053	838.9828	2711.8875	859.00946
2758.8218	856.1897	2752.8994	788.1829
2805.0027	1097.0406	2756.072	1100.1365
62.151615	569.6237	11.856127	549.35706
42.44067	473.93683	46.27019	440.03052
80.09502	358.00903	83.23591	324.92746
312.04245	1258.8706	274.98203	1257.4779
453.62448	1524.8767	451.00705	1554.0902
528.666	1084.8983	530.8056	1056.8328
784.7075	1515.1355	786.6186	1491.0491
780.97516	1385.233	853.01025	1392.9034
884.50323	1548.1007	885.9797	1526.0657
1002.81726	621.1702	941.9252	627.2509
1087.9928	1519.5586	1059.0005	1520.03
1235.7843	1328.9696	1242.4388	843.93744
1330.1716	901.9574	1331.6625	872.98267
1736.0261	689.2346	1622.0992	701.89325
1668.5143	919.99255	1667.1948	829.01166
2195.942	1093.1205	2240.944	1090.1511
2472.7747	1105.0835	2471.1375	1081.0588
2758.9797	1412.2574	2928.989	1407.5958
57.954533	564.99493	74.938416	412.88147
90.967026	1595.8337	133.98918	1594.6173
313.97977	481.03482	293.07272	468.87497
289.43286	414.05243	378.86655	462.24762
561.6825	1547.0621	564.3332	1517.9393
564.6544	1443.9265	563.23364	1469.9581
722.86365	1676.1501	724.2433	1659.0197
845.9785	1419.3237	814.05255	1417.2074
954.92114	1583.997	955.7422	1562.9509
1026.0876	1494.0836	1027.7101	1472.9777
1098.3201	1525.0225	1100.1431	1418.0024
1563.9388	1156.1989	1578.9277	1155.0536
2558.9875	1205.7533	2424.8748	1212.5127
2797.0562	1068.0573	2755.0686	1070.2892
283.06915	397.67648	391.16772	457.69794
402.99838	1629.9226	445.04276	1629.0431
531.00757	1051.9298	533.04767	1023.0741
552.2117	734.9414	554.2817	707.0953
774.17664	703.9636	775.19525	680.9202
901.51556	1712.1006	903.9829	1674.9325
965.6702	1017.8933	954.77374	1051.5739
1118.5955	415.34537	1136.8314	383.9022
1309.2574	1227.9856	1309.6664	1206.974
1312.9258	1202.3105	1325.8832	1200.9154
1554.0143	865.16595	1596.9539	861.46454
1634.0052	1188.1812	1619.988	1188.5829
1895.0524	860.7884	1858.9459	863.18616
2144.925	1185.9098	2159.923	1184.88
2397.1155	598.3667	2364.014	601.16595
2705.9436	793.81946	2710.131	838.8949
2875.0002	1554.0978	2907.0	1553.9948
0.69058377	569.72156	92.16556	608.946
104.95671	1452.9819	147.9613	1454.8778
314.1042	515.67755	321.85217	446.09488
489.01227	1439.3942	508.0045	1439.7787
496.43262	1518.8711	498.8149	1489.9026
526.8652	1108.989	528.43085	1089.8715
591.66345	800.8833	500.34592	766.09204
594.0799	1127.5613	539.87506	1117.6857
586.6204	1586.0573	589.3098	1556.9363
671.03705	1404.545	629.07086	1401.1293
680.00726	1511.4243	647.01245	1511.009
662.886	1621.1196	664.6079	1593.9751
735.1505	817.00354	734.56195	842.03674
781.32214	1583.1167	783.71783	1555.9751
783.1923	1729.0153	786.75934	1683.9019
858.06525	570.3851	821.2738	576.6166
986.9989	1600.8033	923.9971	1600.8625
1006.05457	1639.9707	1006.70575	1618.9598
1233.1006	1375.8197	997.94794	1370.164
1360.0502	930.1575	1349.0275	930.6348
1364.9103	1199.0692	1377.9817	1197.8096
1578.9819	1154.0608	1577.8435	1135.0094
1854.8298	925.0295	1852.7609	842.9556
2401.9585	1060.3973	2554.9226	1049.8763
2473.9873	1114.7582	2426.1199	1117.2778
2537.8726	1101.2041	2535.5552	1077.0427
0.7782592	860.8344	26.114912	867.56757
43.667023	1060.9603	68.31994	853.80005
474.00467	1522.8817	453.99994	1522.9878
501.03018	1488.653	486.96265	1487.4293
517.0353	1361.699	464.93073	1355.591
634.9793	1583.9777	590.9771	1584.8691
785.1529	1686.5454	661.9735	1698.7323
785.09717	739.00415	787.3501	685.93
780.89716	1419.3832	852.0984	1424.6763
810.55817	1416.1067	812.208	1392.0143
1884.6335	1136.9822	1884.0454	1116.0267
1908.7411	656.04205	1908.1726	639.02765
2105.9907	1529.7015	2234.0232	1525.7538
2116.9438	1240.8403	2275.958	1233.1317
2248.5544	1209.0894	2243.5405	1128.0284
2405.182	880.9892	2401.3857	816.9771
3056.064	568.3697	3069.3582	566.0735
87.88412	640.28906	70.82056	633.4476
226.96596	1640.7906	291.99887	1638.9603
299.31833	666.23083	267.05145	652.87573
286.41736	547.09454	306.33417	556.275
369.96756	932.7614	390.0164	933.6158
456.33078	1489.0276	453.9127	1518.0759
504.4199	1401.9545	506.69955	1372.898
554.5759	702.97296	556.2939	676.01874
566.3756	1472.1141	568.79834	1442.9004
715.11194	474.97375	714.1359	508.00403
940.6833	626.98694	941.75793	600.9076
1094.0175	1463.1395	1061.9944	1463.6285
1225.6609	1541.5656	1206.9263	1556.1868
1577.1198	1190.9733	1567.1478	1192.2007
1611.1372	885.9896	1611.6929	947.0119
1911.5906	923.0169	1907.9492	834.96075
2801.005	850.9995	2799.2566	833.0725
2887.9934	1182.87	2837.0232	1185.4557
37.777298	513.85376	41.828632	479.9795
331.06393	602.9167	333.64737	573.87964
341.93506	1380.8547	422.9235	1387.0071
501.00473	1523.8419	484.95923	1523.3615
518.0854	1350.341	465.9244	1343.5835
518.25885	687.0198	520.4061	658.9546
564.9693	1363.3021	686.0396	1375.6105
661.9816	1546.7986	618.9917	1547.4552
667.02637	1475.0887	625.0037	1473.8722
722.24744	501.21823	815.93915	559.0986
776.7865	1670.1356	777.9419	1654.9197
787.86755	1448.9902	789.7826	1422.984
950.221	1645.9689	949.6998	1659.028
959.2764	1468.0114	960.1793	1445.9664
979.8753	891.9626	980.50793	872.9504
1047.0001	1520.4685	1011.0001	1520.476
1105.8265	1211.995	1108.6876	1112.991
1330.0818	912.0679	1297.1221	914.59283
1344.9071	1168.8518	1378.0142	1166.1746
1892.9431	660.95544	1891.195	623.94354
1974.0411	1091.7166	1864.999	1097.9835
1966.9895	1197.6616	1948.039	1198.2509
1950.9845	1168.1583	1964.0168	1167.9188
2256.9966	1218.9343	2132.9194	1225.4696
2452.49	787.0383	2459.5564	881.0333
2498.0183	1202.4109	2550.0483	1200.0781
2728.3162	760.8167	2730.6956	777.90314
2731.3474	792.876	2732.9246	810.00696
2751.2686	777.11926	2749.952	758.0033
2884.5215	1180.173	2874.561	1095.0514
2862.9717	1459.1298	2898.9985	1457.9552
32.66884	375.6414	75.20573	396.58212
108.987366	1406.2694	152.0334	1408.2876
205.74797	381.45828	239.87547	400.22644
303.67722	594.7281	273.78824	581.4777
301.3658	630.47327	270.01022	616.97626
328.09778	637.92224	330.58707	609.0506
318.9537	1637.9191	387.99832	1634.9609
472.02197	1558.9258	453.00894	1559.3768
520.6576	653.9712	522.9199	627.0774
582.4057	932.8703	490.76172	903.7499
587.71765	816.90356	586.734	829.98
595.84503	1436.0696	598.2351	1407.0193
639.0043	1585.0005	641.98553	1555.8961
710.13556	507.16904	636.3627	461.41522
695.0547	671.0084	698.7569	646.9626
731.00806	1452.951	732.34143	1425.9182
732.39935	1420.9734	733.55084	1394.9359
752.58356	1067.977	753.90814	1043.9398
826.2121	1516.1091	828.38086	1492.0343
845.01404	1516.3992	830.0222	1516.0487
896.05273	1661.6461	865.92694	1664.1047
921.99695	1517.888	909.97876	1518.2125
969.8719	1129.9816	970.19885	1109.9869
1000.9389	1326.3473	1094.9806	1328.0634
1035.9987	1315.9686	1087.9846	1313.6536
1193.2805	1242.0173	1111.4354	1264.5795
1196.2412	1093.9398	1114.9492	1114.8024
1345.6357	909.9922	1345.917	969.00037
2159.9702	1122.5562	2178.952	1121.2838
2777.79	833.8074	2779.9404	853.7912
2898.9585	1191.0901	2759.9285	1197.4346
25.915197	1303.868	67.011444	1307.8828
100.00008	1501.4574	143.00008	1501.4633
246.58014	867.26196	263.72153	857.5105
339.64664	1632.0797	343.86252	1597.8599
334.9499	1422.7329	419.89453	1428.5421
576.7764	649.43866	516.6086	618.7679
620.1353	1474.0919	622.40155	1446.1135
644.02936	1438.5558	601.0188	1435.7156
745.58405	688.98364	746.4499	666.9391
762.9996	1733.299	780.9995	1733.3251
790.9602	1001.11273	720.87634	976.3499
801.31146	1525.9744	801.00793	1545.985
896.0384	1728.2031	878.89484	1731.4436
862.9967	1669.9497	951.0107	1664.1624
968.89044	1162.9973	969.4092	1142.0101
1378.9794	1175.6031	1346.0162	1177.313
1650.0017	1187.4528	1635.9988	1187.4099
2166.6711	901.9625	2163.1042	838.05
2181.0366	1131.96	2139.0593	1133.5569
2180.839	836.94464	2185.001	900.06586
2489.9531	1066.2634	2543.9248	1062.8206
2772.9482	787.78925	2775.2285	808.8671
2798.443	827.12616	2797.0615	810.07605
4.041855	1447.9886	52.042416	1449.9751
59.6172	527.8889	17.64881	509.8155
36.054916	555.8791	55.19405	564.5728
561.13403	845.8635	518.5538	830.46844
562.0406	1303.969	533.966	1302.8643
596.86847	428.97766	630.09045	424.7029
631.98346	675.93555	597.6083	1217.9117
658.00476	1620.2601	615.98224	1621.026
688.25555	610.5107	653.3701	592.2913
674.98267	1244.9395	706.28815	718.89813
762.5798	1587.8596	774.9865	1373.9993
923.63776	630.99945	923.6196	609.99945
1082.6287	1301.9907	1087.6483	1099.9912
1087.8777	1088.0238	1093.8588	867.99615
1150.5468	759.0145	1152.0365	702.97437
1201.0615	819.3735	1121.2506	832.52136
1116.003	1553.5627	1202.0006	1553.1046
1341.1375	973.0071	1341.69	883.9919
1345.78	883.9976	1345.7452	902.00336
1380.0803	907.08466	1346.1185	909.5998
1396.4795	1272.0	1396.4768	1119.0
1545.0629	1323.6248	1521.9948	1325.948
1562.2009	1163.9772	1563.6824	1242.006
1579.9792	1163.704	1563.9878	1164.8254
1598.3029	1151.9755	1598.9701	1132.9989
1632.9292	1209.0013	1632.5385	1189.0286
1954.4395	897.02167	1952.8182	855.04565
2224.0396	1184.6461	2206.981	1185.6884
2300.952	555.6197	2253.8203	561.5782
2421.0293	885.4739	2458.0115	883.1867
2775.3662	810.85565	2777.5935	831.93726
2798.5374	786.9239	2800.956	804.0062
35.721863	777.9416	0.54225504	767.54956
20.938019	1351.8707	63.009567	1354.8656
229.09692	1025.099	230.92043	1004.9025
499.09103	1483.0061	500.9885	1454.9316
616.043	1472.8053	571.0294	1471.1835
610.48425	1622.1329	613.0109	1593.9115
692.0673	588.93964	689.67004	625.97864
741.8872	755.05725	743.37396	732.0241
798.99243	886.01874	727.0477	856.8822
842.00354	1548.2428	805.98206	1548.7655
882.87964	1613.0839	883.86755	1590.9495
890.98706	1422.9993	892.23444	1401.0133
937.5034	1660.0198	939.1127	1618.9652
990.9712	1528.0546	989.512	1554.0288
1296.5214	914.016	1295.9019	973.01996
1616.0166	1103.2109	1534.0536	1109.6791
2046.327	1702.9457	2040.727	1462.9597
2733.148	856.20044	2731.295	839.0763
2733.5452	815.86176	2735.0854	833.0818
2819.9436	1086.7843	2876.9597	1084.134
1.067197	1040.0055	4.1505084	1001.9312
0.9948193	1716.5591	166.01904	1714.6201
171.73517	348.96637	173.64139	333.95447
359.64166	288.58548	280.35306	240.05702
453.8724	1555.1711	456.641	1524.8759
494.05624	1554.9337	496.09305	1525.9363
574.50073	638.976	577.3822	578.97034
624.2321	1401.1086	626.712	1372.9746
643.15796	1511.1154	645.8701	1483.8875
727.3698	1524.0228	728.9192	1498.9332
771.0534	1376.4547	697.87366	1369.2908
991.0092	1401.9227	935.95575	1395.3717
1136.9117	374.81958	1093.0022	420.95383
1632.8274	1185.028	1632.3036	1163.0166
2185.8606	1212.0643	2181.392	1132.9778
2243.0222	1127.3135	2201.0195	1130.2771
2279.8745	631.7215	2250.1604	634.6359
2489.556	1078.9323	2492.483	1102.9412
0.2169929	248.47035	119.478035	311.98016
477.12653	497.7594	431.98926	474.0204
513.5389	751.0406	515.7219	722.0544
519.1206	834.63104	558.1955	847.4018
752.0282	1143.8241	744.968	1144.0656
754.114	1038.0054	755.23914	1013.9177
846.1451	1277.1785	810.6625	1270.9109
870.8872	1426.3322	924.09845	1430.8369
980.818	866.9464	981.7233	846.9874
1232.0929	1654.0227	1235.2084	1504.0043
1296.8752	887.9941	1296.7754	907.0041
1343.75	1176.9967	1344.0796	1251.9996
1360.0638	1202.8708	1347.9093	1203.7614
1241.9843	810.8471	1734.0253	760.2456
1547.992	965.8736	1620.0165	961.25806
1589.905	1440.3954	1653.098	1436.6561
1966.0168	1144.1027	1925.9746	1143.3519
2180.099	590.35156	2169.7913	593.2608
2450.7007	1142.078	2449.3176	1119.041
2480.0417	1198.0724	2473.8418	1116.012
2796.3027	804.07434	2794.605	788.1487
2827.2244	850.1797	2820.4316	783.0575
0.990846	1596.5958	41.002182	1596.335
56.638706	350.73312	38.587406	341.83722
297.53983	213.00662	297.29498	195.99576
470.53592	590.9189	428.62073	569.751
588.022	1508.821	550.01654	1508.1133
560.39105	1518.8868	558.4871	1545.964
610.9941	1546.4025	561.989	1546.8865
584.2048	783.0806	586.0843	755.0056
594.00323	762.93	607.5578	569.96893
731.86554	1673.9886	735.8967	1625.9913
736.7827	1339.101	739.2578	1319.9043
838.6381	756.0801	813.90894	1262.0444
850.03375	1294.7845	803.24347	1287.4474
823.81415	1582.1361	825.6327	1557.8975
1291.2816	975.0046	1292.662	889.9783
1284.9625	986.51154	1381.0103	979.1333
1579.7188	1239.0093	1579.567	1218.0104
2164.9497	1185.5731	2179.86	1183.8141
2474.0386	881.53186	2522.0042	878.057
2629.0354	518.826	2624.891	541.8
2782.3665	1100.8364	2785.2554	1124.9694
2795.676	754.8082	2797.6345	771.9274
2803.6	833.7907	2805.837	850.8905
204.87639	881.5302	180.78685	875.91437
393.6118	527.9678	379.41385	699.1173
528.12085	802.64734	511.9619	797.11115
516.446	1001.03314	521.20526	936.941
524.9579	1638.8519	547.0382	1638.0419
553.2343	1429.0773	558.8738	1338.9921
683.0125	1440.7646	651.04956	1439.067
716.4313	1660.934	714.7745	1675.206
744.2325	1455.0496	746.6475	1394.9858
966.5138	1241.9907	966.9354	1219.9988
968.97363	1718.9963	975.89886	1669.7048
1092.0255	1577.9246	1057.9962	1578.8629
1270.7396	864.996	1268.7383	995.01135
1328.071	885.27	1314.0032	886.05676
1364.2212	948.9818	1364.4894	966.9778
1503.0297	1437.0975	1413.0144	1439.5333
1582.2477	1164.9739	1583.2535	1213.0156
2428.8652	1119.0098	2434.725	1199.9475
121.38594	156.3638	151.29768	174.5093
122.01183	1179.2383	224.01828	1180.8228
218.00316	1126.0063	208.00008	1125.9746
258.95438	495.9099	254.37798	549.03253
370.98624	1586.2201	325.9826	1587.0148
458.43256	1452.9648	456.63208	1482.0392
505.96848	854.7559	527.0052	852.04
564.7404	773.9828	572.9076	650.99384
562.86285	1316.0375	691.1334	1332.9902
818.7253	1668.0753	820.5038	1650.9485
821.3084	1646.0061	821.7241	1624.9747
829.8098	1450.0404	830.9607	1426.9482
906.94165	1393.579	876.944	1390.556
920.06506	1730.1875	902.02057	1728.7429
908.89685	1456.0734	910.7778	1433.0636
915.98376	1308.9991	913.91266	1350.046
941.3208	1587.014	946.10175	1477.9606
978.85535	915.99384	979.66907	896.98584
1384.0563	1618.9998	1383.7883	1546.0007
2451.3005	834.03033	2450.3916	813.06976
2550.2837	896.0567	2538.4062	746.047
2730.6753	833.0964	2729.4343	816.0412
2991.8484	551.9036	3005.3875	530.6106
3051.882	172.76846	3039.5244	179.06697
14.379893	914.92194	19.043226	877.8796
10.996627	1399.0543	58.063545	1401.9766
113.003975	1358.9495	152.99243	1362.0963
174.87206	331.11722	179.05338	300.00717
302.30173	627.93945	311.22186	525.0192
321.79733	528.15533	310.3932	660.1204
363.383	692.9518	381.51926	460.88428
421.10876	948.00854	410.6755	1080.896
456.94818	1518.929	458.97067	1488.998
556.609	1624.1678	559.7694	1593.8716
591.4042	1509.1241	593.8907	1480.9904
559.87	1330.3177	599.9729	1334.2745
608.847	1595.9404	607.553	1620.9769
677.8521	1273.9904	675.0392	1317.0679
726.85114	1681.5999	785.9277	1675.3195
860.03625	1548.0035	865.1805	1494.7278
887.73676	1486.1749	889.9701	1463.997
939.9513	1616.8894	970.025	1615.5712
1363.3218	1179.0002	1363.3306	1199.9994
1519.7273	648.2639	1536.9436	666.0545
1632.3171	928.02246	1631.179	944.08356
1723.0999	639.22723	1707.4778	646.0879
1942.2921	1133.0764	1941.3058	1111.031
2135.0234	1648.2853	2171.0115	1647.626
2199.867	1129.8744	2205.3257	1210.978
2409.457	1346.6267	2352.0903	1419.3375
3034.0098	1424.1735	3070.065	1422.167
14.095213	918.4844	0.6310328	915.9982
138.15672	1141.5142	154.1909	1136.6262
265.1911	936.8883	222.2426	946.12775
344.54642	613.8248	317.81573	601.3963
341.73816	494.51486	327.3825	487.2142
422.91034	499.17438	450.36548	513.2891
494.89633	997.04584	493.73044	968.96967
516.0011	719.00006	518.1012	691.00757
532.80585	1007.06824	531.2013	978.9885
743.1871	940.06616	731.3667	973.4834
765.19885	1073.009	767.7391	1016.9429
796.9231	1675.0768	838.9645	1671.5739
863.7853	1489.9906	897.8121	713.94794
900.5916	1676.9155	898.48706	1712.0292
1144.4111	1037.012	1146.1332	977.97473
1151.152	1461.9943	1150.9442	1493.0063
1329.0024	1179.049	1296.0358	1180.7101
1392.4171	1545.02	1393.9021	1513.9954
1494.0273	1447.4985	1424.0142	1448.774
1597.986	1164.5684	1582.9951	1164.1965
1589.4836	1550.9502	1597.8884	1463.8927
1632.301	1148.044	1631.2274	1130.9857
1896.0361	904.326	1880.0111	906.0999
1956.376	831.9917	1956.1364	850.00183
1950.0573	1222.4827	1964.9658	1220.7124
2221.1519	1153.0708	2219.405	1132.133
2512.5598	1101.1304	2510.5674	1079.1298
2852.5422	1097.9309	2855.4873	1121.0653
0.7745521	911.7123	13.120276	915.62
259.15063	1210.0564	339.04376	1214.145
291.49673	424.9021	368.17743	467.68198
307.07535	671.5929	335.22156	676.8031
317.19873	749.54596	324.90515	735.9462
461.34888	1404.8994	459.51312	1435.0312
502.25928	1436.9473	504.3263	1407.881
732.3818	490.0026	732.5457	466.01056
739.08856	812.9609	740.1558	788.0925
789.66986	1687.0487	787.26996	1720.0197
849.66205	1298.9779	846.9201	1340.9948
905.0627	1455.8496	873.0488	1454.1045
882.57495	1527.9393	881.8057	1545.9917
907.14075	1676.0715	904.0745	1725.0046
965.80817	937.9916	970.1584	838.9191
967.8576	1189.9573	968.67804	1167.988
1118.2312	1409.0106	1119.2004	1388.0093
1191.1189	1399.3734	1106.43	1426.3501
1181.1902	1029.0043	1182.527	969.98926
1329.4313	969.0104	1330.7821	912.97064
1364.5094	881.9978	1364.4385	898.00635
1501.005	1547.2242	1415.0023	1547.5742
1500.8263	1579.024	1501.76	1546.9639
2097.6487	1385.9984	2064.4207	1430.8295
2546.1672	1195.0594	2544.3103	1169.0492
2855.9448	1127.0067	2858.8606	1151.017
0.65726924	628.9098	24.427778	637.86444
147.99792	1669.2994	200.00235	1669.6608
220.19865	978.01294	218.95653	997.12714
275.8549	205.98619	275.3482	247.99214
574.96063	470.77567	1.080274	134.86285
493.11456	1041.9336	495.35773	1012.02686
647.82275	1439.0779	650.4767	1411.0452
650.59174	1343.9377	649.7053	1363.9869
728.96155	1193.9976	736.4931	1075.8402
762.8596	1386.3944	700.8836	1380.1561
767.9832	1083.0524	741.79486	1074.6385
881.97943	1548.3306	860.9992	1548.9747
984.8088	1410.6614	937.85535	1405.2566
992.8694	1470.9429	991.65234	1495.033
1086.8213	425.9657	1078.1697	471.03256
1184.983	901.90015	1163.9111	905.4766
1360.0724	1166.0514	1359.0205	1147.0542
1601.295	1239.0339	1600.3782	1219.9818
1650.8905	881.995	1650.9913	920.0027
2428.9695	1218.3975	2556.0479	1211.9417
2726.3787	778.228	2724.0945	761.98676
2728.6455	809.1301	2727.181	793.88654
2813.0078	1184.2028	2804.3442	1099.0668
2797.9888	1583.5935	2840.0078	1583.8877
2833.184	1156.7953	2835.5415	1181.9492
3070.488	570.0	3070.5195	1417.0
18.679033	823.05566	0.5323032	817.53827
20.922419	333.1625	0.35775092	323.34537
231.37657	998.03094	232.86493	979.9068
327.27643	450.08957	322.50372	518.1055
444.79047	341.33902	367.6063	293.63705
462.9606	1632.8442	491.03024	1631.8875
502.82645	843.8445	485.26358	863.44403
476.0006	1264.0087	514.095	1261.3726
498.70157	761.7909	595.17206	798.1941
693.00684	1338.9467	562.8443	1322.2112
597.0593	1360.4464	567.85876	1357.3181
589.8464	1482.906	587.885	1506.9906
666.6843	1548.0854	668.06085	1520.9524
724.06036	1587.0632	725.6196	1560.9177
752.9494	1198.9972	759.2936	1086.9034
789.99066	1719.0935	793.1208	1685.917
812.0697	1738.4532	792.87177	1736.0057
800.51355	1617.0596	803.6599	1589.9606
965.08417	1587.0453	969.56165	1479.9398
1008.3715	499.3181	975.21436	538.03986
1186.2596	752.98236	1187.5961	696.99036
1250.2655	674.0121	1251.0203	595.0002
1286.2937	545.81604	1237.4216	503.51294
1574.8273	1287.8043	1564.6726	1296.7625
1918.4081	1347.4586	1880.0526	1358.1881
2157.0356	1121.1099	2155.859	1100.0638
2173.0933	1637.1462	2137.0063	1638.2146
2166.062	812.99756	2166.7751	831.0089
2229.3203	565.7707	2234.3557	594.7645
2493.3186	1115.9132	2494.9036	1140.0063
2747.2683	1057.6906	2754.7998	1088.5609
0.68666774	319.62308	20.266819	329.46942
18.525492	506.8099	58.28081	524.364
29.269482	428.43723	46.214867	436.55127
39.314262	338.41046	57.0671	347.8741
23.705751	467.41656	65.43812	486.01703
79.160614	362.59183	59.798565	352.382
229.7863	423.28873	235.79485	406.92468
339.9863	767.4305	322.99612	767.83875
488.66727	1097.9677	490.32077	1080.9341
494.0411	1370.9369	489.55045	1439.1022
490.91528	968.9696	490.15576	996.0604
581.9139	1256.6562	659.0297	1266.7736
652.7917	1366.0377	653.89026	1342.9948
660.10754	1268.0055	657.69666	1314.9844
725.83875	1554.9915	727.1712	1529.9028
701.02625	1373.7272	769.9655	1380.3585
806.0307	1415.5093	781.9373	1414.0015
812.38165	986.2258	800.0209	1061.84
952.2385	1478.9678	947.6593	1587.028
1004.488	547.5248	1027.6324	522.5869
1267.6471	1127.0096	1265.411	1277.021
1326.0403	1204.8394	1307.0056	1205.2566
1364.5209	910.9919	1364.2499	927.0211
1534.1405	1111.9937	1534.9482	1257.0002
1897.0093	1621.5062	1933.9968	1620.8296
2126.8813	882.9608	2140.9268	881.3581
2242.2253	1118.0359	2241.114	1094.041
2926.1462	340.44342	2968.5823	351.59067
30.147167	389.24588	12.094716	546.89636
72.95151	752.13495	50.921017	744.21985
201.24004	1716.8654	585.2496	1693.0189
488.92163	1451.9938	477.81064	1592.1436
490.58716	1075.045	492.74155	1046.9801
655.01416	1316.8988	570.00055	1304.9961
581.0282	1672.1467	583.86554	1632.918
721.1331	1464.0072	714.3844	1589.0747
721.4531	1098.0795	722.77045	1073.9874
763.70874	740.03656	757.9378	851.99677
803.8208	1548.0383	804.90027	1524.9486
844.0146	577.97345	869.8177	592.1517
912.11743	1278.9597	935.107	774.7769
958.36487	1502.9874	958.8025	1480.9762
1028.9431	698.0556	1030.425	672.90717
1120.2131	1125.9878	1121.1337	1142.0497
1116.998	1524.4863	1144.0016	1524.5929
1312.9147	1206.0079	1312.7323	1227.015
1327.9684	1251.9991	1329.8378	1179.9957
1343.6346	1147.0066	1344.051	1169.981
1378.6531	1249.0002	1378.6385	1228.0002
1536.6853	666.9933	1535.8124	708.0173
1682.4908	1168.0986	1679.6697	1182.1346
1911.1223	630.938	1912.5054	655.9721
1924.1941	1112.9965	1924.5786	1133.9894
1839.0433	949.6669	1978.0415	940.6385
2543.5823	1167.0323	2539.3237	1112.0524
2785.636	1130.9229	2788.4436	1154.0675
0.08884531	561.2576	95.66465	599.83093
27.073969	847.12274	34.872646	778.87115
179.1554	296.73013	336.29782	387.21936
163.8873	439.23096	219.75821	466.49548
292.78995	1062.0397	293.69318	1044.0348
420.6065	1121.1477	414.52066	1146.1268
473.99414	1487.273	457.00198	1486.908
483.1358	517.0086	485.79614	474.9871
497.00558	1595.1458	466.9938	1594.9498
573.61975	1140.1613	594.11835	1129.2218
670.7821	1475.1506	672.9164	1449.9083
709.99286	601.93945	707.8253	637.9895
724.6006	1391.0294	721.5623	1453.0765
903.1654	1580.0807	904.6277	1558.9742
905.83563	1518.0476	907.08997	1496.0051
954.0917	1241.003	957.52716	1137.9176
1001.11884	1060.0225	1004.17676	1043.8444
1065.9941	1387.8513	1113.0001	1386.003
1146.4989	1551.026	1147.7509	1526.987
1367.0007	1606.4917	1265.9994	1606.6547
1363.3986	1201.9998	1363.4119	1225.0004
1366.382	1594.0317	1367.9927	1523.9768
1631.9432	959.42365	1651.0532	957.5406
1744.9613	1429.5308	1782.9781	1432.2992
1848.0698	942.01	1960.019	934.27545
2138.7417	1134.9028	2143.1526	1213.9915
2426.2998	1082.9811	2427.8208	1107.0114
0.9699372	1498.1278	48.016476	1499.3818
256.29013	821.7917	138.81998	793.5851
254.00354	782.0175	234.77728	785.89594
278.29797	389.9332	252.7891	657.9799
356.024	1665.2358	315.04126	1669.4054
662.43384	1315.0131	663.7592	1270.9928
686.0448	1369.4379	656.07574	1367.0498
681.38666	1316.0288	682.2612	1274.0055
712.9208	435.11032	737.9454	453.07608
775.8484	748.04095	774.68964	772.0333
927.75964	609.9978	927.7082	639.0013
938.9667	1224.9343	936.80273	1258.9874
980.9979	1660.602	1090.0022	1660.4391
1142.3351	288.95416	1136.4723	374.03253
1175.8522	1332.5088	1155.8572	1338.5253
1171.9053	695.2834	1182.1233	693.9335
1315.3656	886.9995	1315.3538	903.00104
1363.1359	1227.9833	1363.4586	1249.9786
1532.0662	840.0013	1531.9817	975.0012
1595.0444	1114.4684	1545.0198	1119.209
1583.209	1217.9843	1583.4816	1238.9807
1614.6692	1130.913	1615.7699	1152.012
1693.9899	1210.4305	1685.1615	1226.0911
0.90381444	1245.6603	15.040844	1247.7196
187.75702	730.6341	213.82167	725.9975
215.50876	919.3122	240.41898	867.78534
323.90283	773.5704	342.02304	772.3389
426.89996	574.0675	416.25476	716.0191
465.28046	1398.9476	467.3226	1370.8779
465.0015	1437.8549	479.00003	1437.9985
513.602	515.9698	494.92374	761.9942
649.05975	1366.4985	605.9569	1361.3616
697.94635	1491.998	698.88855	1465.9598
724.1152	989.0072	721.6199	1029.0387
735.76984	640.0427	723.8958	853.9942
738.16675	758.00757	736.9354	785.0426
743.5915	1075.1484	736.5589	1197.9747
778.98987	859.94867	784.529	750.92523
845.8917	1267.9948	871.34467	742.72595
955.9338	1556.9528	956.86414	1535.9497
975.74695	842.9902	971.9288	941.0362
1007.69995	566.9551	1005.1424	641.00494
992.88837	1384.4443	1057.8867	1389.4668
1146.9633	908.76105	1127.952	911.6888
1504.4929	1530.0001	1504.4775	1438.0001
1890.9948	1671.6345	1927.016	1671.1218
1913.1272	858.9542	1915.6884	922.01263
2178.9988	1683.5293	2201.001	1683.5759
2494.5598	1141.9463	2499.7493	1196.024
2703.6606	571.02356	2700.7498	529.0868
2756.5972	1101.846	2759.0237	1126.9977
2792.7036	772.14594	2790.789	755.1363
0.6529713	743.02716	68.661	766.0034
122.96352	1457.9963	119.28094	1495.028
171.93265	843.348	150.94458	839.2863
184.91537	855.4152	204.90044	859.48846
462.77335	1435.9243	464.68228	1404.9803
476.9979	1592.9644	503.08405	1591.4161
560.8203	852.0139	512.4489	838.72565
585.29004	582.0209	571.1109	779.008
618.98694	1400.136	576.0939	1396.0216
615.2896	1547.1138	617.6926	1519.8846
674.20905	1249.0844	610.12506	1234.4524
737.90985	841.01245	738.23755	817.0306
743.84625	652.9899	741.41315	690.02716
783.27	1208.9089	794.26685	999.9088
845.0549	1682.7506	798.0865	1686.1836
803.47675	826.0312	813.6316	670.9104
1010.32825	963.5937	952.8463	939.3646
1023.30237	849.04443	1008.01276	1297.0345
1055.7307	1442.9966	1055.4489	1465.0057
1141.1918	1188.9811	1142.7098	1123.9698
1177.9535	1178.999	1179.2253	1114.9846
1313.3224	1181.9957	1313.3867	1201.9988
1316.9385	930.01215	1325.9038	929.45416
1295.9229	1171.9742	1327.9672	1169.5632
1804.9847	1664.7147	1894.9954	1665.5188
1978.9427	939.04156	1973.4415	799.022
2196.9968	1540.9227	2217.045	1540.1093
1745.153	759.5713	2605.0823	675.84576
2455.2869	1198.0706	2453.1118	1176.0879
2455.2595	1146.8962	2457.1611	1169.9867
2805.999	1554.0425	2834.0315	1554.7473
14.860862	383.36716	0.6306897	377.97455
179.45883	662.2295	162.03163	719.70636
166.62791	360.63354	192.20305	375.65427
178.6398	336.6571	229.31123	364.43222
508.05527	1371.6067	498.95395	1370.3278
521.29114	1018.0907	515.11884	1105.9381
683.8996	1677.0798	688.254	1628.0226
696.3205	1523.9706	697.4485	1497.9327
723.7277	1059.059	724.58093	1034.054
754.413	457.30612	729.19037	408.9438
737.36993	1588.0197	743.8685	1465.8866
848.02405	1452.5325	833.0124	1451.7595
903.73535	799.0316	883.16656	1277.0072
946.1266	1469.0056	948.458	1415.9323
976.36346	1245.0352	978.9694	1143.9734
987.4852	946.9818	990.9128	849.9616
1053.7904	1498.996	1053.3442	1522.0067
1122.4087	971.80286	1124.6127	1009.90674
1236.3782	1410.001	1236.4647	1374.9987
1252.7979	1442.998	1251.1326	1617.0109
1896.5703	903.00116	1896.5128	881.99585
1988.0211	1131.0676	1986.0112	1101.9993
2131.8455	1625.2445	2150.1042	1621.5096
2826.3474	1098.8425	2829.1672	1122.9805
2854.3704	1151.0696	2851.7146	1127.0315
2921.0066	1205.1149	2900.3237	1026.1937
0.9952239	1546.4753	45.001236	1546.6178
36.512295	1453.8545	32.782043	1491.9786
0.4260815	273.08954	89.88768	320.21323
301.94843	675.13965	255.39087	657.94183
280.70294	762.54395	272.7574	772.81226
345.37405	1105.0717	339.80078	1134.1534
509.3913	969.0498	507.17126	941.90424
507.9973	1309.1154	510.5614	1286.9492
521.6136	1293.0153	521.1115	1346.0105
595.6176	574.63043	522.3559	536.1284
736.69977	1065.0353	739.5811	1007.9284
767.02686	674.046	764.47345	731.02124
884.00006	1485.9294	868.99915	1485.9158
957.3525	1529.9867	957.7851	1508.975
969.3286	1471.0579	971.5989	1418.9825
1051.8148	1556.999	1051.6929	1580.0037
1133.9781	1496.9994	1134.6989	1468.9666
1167.9044	1505.7153	1109.4468	1525.3314
1313.0018	1231.0	1312.3972	1252.0402
1314.4031	953.9953	1314.4568	969.9985
1378.2255	1163.93	1379.8467	1145.9862
1265.0029	1278.0648	1394.9679	1272.278
1558.4385	890.99615	1558.9639	951.0003
1956.2876	854.933	1958.6351	900.019
2152.09	1615.4276	2137.122	1618.5798
19.655922	860.0111	19.350248	823.0054
172.7835	299.9625	164.78207	346.13553
280.1869	618.559	301.22318	627.4733
368.81586	469.98477	350.93765	685.9948
498.0308	1559.4408	482.96634	1558.6111
490.03537	1485.0558	500.02136	1485.43
531.04144	975.0816	529.08307	952.07806
599.02	1336.9355	597.70197	1356.9803
646.5173	1413.8574	644.39453	1435.9418
675.26697	1405.0873	677.13196	1378.009
691.6667	700.9616	690.515	680.97034
715.4216	999.0252	702.73914	1210.9246
736.5286	787.02356	735.3686	813.061
1107.2944	1584.9998	1107.4108	1708.9996
1137.2408	1343.8027	1118.8008	1349.3359
1129.1216	692.91425	1130.9365	758.97424
1155.5017	705.01117	1154.2756	760.02844
1168.919	837.3649	1179.1355	836.0619
1293.9261	1180.0063	1293.4053	1256.0096
1313.1792	1149.9836	1313.4568	1169.9797
1364.3589	928.99805	1364.3849	946.99945
1396.3219	1564.9995	1396.462	1656.0009
1581.3234	1133.942	1582.2434	1154.9456
1801.0458	1583.6674	1733.023	1581.3307
1906.2833	1137.0309	1905.3318	1114.9857
1949.0282	1134.3596	1964.0145	1133.1862
2138.9253	1124.2075	2158.038	1122.4039
2180.083	1121.0336	2179.2385	1097.9912
2221.501	1716.0432	2219.244	1689.9789
2199.9526	1119.9363	2241.9583	1118.0635
2450.4255	1082.9618	2452.3901	1104.8754
2469.0288	1080.578	2450.0261	1081.5251
2729.4253	533.65686	2735.684	504.93118
2837.0022	1187.0658	2889.044	1185.2716
50.56191	400.927	33.575054	392.8992
96.16312	1060.1268	113.29441	903.0321
156.38179	445.14713	120.50186	782.1599
131.399	1062.1407	151.01549	867.1021
151.05714	865.7664	171.56361	870.7836
210.93988	396.0101	212.95514	408.00754
315.88428	818.62024	285.81174	813.00903
277.00397	1274.8406	310.0333	1275.6628
339.19592	692.3926	315.73398	684.82477
335.05536	1219.6226	290.97696	1213.1571
454.51733	877.10864	473.93735	605.9239
464.026	1367.9246	461.6168	1399.0477
461.0479	518.91016	479.993	529.0131
572.06024	1118.8658	584.9885	931.93005
682.29144	1509.9664	683.3815	1486.9707
805.70074	879.72253	728.1611	847.611
918.54425	1349.013	919.4924	1309.0592
954.60516	1415.0221	952.63275	1469.0596
959.47974	914.9921	959.17706	935.0027
1004.83984	1309.6841	1031.0422	1315.8195
1174.4288	417.60034	1145.0768	370.44186
1221.8802	873.01294	1215.5381	1304.0079
1231.1869	1384.9272	1126.1498	1378.5378
1254.6814	677.95197	1255.8114	741.00336
1351.4851	1525.9985	1351.4475	1539.0013
1615.4537	1162.014	1617.4133	1238.0151
2091.6296	787.96906	2098.5168	928.02374
2159.2935	1157.0394	2158.1196	1135.9933
2225.8037	873.0122	2223.252	832.0466
2254.5288	918.031	2245.0515	774.06244
2829.75	1127.8325	2832.157	1152.985
2964.5623	255.73238	2925.6116	338.81796
39.047703	300.00464	31.625021	376.1584
53.821484	1266.9043	51.132687	1300.0107
101.131546	595.99115	-0.58237475	551.628
136.00139	1068.059	231.00134	1068.1271
250.47034	216.95683	251.68492	202.05583
292.051	1224.7036	304.0604	1223.8334
329.9543	643.10706	315.584	636.9748
450.83395	1560.8871	447.90854	1591.088
543.6937	1174.0541	545.2613	1153.9424
604.12775	666.0738	598.4385	753.0287
604.77356	1334.6461	651.9807	1341.1404
717.8968	1158.9423	719.19995	1134.0629
750.2641	848.0148	756.52734	735.86194
763.501	1091.971	757.1361	1201.1245
1132.8502	991.0187	1133.0709	980.97955
1314.9885	915.99976	1314.2345	951.02655
1486.4349	1525.0118	1488.1425	1461.9768
1553.8689	672.995	1554.0021	696.0
1599.9965	1245.9783	1552.1035	1253.6469
1602.4675	1137.8947	1606.4246	1193.0413
1610.7911	1466.9839	1604.2302	1551.9406
1695.6798	1134.7126	1685.7513	1145.7769
1824.8665	1203.0995	1827.059	1184.0067
2121.154	841.93115	2124.9167	905.00494
2226.2546	806.96436	2226.8245	827.005
2514.5483	1078.9398	2516.9556	1100.8953
26.104511	1226.0723	0.8615992	1223.2285
226.50285	1053.1555	228.69524	1031.9685
283.93973	686.2552	249.72314	678.17194
455.9831	1520.5714	471.95816	1519.9407
622.6593	1375.9053	621.0327	1398.9316
692.7398	1586.9849	694.1966	1561.9532
741.01135	782.9779	741.5245	760.0117
720.5042	980.4068	789.7186	1004.79846
959.20526	1563.9595	958.1799	1584.0602
946.98975	1401.1013	989.0645	1405.3627
982.02094	833.956	982.87506	814.94946
991.3433	840.04504	992.88855	793.9627
1126.3363	837.95105	1127.305	903.99554
1294.038	1149.0	1294.0156	1173.001
1325.9718	933.1531	1315.9778	932.9088
1662.0762	1087.1783	1665.2743	1067.8798
2223.727	1131.0154	2224.9688	1153.0017
2276.0334	1233.0702	2263.7576	1064.0902
2299.37	616.98035	2297.0908	574.0483
2762.241	1159.8788	2764.7766	1185.8264
3008.038	517.9941	2983.8816	363.1745
2981.969	1459.0544	3007.0076	1458.2349
245.74158	186.39932	275.55225	205.69186
295.10452	1038.0375	295.78394	1017.9927
505.0592	847.5208	527.11523	845.0139
592.0213	1434.6936	559.0414	1432.4042
594.4185	1408.8892	592.7304	1432.9811
636.4665	876.96747	617.82166	1182.9891
626.6628	608.89813	669.0674	624.8205
778.8053	682.0323	777.80225	707.03217
1120.422	1161.988	1120.1305	1176.0027
1120.2097	1270.8271	1136.1963	1266.7742
1143.0751	1271.0016	1141.5442	1344.0323
1147.2429	415.96265	1148.7163	464.9785
1121.9708	1387.0012	1175.0132	1388.5481
1181.1781	1387.5071	1230.0785	1393.3423
1384.4274	1480.002	1384.2957	1441.999
1673.7083	1343.004	1673.3602	1317.995
1890.9967	1224.9702	1907.0197	1223.1752
1968.0812	1225.503	1881.0647	1230.1996
1975.0182	1318.0017	1977.4204	1292.9445
2125.9746	1538.0024	2129.5347	1575.9498
2135.0146	1231.2986	2256.019	1225.3922
2448.0693	1105.153	2446.3242	1083.1328
2452.5728	1170.0759	2451.348	1147.0347
2780.1511	1124.1414	2778.3918	1101.1229
23.563591	384.89297	76.602165	410.81403
92.61609	328.0668	66.26436	571.1371
95.99903	1547.4946	139.0003	1547.5223
217.96309	854.1325	199.03848	848.8618
335.95966	573.09576	322.77277	567.5393
380.89276	708.2737	344.5899	694.04645
452.62195	506.72272	424.88736	492.21533
481.74582	469.8852	477.43805	516.94855
511.9002	688.0541	510.1011	718.00604
547.49866	634.16595	538.9387	763.0623
553.95575	997.04205	556.07196	948.95917
497.14142	768.6331	590.1919	804.5022
670.4861	618.8093	629.39435	602.034
633.7473	1681.9838	637.027	1630.9375
680.0191	1615.4595	762.002	1612.0485
711.66956	638.9789	713.77954	605.9859
724.73944	1028.9103	726.30164	1006.9503
735.49854	975.24585	741.6279	962.8165
777.5299	711.02057	776.56055	735.9829
832.00073	1385.9949	796.02856	1380.802
913.8984	1289.5255	880.7829	1283.1228
978.1091	784.0403	976.2578	835.00934
1251.1165	510.85175	1260.7819	475.487
1412.9954	1440.9993	1413.0299	1530.0
1391.9868	1708.175	1484.0272	1706.709
1561.535	1134.9763	1562.5093	1156.9774
1580.0072	1445.1326	1562.9489	1446.06
1893.9728	1248.3787	1996.0398	1243.9083
2204.1675	836.9211	2205.2532	852.9829
2227.3914	832.9147	2231.203	895.0489
2343.0938	1704.9039	2331.719	1456.9211
2396.426	1056.9695	2408.5386	1226.0331
2453.414	1118.0363	2454.8918	1141.9448
2628.733	1706.5355	2643.9678	1709.1853
2729.1226	499.81604	2681.8123	468.2817
2759.4624	1130.8549	2761.9583	1156.0042
2750.9177	1090.4712	2806.9705	1087.451
2786.38	1183.1516	2784.211	1159.9802
2801.289	809.97345	2802.8635	827.10443
2764.9824	1203.5955	2896.0396	1197.9102
3007.2114	1486.0476	3014.234	1454.8276
3053.4163	176.01115	3053.8557	199.00276
172.59578	1351.874	144.2418	1667.932
238.9791	1630.2026	279.00403	1629.1531
294.77408	518.0399	293.64294	539.98157
741.8824	819.9958	741.02356	844.00085
772.9461	803.9972	771.69385	827.984
784.8065	1345.3992	848.96265	1354.2701
832.4242	1385.0338	833.9352	1366.0746
809.89734	1276.525	843.0006	1282.9971
970.9103	831.02386	972.1974	781.97894
996.5343	1248.985	1002.3199	1068.9781
1112.629	1474.0804	1113.3663	1504.9912
1117.247	1292.9846	1116.982	1305.9996
1154.3873	1316.9791	1153.9437	1330.0321
1166.1412	687.99854	1166.5393	725.9943
1205.6667	1555.9645	1203.9625	1619.999
1560.0253	1433.076	1548.3236	1436.972
1733.1937	1572.9524	1804.1266	1579.6622
1860.9014	609.39923	1873.5145	628.32355
1895.7103	632.9199	1896.9291	658.9565
2783.3074	1154.1494	2781.2693	1131.0645
2803.0063	1525.4946	2832.0017	1525.618
43.909145	1069.4982	0.70466745	1061.6195
45.844147	1357.8906	42.336903	1394.9373
291.5283	554.0213	290.3594	582.9741
296.95032	1011.05707	297.97433	993.9985
309.7497	1047.0756	311.68506	1027.8676
431.60983	477.75238	475.68427	500.60886
489.06802	1011.0052	486.78467	1040.9836
542.3215	1115.8807	548.6469	1026.8329
625.8829	1373.308	579.9823	1369.1974
712.7611	645.3697	673.14746	619.7718
746.85284	1009.0386	744.18176	1068.0535
771.52185	832.0225	770.4866	856.021
776.0172	1356.8505	852.0457	1365.603
961.10876	592.4464	941.08075	552.46045
967.1927	1214.9791	967.7098	1194.9667
923.98083	1609.0957	984.99585	1607.8027
979.30817	1134.0087	980.68994	1084.9912
1137.7693	1336.018	1139.285	1270.9601
1636.1421	1187.9541	1636.8292	1205.0471
1886.6161	1198.0079	1886.4899	1176.0029
2136.4248	1099.9634	2138.487	1123.8717
2166.9968	835.8834	2170.6836	899.0185
2772.0002	1612.6483	2956.0002	1612.7449
28.430107	877.9298	7.5896845	1047.0726
241.38425	392.28528	204.698	372.56174
256.80963	1101.6499	261.80954	1084.6499
287.6823	983.04694	286.16623	1005.08026
443.71606	1116.957	438.9938	1148.1504
484.79724	524.34265	456.16953	507.40353
494.91644	917.0365	496.56723	966.0483
526.6478	938.0457	521.8539	1005.9897
582.82294	1012.9229	575.942	1117.9962
701.1355	948.1014	702.6815	1007.0346
706.5148	1588.0825	709.7903	1527.9885
741.9987	1237.9999	739.61487	1257.954
801.9712	1291.1907	847.97925	1298.1373
858.17084	1364.0083	843.3248	1669.0159
958.0427	1130.0013	959.6563	1077.9584
963.3811	1446.9828	962.7941	1468.05
1144.9501	1043.79	1125.8407	1048.3293
1150.0225	979.0006	1148.2494	1043.0623
1153.0681	849.0023	1151.0524	908.1041
1175.222	1326.0266	1176.6381	1260.9703
1374.0037	1450.346	1265.0054	1451.5061
1316.9563	950.3306	1327.9094	949.61487
1362.5245	1146.9478	1363.2097	1166.9242
1378.0934	880.4677	1364.0231	881.36285
1582.082	658.99054	1581.7115	695.0073
1655.6973	1144.0074	1657.0504	1198.9741
1691.011	1476.0907	1712.1853	1473.5361
1948.7339	1198.9116	1949.8596	1221.0072
1996.643	1244.975	1994.8877	1270.0621
2160.9397	1185.0648	2159.531	1162.0287
2520.5693	1143.8755	2522.2502	1165.0594
2522.998	1172.9191	2524.7097	1194.0236
2905.0127	1528.3375	2873.9966	1528.6343
17.9349	1235.5754	0.9263125	1233.6514
18.09194	782.6679	0.75928515	777.8695
216.0208	734.1749	185.85277	737.7616
505.53375	903.44183	516.3916	890.32416
514.02325	657.0013	512.44135	685.0812
548.0746	1013.0495	546.4657	982.9751
563.75586	1335.0544	556.6956	1433.1221
739.3819	730.97687	738.4434	756.054
743.9804	716.0573	745.3199	693.13556
762.8214	1164.9385	766.94586	1085.9972
727.8829	853.2933	802.2115	882.9747
786.02014	1217.9146	707.3742	1199.4097
956.14374	1659.003	956.439	1644.9882
1062.0374	419.94037	1015.9787	463.82935
1158.2809	1117.9913	1157.9054	1149.011
1185.9785	973.0118	1185.2452	1034.015
1188.8497	841.98254	1187.9386	902.0294
1519.3701	1565.9911	1519.1432	1530.999
1884.952	1668.9222	1836.0045	1671.1023
1965.8905	1163.9232	1964.5149	1147.9557
2115.6982	1680.9441	2113.4517	1652.8838
2262.1072	621.05914	2259.8477	586.94385
2530.0002	1682.3119	2445.0002	1682.3756
215.70139	1033.1602	213.91974	1052.0865
326.1181	655.1771	327.73688	644.9583
329.0037	746.9691	345.13165	748.901
449.99643	1599.897	498.04266	1598.2289
509.75137	721.034	508.43848	750.06506
511.58908	806.16876	526.8163	811.52246
559.8158	678.0403	558.4344	706.0214
727.88654	924.67224	716.8329	942.2668
743.6354	791.033	742.3868	815.072
746.747	734.0446	745.3112	758.0783
757.4664	727.0221	760.1197	671.0057
725.30927	860.23895	797.7283	889.6687
916.1974	1305.7883	877.91016	1299.5514
951.45905	909.9732	949.9187	941.04553
963.5916	1138.9857	959.99963	1242.0348
976.1613	1420.0063	969.3138	1595.0123
1117.0786	1310.9615	1116.575	1323.024
1550.9474	1444.9888	1552.232	1553.0092
1628.1204	1291.0033	1627.6873	1307.0186
1743.9814	1561.0498	1810.9753	1559.7379
1798.0576	1237.0348	1803.649	1227.7877
1906.0006	1145.0059	1874.0182	1148.183
2224.9143	1208.155	2223.2722	1186.0541
2382.0	1451.0009	2370.0461	1452.3956
2436.0054	1636.7815	2403.9756	1636.0073
2607.9849	464.87943	2583.9863	467.89038
2859.6228	1156.8359	2861.964	1180.0037
193.9743	789.10516	162.87695	781.50336
307.89322	182.53226	237.27115	139.55446
298.49176	663.937	302.70074	629.96295
347.15906	394.5308	481.32254	468.2332
493.70297	1081.9834	492.74625	1099.0419
541.20294	1154.8344	537.6085	1172.1265
556.6565	948.00574	526.73206	937.7845
1050.2502	1615.9744	1048.9144	1655.0312
1083.759	1526.9857	1083.4717	1552.0054
1146.6368	1124.0155	1144.912	1195.0707
1379.0002	1202.0154	1364.0033	1202.2318
1387.4506	1515.9857	1386.8267	1539.9955
1440.8042	1463.002	1441.4229	1525.0057
1857.0964	1368.1306	1839.8788	1380.8357
1896.0005	1644.0288	1833.0016	1645.0953
2117.5403	1713.0348	2115.7988	1690.0153
2138.988	1682.1696	2160.0242	1683.6602
2333.6443	589.6892	2326.72	553.0529
2374.538	760.9001	2384.0293	906.9981
2846.7139	1067.574	2850.2825	1081.9298
3029.3948	189.99872	3029.4697	212.99847
35.86875	617.3276	59.656242	626.858
113.136215	1552.0121	109.86164	1589.0762
378.0971	670.0847	390.00153	515.9229
520.6881	935.97205	499.61197	929.20935
691.0225	1328.8364	565.9138	1311.6266
579.885	525.01025	762.3321	626.20416
749.7506	667.99146	748.89606	692.99646
877.78766	1303.3262	914.79944	1309.2527
1172.3354	1453.015	1172.8734	1440.9944
1313.5127	1595.0131	1317.0414	1455.9757
1344.9651	1252.6432	1377.9427	1249.4154
1515.328	1647.3177	1525.6511	1636.662
1606.9556	860.5757	1650.0066	856.0629
2049.9915	1441.226	2081.023	1442.388
2478.501	1116.0375	2484.7976	1199.9402
2578.4736	1220.0472	2562.8452	1046.1038
2857.8884	1180.1249	2855.1887	1156.0911
9.270526	957.9022	14.642769	917.8181
28.998482	1651.086	51.000084	1651.0496
253.6153	928.6176	228.87186	913.20575
264.24902	150.16243	295.6925	170.47598
463.02652	692.0795	453.88358	810.0685
483.16803	1137.0623	472.5058	1165.8168
493.209	546.46643	483.1127	529.3439
490.4415	907.7534	579.91907	936.254
523.7598	661.04004	522.23627	689.9598
652.6141	595.7413	688.3424	614.3423
719.71844	1128.0405	721.0724	1104.0605
773.2012	1017.0091	770.3166	1080.9692
774.68884	776.04517	773.17957	799.0773
779.27057	1385.0183	774.59576	1454.1754
796.0283	1685.0536	793.6324	1731.033
1170.9987	1520.079	1151.9869	1519.7479
1171.9751	1468.9983	1172.782	1456.9186
1212.8037	1317.8927	1234.0936	1322.574
1234.1179	1317.5096	1214.074	1312.6923
1309.083	953.76263	1301.9498	954.5388
1765.8523	1701.0797	1778.1343	1752.4901
1887.8918	1115.9669	1888.634	1135.9764
2156.0203	1098.705	2137.007	1099.2493
2517.6782	1114.0311	2519.9138	1137.1052
2671.969	733.9088	2685.9983	883.0002
2800.6104	1084.9186	2808.1548	1048.8234
195.01212	366.9764	163.9769	351.045
217.8394	1005.9892	216.551	1025.1045
224.26324	1129.0807	230.74637	1107.9222
451.23593	1591.19	453.80893	1560.8988
529.1304	1171.0125	530.957	1151.9003
561.8013	647.99005	560.4531	674.97266
566.6629	915.1801	562.0581	880.9922
592.07697	1408.3055	560.9058	1404.8495
721.13	1032.9703	720.2103	1059.9731
733.0025	932.0165	749.0891	929.59125
990.18726	1609.0184	992.0741	1589.9086
1082.9655	818.52496	1103.0773	817.0643
1120.6595	1177.9945	1120.4353	1192.007
1182.8782	1117.9854	1182.0039	1185.0261
1601.986	1433.8473	1575.0304	1436.3304
1650.7819	861.9286	1650.0157	875.0009
2174.988	805.85846	2223.8884	801.69073
2518.213	806.8964	2524.1118	875.9905
0.98901653	814.0327	19.277187	820.1747
24.15392	783.0005	23.93308	848.99976
118.97174	785.1033	89.53066	1062.0564
236.74411	1003.8088	233.6323	1024.2485
257.16937	1123.029	260.0851	1106.0145
272.90274	915.9928	274.91104	888.91925
483.0042	1368.9286	468.994	1368.1019
486.13113	901.0102	471.41873	1090.0326
515.9747	839.93823	504.29822	844.7271
519.1306	725.0666	517.4836	753.0285
551.62195	564.0885	548.18884	627.0103
555.6815	741.0405	554.01807	769.0011
555.1437	1599.933	553.3357	1623.0262
629.2288	421.63733	300.75543	214.38762
610.083	1242.542	651.9754	1250.1356
734.0374	1467.9509	732.7558	1493.0895
736.12787	1198.2909	754.0849	1201.5292
745.0187	1140.8208	752.01697	1140.9318
929.097	1368.2905	874.8798	1360.879
965.5244	1079.0151	964.0261	1131.0295
997.10986	795.0037	991.8527	949.995
1021.58386	680.38367	1005.76	663.22125
1011.3096	835.0173	1014.37555	780.02094
1117.2509	1273.9944	1117.5892	1289.0093
1164.228	832.0071	1164.0209	868.00586
1166.0344	727.9978	1165.9755	754.0022
1348.0157	1510.0001	1348.1439	1488.0009
1348.2999	1588.989	1348.5359	1573.9927
1663.8949	1434.0829	1687.9233	1431.3307
2197.3474	1096.9635	2199.767	1120.0244
2664.1157	533.98865	2668.1282	574.88934
2721.4114	1036.8639	2738.3125	1212.0663
2825.004	1462.3805	2796.0068	1462.6732
176.25607	438.28696	170.77803	424.08563
264.30844	948.62585	220.97105	956.8474
285.1181	1010.00555	284.1295	1031.0531
436.94318	1084.8094	448.05142	964.9121
573.14813	942.6824	496.27887	918.2708
701.43085	1416.9689	702.79877	1391.9343
757.9849	920.7576	729.969	922.50134
851.5244	1679.9958	851.139	1724.01
961.18365	1508.9757	960.5576	1530.0463
985.02313	1088.0006	980.44855	1249.9844
1155.631	1264.9827	1154.9713	1279.0455
1146.0516	379.56937	1165.3838	411.7696
1605.287	1217.9296	1610.9481	1241.0127
1760.5835	1233.9861	1759.5779	1191.9623
1899.8564	862.00305	1900.6986	902.00635
2092.936	1502.047	2100.578	1675.1511
2515.786	1137.0968	2514.037	1115.1565
2685.006	1667.6345	2646.0	1666.9932
2752.7627	1409.1124	2771.2	1611.9818
2914.9822	1499.0994	2861.9634	1500.1553
0.5383772	1066.1565	40.081112	1074.6211
393.78394	1119.8113	390.35532	1141.8999
680.99304	1630.3329	642.9972	1630.7283
655.05817	1341.5568	693.0597	1346.5455
695.06494	460.9167	709.73	472.34644
709.65796	1527.9219	713.3842	1463.906
719.1221	1072.0052	717.95087	1099.0411
753.62823	1395.0355	742.0791	1599.061
740.2572	638.4463	808.6944	673.59503
960.174	1440.9713	960.93677	1418.9631
1016.31805	465.9478	1015.3533	497.042
1113.3245	1436.9945	1113.3912	1452.9984
1415.74	1548.9803	1416.7616	1690.9945
2874.0015	1583.7213	2911.9993	1583.6462
38.153465	681.85944	58.236534	703.7833
557.8397	709.0502	556.16504	737.06964
700.01825	1451.0007	701.0208	1424.9623
744.0888	913.35455	727.85486	917.4205
757.5872	1044.9843	756.63544	1070.0242
783.2546	1009.17065	724.6422	989.0419
793.5864	686.033	783.5737	863.976
1082.4298	1585.9994	1082.4053	1610.0004
1184.1974	896.0264	1184.8707	839.98645
1333.5775	1464.9918	1333.2961	1514.0017
1473.2058	1503.982	1473.5028	1523.9777
1629.0087	1758.4078	1597.001	1757.9374
1622.0363	1112.3455	1601.9425	1114.452
1696.3153	1112.9933	1696.7184	1071.9972
1687.9506	1564.2156	1714.9873	1565.314
1827.5756	1385.9233	1832.1069	1360.8386
2107.7156	1073.9615	2116.6445	1240.0192
2170.9963	1653.8184	2135.0112	1654.5502
2788.6077	1159.8286	2791.078	1182.9917
0.49011046	772.40625	23.701815	780.8224
370.06186	847.9214	335.32648	820.58514
465.06927	885.90314	449.941	875.08246
498.40128	1140.9061	495.55255	1159.0865
500.40524	754.17664	517.01385	528.00104
502.6527	1162.102	505.79913	1141.9686
511.07916	1002.049	509.52838	972.91864
522.4117	535.0084	522.0223	554.02094
560.1106	959.93665	548.9941	1116.0708
633.00507	1631.164	587.9861	1632.5482
741.63055	692.02454	740.6201	718.0241
850.10095	1358.2217	780.83936	1349.2386
789.037	638.93304	899.89294	700.19366
911.4719	598.7569	923.76666	607.3344
981.6348	924.00806	981.3803	943.9921
1148.1052	371.96457	1145.4434	288.9537
1155.4435	904.978	1158.2898	832.9719
1190.9053	701.98645	1190.249	755.0031
1251.1842	576.97473	1250.7494	591.0232
1280.2966	1524.9921	1279.5538	1591.0062
1654.1199	1239.6917	1634.0298	1243.1722
1827.8293	811.00574	1830.1136	878.99615
2218.835	1117.0875	2217.3247	1096.9756
2814.3018	1047.162	2822.9082	1084.2533
3026.8613	1419.9031	3041.1584	1546.9822
82.31496	719.8666	71.304596	693.871
237.95067	979.8673	235.7559	997.22205
562.3993	1289.5103	575.9154	1272.931
664.3364	1522.9336	663.375	1547.015
697.78864	1561.9883	696.34296	1588.0745
706.05914	1393.0022	705.07635	1419.0406
805.77673	1462.978	804.0151	1480.9032
842.6195	1614.1034	844.0268	1592.0656
962.1752	1481.0052	961.52234	1503.045
1161.3928	970.00684	1160.8713	1000.01514
1598.1571	891.9959	1599.0895	927.97174
1740.5857	710.0316	1741.5784	723.03217
1751.8313	1232.9974	1750.9033	1294.0289
1925.015	1676.5001	1856.9863	1678.5427
1946.7677	1145.0111	1947.9213	1169.0518
2159.852	1099.8525	2161.5317	1120.9576
2231.175	1163.461	2239.9045	1166.2944
2280.8806	1682.0217	2276.6655	1658.8788
2825.3083	781.9671	2832.7761	851.9171
203.89108	658.00446	204.99155	685.00037
254.93994	686.2307	274.19666	691.2447
288.8014	590.06067	286.6014	619.1212
281.37592	582.15356	303.09012	591.79706
505.27368	1454.9414	502.91693	1484.1547
505.19064	1103.1713	512.0068	1016.00055
531.7772	1090.0328	530.8906	1110.9954
548.3436	951.9785	551.1002	996.0563
628.81445	449.32962	609.68445	438.56052
636.789	1688.4316	714.91895	1682.0135
706.5503	475.9625	705.29443	491.02454
746.2129	658.51514	788.6962	680.5847
780.6648	980.0532	776.51764	953.91785
793.27576	1077.9648	788.80743	1170.0392
844.1174	566.3041	732.95526	491.06607
971.18646	1196.0079	970.33606	1216.0566
983.18567	807.9888	983.4483	788.9924
1155.0729	1282.0011	1154.8735	1295.0134
1227.4457	485.1223	1230.239	452.10483
1239.7018	840.491	1219.0355	827.94147
1643.0323	1334.0219	1636.5048	1343.6648
1857.7123	885.035	1858.8525	927.004
1956.0684	1082.548	1911.9336	1084.4976
2757.3218	786.86633	2764.4207	857.0586
2899.0322	1461.0718	2868.0303	1462.0042
3013.2603	1454.7039	2992.668	1445.7646
3.921891	999.84674	9.476048	960.7833
163.15659	1093.3522	175.40318	1087.9067
282.76288	1036.9912	281.9843	1058.0364
400.168	918.70435	423.89417	932.1863
395.1893	934.5986	416.22638	944.52
448.55777	1149.0804	451.4657	1128.923
714.0417	1165.001	713.51294	1189.0114
713.34247	1453.0814	717.049	1391.9424
730.8931	1530.0527	729.35815	1556.0211
939.6473	1444.9883	938.9154	1466.9972
972.8673	1144.0413	971.9145	1164.0436
951.3377	943.6174	1005.6492	965.85675
1030.3163	673.31726	1009.8305	647.1326
1063.8009	712.30347	1038.5267	695.72125
1124.1692	1027.9777	1123.8456	1040.0227
1180.4172	1263.9673	1179.008	1332.0623
1739.2747	760.92426	1749.9136	1221.0251
1866.2769	1117.9336	1867.2714	1137.038
2457.212	1175.9069	2458.9045	1197.9304
285.01126	1214.6598	259.01883	1215.1035
280.54282	891.1265	278.25494	919.02094
311.77438	1021.0746	313.50995	1003.0491
459.9433	1525.0752	457.4683	1556.1171
460.95486	584.11804	474.83627	589.428
499.938	1524.996	497.91678	1556.1245
502.83694	1591.9337	501.69382	1611.9825
510.75668	1373.1462	508.27023	1403.0225
529.2925	758.02264	538.9001	633.99225
543.9731	1249.2673	568.9213	1251.7809
548.8543	1133.6016	571.95245	1139.1963
611.88794	1250.6268	651.86163	1257.774
729.48663	1005.97644	728.3377	1031.0155
751.00336	1173.2214	743.98975	1173.3285
769.738	1524.9873	766.63025	1589.0306
842.0055	1581.4368	829.0067	1581.3102
956.9421	1059.1693	997.03894	1072.8862
1042.1786	447.06277	1044.4757	477.11652
1058.8217	1388.9943	1058.2026	1408.0391
1117.0334	1327.9879	1116.883	1340.011
1155.2947	1299.9364	1154.2057	1312.0186
1158.2113	1153.0222	1156.9498	1164.9948
1158.0586	1169.909	1156.8827	1182.0852
1251.0012	1618.6268	1378.9999	1619.0369
1473.5023	1461.9962	1473.3406	1483.0104
1738.1113	1501.0198	1737.3523	1466.9922
1891.0901	1201.996	1892.0807	1223.9513
2221.4	1095.9744	2222.7476	1117.0161
53.13125	228.51268	176.28635	299.2426
285.59515	114.31385	184.42493	138.60486
262.6795	712.0483	263.60834	698.97217
502.8068	1489.9834	500.30972	1519.1123
514.53766	1146.8877	510.5884	1163.143
486.61783	472.7124	546.9567	505.08066
536.737	1024.9835	534.9799	1053.0613
641.7966	1485.8992	639.86847	1508.9052
728.9568	1561.0437	727.76825	1587.0807
759.20355	1014.0493	758.13763	1040.0466
795.03644	1732.5533	812.9985	1734.0188
803.84906	679.20447	745.17847	648.57355
874.9377	1369.5366	911.0314	1373.73
935.2736	1563.9446	933.66425	1585.0507
970.7209	1102.0001	970.71027	1083.9996
998.95056	1260.2136	941.264	1246.8597
1151.0038	1418.9825	1151.3859	1440.9933
1333.2344	1523.0001	1333.1844	1591.0001
1824.844	1559.8724	1813.2394	1483.115
2326.2356	552.686	2277.1274	515.8301
83.99717	1274.7727	112.99268	1274.4119
180.05159	733.0001	180.04936	716.0
189.05548	1126.3153	175.97928	1125.2559
195.85762	689.0197	191.68811	658.9047
314.52997	1274.0426	286.0049	1629.161
298.21338	474.01376	296.40814	502.0263
348.34045	1135.0428	351.37323	1110.9211
486.07202	1045.9468	484.4572	1074.0836
521.7858	693.05646	519.7078	721.979
694.6842	1554.9865	695.75867	1529.9468
714.985	1593.4952	738.0241	1592.8086
872.135	722.7504	836.2698	703.35
879.74054	1288.3473	909.9676	1294.1682
984.8959	850.0547	983.73615	869.045
1087.3232	1413.9995	1087.3553	1436.9995
1625.1819	657.67255	1560.1788	599.7991
1755.0344	973.9632	1747.3773	758.80865
2086.0374	1457.6506	2074.959	1458.2882
2314.9878	627.8739	2291.914	630.11536
26.016422	864.94086	0.7431465	857.9253
29.647013	669.14435	52.458466	686.3937
67.70291	412.08975	63.77555	442.84363
234.31503	1030.7666	231.48444	1051.2056
330.2491	185.83698	286.9547	119.6841
366.0022	1641.0338	326.97147	1643.5588
413.21823	868.54553	455.54324	888.86865
471.3014	1556.0975	479.11182	1451.9333
508.0916	1408.948	506.4219	1438.0815
613.68646	1522.8928	611.80914	1545.9028
720.32715	1167.9679	719.27264	1190.0608
745.0122	763.0006	743.77435	786.98834
774.00775	1627.2175	740.97845	1628.3956
933.9026	754.19037	901.6472	737.68964
917.561	608.9913	917.28143	623.0255
961.51874	757.8981	1008.07996	782.8508
1044.96	1651.9987	1046.0035	1620.9666
1048.1173	785.00433	1047.1566	810.9688
1147.5021	902.0457	1149.2389	844.97687
1172.6498	1435.0248	1173.1862	1420.969
1281.0114	1465.9907	1280.558	1514.0052
1281.9957	1269.89	1378.0049	1266.1244
1293.9042	1254.5521	1325.9624	1252.4318
1324.5045	1457.993	1324.9313	1550.0004
1509.46	1787.6265	1514.9332	1809.0171
1653.7825	1442.923	1583.4214	1457.1359
1724.1703	1397.0634	1727.1471	1389.0547
1758.166	1106.994	1753.4525	977.01984
1837.9813	824.00085	1839.3348	854.02997
1964.0074	1171.0117	1950.0009	1171.1146
2161.9446	1134.8604	2163.5322	1156.9618
2183.6062	1624.5691	2173.084	1634.1859
31.963861	1117.2255	18.82071	1115.1183
462.28363	1489.0187	460.29758	1519.0857
498.8485	1014.04987	497.14594	1043.0085
727.89856	848.10095	729.6593	814.9819
737.6204	1394.9796	736.21295	1421.1191
960.25775	1535.9618	959.1701	1557.0603
1010.0804	646.09644	1017.9458	557.9952
1085.4609	1470.9974	1085.3447	1495.0017
1123.5009	1012.98883	1123.2313	1025.0052
1681.0583	1771.256	1675.2373	1727.1006
1727.0344	1625.5739	1760.061	1628.2461
1899.1677	830.00507	1899.4391	820.98315
1927.2168	621.9927	1928.4034	657.054
1966.7372	1189.0471	1966.1002	1171.9962
2433.9702	1205.2151	2483.0132	1203.3491
2777.0425	1071.7065	2780.8	1085.0563
12.577053	419.0687	16.651411	384.83948
35.72607	726.8413	38.620686	740.08295
184.62209	140.03036	-0.011419611	21.576494
239.94739	1053.8901	229.44174	1058.9222
478.6915	362.4958	446.652	342.55923
748.6992	696.9844	747.3991	721.96875
936.3033	1535.9601	935.099	1557.0056
1192.4669	899.0031	1192.6133	876.99744
1295.8665	1486.0015	1295.8413	1466.9989
1628.5599	1067.4927	1616.7622	1077.7258
1651.2906	1762.04	1652.6987	1787.017
1656.6565	1322.9619	1658.6807	1357.9026
2082.0662	492.15356	2067.2307	498.5363
2118.8455	1652.0067	2121.491	1713.0654
2793.9993	1605.2222	2930.001	1605.7439
301.86365	994.9864	302.21127	1016.99664
300.85504	436.2692	316.65778	444.77844
464.7658	891.0211	468.2664	929.8859
727.9524	1035.9983	727.0352	1061.038
732.6041	1498.977	731.1488	1524.0667
735.8404	1426.9565	734.8607	1453.0698
772.7716	1458.0349	769.9177	1521.0416
780.2628	1556.8611	778.3374	1580.947
1067.8029	427.93417	1061.7933	445.931
1149.259	1191.9839	1149.8014	1166.974
1161.2556	1019.9282	1160.0818	1032.1042
1180.5454	1493.0016	1180.453	1411.0006
1840.435	1563.4613	1861.1897	1569.3291
2165.131	1189.9213	2166.6013	1211.0278
2987.9023	1446.8181	2970.2393	1456.3068
19.132238	819.0287	18.038967	785.96564
75.42831	324.03787	72.87556	352.90054
69.967224	637.0977	85.856964	642.4265
310.03073	1080.8152	345.06	1086.639
354.82812	708.0416	363.27435	742.9336
701.0554	1498.0598	699.579	1524.0896
986.84515	792.03345	986.0532	812.0417
1091.1875	418.91498	1064.0559	421.57065
1177.0492	1186.1774	1159.0459	1191.1656
1548.9418	1266.6147	1573.974	1262.8281
1761.4003	1284.9888	1761.9977	1252.9626
1776.4548	1752.2017	1761.1122	1783.5444
1800.5789	1375.8975	1799.5586	1390.0403
2114.84	812.9862	2166.073	808.9179
2833.999	1529.5713	2801.0015	1529.644
3024.5005	1553.1735	3036.5286	1657.1702
285.97412	625.0767	283.52966	656.1204
409.23447	750.2247	425.00214	754.993
480.04733	1437.0796	485.15146	1369.9355
629.5951	617.0527	632.3311	638.08704
717.6429	1103.9192	716.20483	1128.0718
722.0845	1141.0516	721.1796	1160.0562
1156.1118	1260.5671	1172.0825	1257.4185
1297.8997	1574.9766	1298.2902	1589.9924
1965.7001	1724.8184	1953.7795	1764.1456
2163.496	1161.968	2164.9775	1184.9369
2200.154	1206.9901	2195.2056	1129.9868
2222.9922	1180.0609	2221.9573	1162.9421
0.5014588	734.2816	14.688646	739.8004
74.00792	1833.1147	56.951145	1834.2925
256.19858	910.8713	245.18324	893.8812
365.24637	1116.9866	364.85345	1138.9974
467.9848	1348.1282	517.0074	1353.9377
684.5679	1475.029	685.644	1454.033
794.4526	960.707	775.6094	931.6054
817.006	1625.0835	783.9605	1627.448
913.9656	1374.4424	930.0239	1375.6927
983.017	899.06274	981.8451	918.0522
1575.9741	1263.2345	1654.985	1260.5571
1660.4847	1259.2395	1663.574	1240.0927
1694.2485	1400.8813	1689.5045	1430.9218
1843.5789	1411.4436	1833.4901	1424.6094
1870.6238	1282.1414	1866.7656	1299.1735
1959.0778	1628.0809	1898.9738	1625.6473
1987.413	1158.09	1991.1737	1140.8201
0.6847568	713.2498	10.0949955	715.6234
84.00896	1698.4849	0.98187363	1700.019
306.0829	911.0751	295.15298	923.1386
299.58752	1023.97504	299.887	1043.0018
467.9658	1591.1053	471.48462	1558.8347
673.0416	1378.5298	640.0347	1375.6079
820.0027	1558.1288	794.9998	1558.0515
843.248	1527.9688	842.582	1544.0242
1155.0122	467.9988	1150.7223	423.9297
1159.5195	720.9861	1160.448	688.9261
1186.8312	1183.0048	1186.1583	1158.9956
1192.137	453.01013	1190.3607	477.02667
1327.1093	952.15344	1316.0193	953.204
1411.0226	1531.4185	1399.0406	1530.9531
1637.0038	1211.9458	1637.6539	1235.9823
1662.6953	1787.8354	1666.718	1804.8301
1898.7399	837.9845	1898.5308	854.9942
2870.476	1081.6885	2876.9956	1049.7947
1.5519388	523.9722	2.79056	503.98703
374.6834	1138.0587	376.49646	1116.9568
699.7045	1530.1027	698.1402	1556.0687
851.6532	1339.0305	853.43036	1300.9734
985.8908	818.0376	985.0499	837.9599
1129.7135	1139.0065	1129.653	1127.0017
1151.0659	1444.9869	1150.8975	1457.0126
1160.5188	1004.98834	1160.2513	1016.0061
1668.5056	1236.9852	1667.8475	1259.0253
1831.3014	900.99457	1832.2336	952.9958
2836.1604	1487.09	2833.562	1462.8326
497.17953	969.986	499.44284	999.121
531.95325	1113.1565	503.13516	1104.5475
994.7203	1078.7926	951.46216	1063.5238
973.11273	1111.9983	973.14417	1131.9998
1164.197	872.0184	1163.1725	883.01605
1579.809	1473.0795	1571.8678	1553.8888
1743.8738	1468.9962	1742.973	1498.9991
1792.4208	1208.9794	1791.85	1224.9946
2099.682	1690.0563	2103.409	1711.1046
459.0189	1482.0912	461.70563	1452.0631
702.7393	1465.9857	701.30994	1492.0718
773.6517	921.99475	749.7778	913.6346
806.02344	1392.8505	780.8584	1388.9023
897.98914	1622.5614	868.9822	1623.2798
964.64667	1419.9818	963.56415	1441.0802
1134.1416	1465.0137	1135.299	1453.0289
1196.9652	460.0915	1194.4773	431.9578
1299.1683	1491.9744	1298.5826	1510.9872
1489.2458	1735.9869	1490.6729	1762.9114
1579.9819	1216.7634	1566.9055	1217.7605
1649.9983	1111.9116	1633.0049	1112.2472
1759.5751	1182.0006	1759.4802	1115.0035
1883.9952	1137.608	1901.0049	1137.4025
1946.1735	1221.0403	1945.1013	1199.0438
1989.1014	1358.4575	1950.9392	1351.3251
2136.863	1637.2112	2121.7402	1627.4003
2267.1743	1659.9973	2267.5066	1681.9923
2838.003	1500.2311	2787.9727	1500.8757
42.56	263.02975	57.27531	271.523
171.17006	722.0141	171.44019	757.00433
290.03918	804.021	297.01834	791.0098
532.3759	949.96216	535.1081	977.08984
938.41516	1480.9673	937.1799	1503.0101
958.0661	1336.6221	945.31775	1354.5139
974.2702	1085.0264	973.8554	1105.0177
1140.8722	1195.5526	1122.9098	1200.6841
1207.6857	1624.9896	1207.1923	1640.0063
1457.3569	1487.9911	1457.177	1501.0024
1497.2106	1763.9698	1500.7853	1788.8873
1699.2169	1429.0444	1697.7974	1404.0115
1804.2572	1186.2323	1801.0525	1175.9835
1908.2112	1186.041	1907.5316	1172.9724
2227.258	1185.911	2228.7502	1207.0177
0.69374496	374.66623	19.794718	383.44656
39.764053	785.96857	28.176603	873.0235
174.11343	707.0413	182.12764	685.0465
347.9899	965.8992	343.81653	924.9169
485.22058	1158.0264	487.61685	1137.9542
617.9854	1519.8922	569.9982	1519.1082
637.00006	1556.9888	596.00214	1556.6976
725.99243	1076.0479	724.83655	1100.0403
780.7436	1362.9833	779.56683	1381.037
853.1482	1350.9689	782.87494	1340.8701
1120.6163	1144.0103	1120.3665	1159.0061
1167.0771	1314.0079	1166.0325	1324.1068
1298.4751	1525.9996	1298.4797	1542.0001
1864.183	1148.0648	1862.0375	1120.9971
1895.0071	1588.8848	1835.9237	1585.2346
2162.8257	586.68787	2176.9045	578.82916
2194.994	1122.0005	2193.2932	1100.9763
252.9981	1662.7991	214.99202	1663.1597
281.06937	781.945	290.38577	793.6941
300.25388	941.8079	310.15002	954.8865
317.09863	1003.1752	288.21616	981.022
682.00073	1485.2197	652.99774	1485.3146
715.7961	1133.9333	714.40607	1159.0225
723.90155	1106.0315	723.06213	1130.0371
734.41583	453.88745	711.9391	439.0926
781.09235	1333.5647	762.8525	1329.6954
792.6531	986.09174	794.7773	970.9687
937.17633	1508.9762	936.5978	1529.0172
975.7531	539.066	1007.9678	565.04
995.0905	1362.5126	982.9521	1360.2579
1045.76	814.44543	1020.5395	800.8546
1261.1033	472.38446	1203.5685	421.23575
1814.9218	1430.3033	1820.7902	1393.1248
1871.748	633.8153	1877.9674	659.00806
1947.6285	1171.9667	1948.8519	1195.0078
2543.9429	1114.0049	2551.071	1196.9939
2887.729	1155.9371	2890.0605	1182.9948
139.00302	810.9828	123.94006	808.34186
221.84717	951.76746	253.11047	947.891
496.5973	1048.046	494.3643	1077.0281
619.95953	1227.2377	650.91406	1232.5049
784.21216	1735.6505	771.28284	1739.8673
927.9792	1360.1709	874.7928	1353.7043
962.3538	838.9749	961.5753	859.02234
983.65216	875.0243	982.94415	894.03516
1176.3302	441.90695	1170.0732	419.69763
1381.8696	1512.9694	1388.519	1484.6522
1551.0955	661.1932	1580.0701	658.87616
1635.1846	1385.9937	1634.8054	1374.9723
1945.2532	1110.9873	1946.4033	1134.0298
2224.128	1688.993	2225.6143	1716.076
175.99428	1077.9187	192.99985	1078.0245
236.73726	1106.964	237.9123	1131.0043
401.38937	1142.039	403.60068	1119.96
483.66467	1079.9686	483.2879	1095.9833
540.71765	621.0579	545.1608	566.013
546.00616	980.06384	544.26733	952.98285
1452.0006	1443.0564	1495.9945	1442.5378
1664.6818	1390.9841	1664.0304	1362.9993
1724.3408	1351.0411	1721.6976	1372.9635
1767.6505	1376.0149	1765.0624	1315.0823
1811.7734	1508.969	1813.7361	1558.0106
1911.3607	1171.975	1911.7843	1195.0039
1923.3939	1214.0304	1922.1389	1188.993
1940.9623	1073.198	1926.9005	1070.5227
2138.3289	1208.9802	2133.924	1135.9442
198.72469	641.2257	188.41998	628.6557
322.91714	695.2608	334.06317	698.8011
535.2013	980.9299	536.8986	1010.0059
584.1797	888.8737	560.7239	855.4914
1130.2017	1273.952	1129.5315	1285.0922
1142.2992	1506.0101	1143.2131	1479.0072
1152.3689	1037.9712	1153.4634	1013.9755
1166.0403	1162.0195	1165.8362	1151.983
1190.3691	1031.028	1189.5273	1012.02094
1803.9564	1396.9656	1793.7897	1409.8339
1832.1398	1248.9781	1829.8026	1234.0309
1852.9005	836.84894	1898.9885	832.8676
0.50208926	200.91505	50.063705	227.88292
303.80637	210.02478	304.20837	196.94493
425.48712	1146.067	428.26205	1125.8984
487.1708	571.0019	487.40024	550.0044
527.4453	1151.883	524.4498	1166.0948
544.99225	1307.7666	559.0432	1307.2994
999.09607	1041.0209	995.80457	1056.1748
1133.9427	1125.9954	1132.9708	1138.0781
1174.7593	709.04694	1175.321	699.958
1299.3401	1467.9988	1299.3076	1486.0023
1665.4895	1185.9342	1661.852	1158.8854
1699.8461	1516.9781	1700.1831	1530.0211
1923.9751	1135.4318	1941.9843	1134.6417
1945.2261	1194.0533	1943.8401	1173.9421
2125.894	861.12384	2139.0642	859.53156
2879.9824	1095.0021	2886.7688	1154.0266
204.99991	1079.0222	226.00366	1079.1086
234.47856	781.62213	244.14395	774.18713
914.2259	707.3405	977.4935	743.8771
1145.702	1336.9368	1146.6749	1316.9841
1298.3451	1550.9897	1298.7595	1565.0071
1724.0527	1795.7666	1715.9535	1796.3242
1870.4517	1569.9775	1894.229	1580.4816
1988.5806	1184.2014	1985.8876	1191.9609
2248.2773	1131.0375	2250.8188	1180.0613
429.89786	799.1557	408.0953	784.85474
471.4381	466.07562	444.48102	451.99347
457.1931	1560.0131	455.0197	1592.1366
468.1146	1406.0065	466.41666	1436.08
470.7372	1371.0413	469.16724	1399.1212
678.8182	631.3549	692.7483	638.49133
886.2973	709.7975	858.2078	1362.0089
971.76184	1170.0212	971.2048	1190.0336
1129.7876	1290.9343	1129.185	1302.0642
1650.0013	1310.016	1625.836	1312.0829
1719.5204	1406.7078	1723.9623	1429.8151
1827.8462	1524.76	1837.7773	1559.7795
41.618614	521.18915	37.6447	555.1922
62.787056	725.7164	68.26048	740.9061
236.21922	700.529	249.08203	695.19794
401.78885	772.9823	402.52875	805.98816
517.9942	1165.1517	520.6204	1147.942
534.7101	1057.9786	532.63354	1086.1205
587.96857	1482.4899	558.02783	1480.567
645.40106	642.0301	644.6969	628.0152
1642.9999	1040.0079	1630.9869	1039.8167
1854.8889	1313.0939	1858.3893	1279.9355
1935.0256	1633.7064	1957.0326	1635.6261
2794.5024	1562.9487	2796.0383	1577.9961
54.496605	402.12323	51.606968	437.21466
248.58543	993.9472	251.1405	973.8905
333.4687	975.78076	307.79083	958.3074
405.25497	810.3798	415.41107	830.30023
704.761	1424.9875	703.4003	1451.073
959.67584	888.98456	959.442	909.0052
1133.0256	843.20496	1143.9795	841.8355
1981.6838	1218.0292	1980.5682	1205.9475
223.54225	1093.739	234.03151	1086.043
583.0182	1556.9816	550.01086	1556.3912
579.9847	916.2235	583.6347	900.1441
1006.17017	788.48395	964.3777	765.11285
1163.208	886.97296	1162.8308	898.0283
1170.7811	1117.9231	1170.1449	1128.0092
1194.7072	754.00885	1194.0112	730.99963
1616.2349	1371.0258	1618.6396	1349.0701
1707.1823	1027.9707	1704.135	1008.97833
1840.0726	1154.9934	1839.9658	1169.9998
2956.5679	1611.0464	2934.3306	1404.0719
223.00148	1086.5087	212.99855	1086.4785
307.70145	797.1318	316.92798	818.0318
429.53555	754.02344	430.10727	740.96094
500.9772	1612.1332	447.96127	1613.5278
1170.0642	1150.9092	1168.9792	1162.095
1173.808	971.98773	1173.1622	982.0744
1705.6815	1289.6742	1698.409	1319.1011
1743.3522	1295.6478	1732.352	1284.648
1771.8729	1428.197	1769.01	1411.8234
1885.8611	1171.0225	1885.446	1150.011
238.17416	664.75055	226.27538	651.65857
963.87476	805.9658	963.2359	827.00714
1486.5355	1706.965	1484.7195	1731.0542
1647.9619	1526.9933	1645.125	1543.0221
1768.6111	1403.0175	1769.1826	1382.9767
355.5661	701.9412	374.21323	710.5375
635.0624	1484.0543	609.04376	1482.3373
1102.291	441.98065	1101.636	465.99008
1555.0164	1757.0165	1540.4191	1771.4246
1662.5386	1408.9878	1662.9689	1428.0007
1671.8468	1113.0243	1672.1919	1100.9768
1782.1135	1290.343	1767.961	1291.5394
1107.5033	444.9397	1110.1644	423.01996
1816.2609	1365.9972	1816.4023	1378.9956
1819.7388	1485.057	1826.0573	1513.9875
1865.5065	1209.0277	1866.1682	1196.9545
1890.2509	1176.9895	1890.428	1198.0049
1945.3685	1333.0487	1944.5133	1321.9604
2909.36	1486.0668	2906.8394	1461.9124
229.9684	1080.7269	263.03632	1082.1642
341.20193	648.5703	332.72443	644.5864
681.8186	1575.0221	681.1434	1600.0309
1170.3794	1133.9644	1169.7434	1145.0427
1675.7722	1240.056	1676.721	1226.9797
1787.7217	1411.0369	1784.8068	1389.0256
1926.6481	1195.0176	1927.4974	1212.0251
316.41406	905.71985	304.29102	887.8031
437.12094	451.99545	437.64697	466.01324
714.9998	1462.9816	697.0014	1463.1505
770.4646	1087.909	764.47327	1189.0281
1133.0151	1159.9368	1132.303	1171.0194
1184.5209	1331.0233	1183.2539	1304.9391
1294.8961	1504.9915	1296.0543	1490.9221
1376.4285	1525.8457	1380.7114	1537.7439
1970.5267	1218.0559	1968.9835	1205.002
2228.026	1717.3984	2275.0874	1714.3492
2999.5696	1481.0095	2999.1946	1463.9738
329.88065	995.91437	324.75592	1062.9048
551.508	1024.6106	488.85608	1005.4711
1129.6654	1307.9807	1129.0284	1319.0016
1166.3558	1130.0131	1166.7615	1118.9546
1702.1414	1364.9742	1701.4196	1389.0126
1812.817	1251.6582	1802.9644	1256.9333
1848.72	1177.0253	1850.3394	1194.9694
1924.114	650.05597	1922.9734	632.00165
2128.9788	1392.9823	2088.9485	1440.957
2331.491	1450.3013	2317.2395	1419.8878
1114.0325	1568.0015	1114.6232	1555.0283
1219.6652	482.03503	1218.5051	470.94714
1822.457	1263.0518	1827.2151	1312.9795
192.00241	1085.8103	180.9915	1085.6707
319.91925	1249.9869	316.32278	1272.214
323.48004	951.21844	319.15912	940.93317
464.90683	1453.0544	463.10248	1483.1261
992.51666	1046.0845	989.882	1031.0206
1134.893	1443.9983	1135.0912	1432.0015
1167.96	1263.9362	1167.3405	1274.0209
1169.2225	1169.9639	1168.8962	1176.9952
1177.4957	1521.0212	1178.0957	1507.0042
1603.3804	1562.8682	1631.3275	1643.54
1944.1323	1168.0365	1943.2067	1146.0333
2385.189	1429.9397	2384.486	1451.0494
281.92245	706.10986	299.12015	718.24677
309.64163	1658.9188	307.9626	1686.9978
523.65656	829.0749	540.2039	834.3618
722.04767	1628.3981	693.01324	1629.3882
943.9037	1121.9939	942.8813	1137.9924
1473.2549	1485.9993	1473.2639	1500.9993
1556.0631	1218.0065	1554.0032	1238.0004
1581.3688	1555.837	1602.1788	1562.4362
1753.6144	1326.9901	1754.1615	1360.9974
1832.8354	1576.2201	1855.9545	1579.3375
1958.1285	1322.1497	1962.4425	1347.2675
2037.9882	1444.4097	2002.7709	1400.3834
7.541712	459.93665	12.519733	423.9336
440.331	473.2226	469.80743	489.35193
454.76328	1106.1508	483.5727	1112.0773
1173.395	988.95917	1172.8481	997.05725
1674.0554	1157.9994	1673.905	1144.9895
1775.7418	1737.7649	1758.063	1698.5211
399.82306	734.1054	409.3944	750.1692
999.0038	755.9932	1034.8978	776.18164
1370.6255	1503.0193	1369.8518	1488.0077
2088.9998	1439.0017	2072.982	1436.0992
203.08662	1670.4656	212.08377	1649.4644
300.95938	889.0433	300.0576	909.04767
304.14575	716.387	326.0937	721.60596
1133.0009	1177.0001	1131.5691	1188.0736
1677.6417	1070.1754	1684.4854	1045.1327
1699.5212	1023.9285	1701.9985	1042.0002
1787.0374	1029.9758	1781.6106	1021.60425
1906.8569	832.4702	1954.0057	828.0617
243.77565	1048.1271	247.25546	1026.878
403.25754	303.00833	387.6304	291.50195
901.30023	1561.9634	900.4089	1578.969
1173.1582	1004.0173	1172.2698	1012.1389
1524.1636	1769.0205	1506.1418	1736.5881
1828.0367	1580.8313	1801.9646	1575.1628
2005.9248	1286.094	1975.4357	1261.7054
2810.214	1097.9791	2818.8137	1186.0182
0.7983571	854.5409	19.771166	861.61383
207.38272	765.11487	213.93604	743.28094
262.01352	825.8036	311.99573	825.4291
308.42905	779.85455	305.37503	791.84076
1668.5505	1336.9989	1668.5068	1355.0012
266.64816	695.57574	250.9939	686.01
678.0001	1557.3289	646.99994	1557.3223
1655.0295	1560.8988	1668.0846	1564.7102
1786.917	1384.0214	1781.248	1361.9363
1931.4125	1292.0276	1930.7511	1277.9647
1992.1693	1300.0012	1991.8983	1335.9993
2263.1323	580.9805	2269.0378	621.1415
268.97186	789.0529	257.1285	782.75824
365.7109	718.22107	354.414	703.4481
569.7792	1250.7245	576.48157	1245.353
739.8486	1074.5725	719.67285	1069.2369
827.7158	1432.9829	826.81555	1447.9889
1126.0295	1303.0176	1125.8473	1292.9846
1180.1527	1035.782	1163.0247	1039.1266
1779.048	1546.8428	1769.4634	1482.9305
1876.1781	1298.0173	1875.8821	1284.0024
2792.2124	1534.9639	2793.9236	1545.0131
835.7397	716.03265	838.365	736.9542
1524.7343	1567.4731	1501.5745	1579.1564
1883.1086	1817.9503	1852.1298	1814.7454
497.45032	1560.9637	495.52997	1590.035
698.259	1386.9609	696.62024	1418.0327
728.6879	998.9812	765.7548	1010.7708
1626.7493	1404.0674	1620.8292	1382.0459
1779.9736	1261.0071	1777.5007	1251.8646
1798.6663	1215.0499	1796.4303	1200.0851
1818.1826	1049.0419	1815.4192	1061.0961
1822.9667	1229.0687	1823.8259	1216.9877
2132.8916	1122.0078	2131.814	1107.0133
2185.6985	1136.0171	2189.0464	1195.0541
2839.1296	1519.9894	2837.822	1503.9331
946.0344	1355.1638	934.9708	1354.7083
1112.1433	413.0594	1102.6918	435.87228
1176.3347	857.9304	1175.5995	864.9581
3045.258	547.9511	3005.5662	516.99207
246.25508	1021.03827	249.42508	999.9137
846.72394	1464.0585	845.59503	1478.048
1294.6914	1587.0015	1294.6763	1573.9993
1700.658	1688.6908	1727.8892	1681.5757
1849.4305	1088.2874	1840.3639	1070.321
2038.0458	1457.0796	2037.0386	1444.9968
2354.6516	1427.487	2329.153	1395.0923
546.886	915.02985	543.9988	904.0003
618.08484	1448.9778	617.69696	1464.9927
1801.336	1103.9633	1799.6917	1088.9243
2775.578	1085.2034	2773.836	1073.0234
135.00993	1128.024	121.99093	1127.8916
513.2607	1271.8599	521.31287	1286.8318
745.00055	1464.9905	724.95184	1463.8356
955.8186	952.4479	981.9817	963.0453
1188.8887	1580.368	1167.7085	1573.9641
1655.98	1364.0018	1659.5316	1404.0415
1971.6765	1349.1401	1964.5259	1332.6388
2019.3068	1301.68	2008.6017	1291.4154
2222.1333	1658.9907	2223.5298	1678.963
285.89676	965.1561	326.38202	991.9343
1635.6149	1557.0199	1634.4751	1535.0272
1702.7219	1330.8533	1709.6127	1317.7955
2834.0142	1557.8711	2822.9846	1558.049
1680.1556	1022.9844	1681.3597	1034.9639
1716.8707	1368.9891	1717.791	1357.9825
1735.5872	1425.093	1737.181	1415.0287
1655.623	1422.311	1646.1735	1410.8569
1671.1049	1137.0206	1673.0753	1127.0148
1749.8875	1730.001	1749.8641	1751.0021
70.29934	410.43896	56.079113	402.8517
295.18094	734.59973	285.0011	729.9976
1113.1218	1457.0017	1112.9485	1468.9993
1638.9559	1010.8481	1636.7567	1025.9646
1711.1727	1118.3617	1701.0989	1115.6346
2.7015016	499.95883	7.6873894	463.8189
67.23358	708.9269	72.61739	726.1198
432.901	911.159	445.13803	918.7783
789.2928	964.0563	785.4434	984.0852
1851.6874	1557.0432	1849.46	1540.9364
20.147627	685.8683	7.8740687	672.11237
968.1401	1002.4572	956.3297	1006.07605
1674.4861	1416.9863	1674.9366	1399.9983
1723.4807	1026.0471	1721.7555	1007.02216
5.912085	676.97406	1.4359611	692.1288
556.9117	878.96484	553.2701	888.10754
691.0002	1593.9722	707.9994	1594.0881
3006.4646	533.1064	3009.2166	546.957
516.56104	865.18494	510.62	883.2044
45.741283	482.05783	43.170532	515.0133
146.97375	1078.6649	160.05019	1077.6407
449.96265	1623.4474	498.08078	1620.1951
505.04218	838.44025	518.11383	837.18756
137.08011	839.47205	121.97271	837.1799
353.69818	468.98218	352.45654	490.02695
488.02728	1637.4513	469.97238	1638.5432
1136.8285	998.8875	1136.144	1006.01385
1027.7495	467.01215	1028.5253	483.023
182.4595	633.88794	186.19307	649.1968
637.91626	416.24857	628.926	413.2195
662.0381	1449.4146	636.9491	1447.7833
59.462193	353.98242	58.545666	382.01785
286.1181	917.0654	293.271	904.1501
657.9927	1593.8242	625.0082	1595.1964
1822.7815	1315.9683	1819.1425	1341.0208
1941.0583	1350.7545	1931.1427	1348.3992
2171.7031	1595.4725	2184.4255	1612.431
1696.7866	1318.7787	1688.1254	1327.13
383.0023	1092.956	394.02444	1093.5333
1674.1359	1290.9889	1672.6686	1273.0271
1773.4457	1362.9055	1775.8075	1374.0409
1904.0707	1289.838	1885.1774	1281.5935
2919.903	1576.0115	2918.4685	1563.9443
2784.2727	1446.9277	2786.384	1454.8983
2167.798	1685.0421	2165.0776	1671.9838
12.152756	669.8438	23.78458	681.2203
450.6463	950.0293	451.14548	939.0066
1780.4332	1392.9977	1780.5079	1406.9973
2841.1177	1545.9966	2840.7668	1533.9777
882.936	1358.5801	902.14343	1360.7007
1778.1577	1410.9998	1778.1528	1425.0
1034.617	467.0245	1035.3817	478.9756
