104.04572	782.7201	258.83527	808.0084
382.93192	1070.8695	385.14215	1052.7731
2523.0225	367.04553	2600.844	328.68335
100.769745	786.4094	259.77377	812.3849
2622.5037	334.9433	3069.4688	124.99805
2694.1133	281.23056	2871.9631	193.92482
125.92071	805.4374	177.05316	814.7067
323.92935	1365.0154	288.9595	1362.5823
388.96	627.2402	428.9506	628.5307
428.01956	625.4268	388.03198	624.0625
348.0365	988.9098	349.6321	971.8719
103.02075	1320.693	139.05887	1323.1292
186.19312	788.39465	269.82498	798.45483
290.05066	1360.0985	323.0588	1361.9532
3071.6726	125.528	1775.5367	740.0228
218.00975	813.9118	256.8667	818.2062
382.06686	623.66943	342.9646	621.7042
337.1005	1088.9132	338.839	1070.8881
2926.4954	188.08525	2740.9146	272.81308
3069.5085	1306.7638	2892.9585	1325.6111
339.58868	1065.863	341.42444	1046.9441
112.00603	1260.924	144.04256	1263.4631
168.96571	1073.2975	134.84271	1069.3646
1529.9052	881.5131	1399.8274	886.4718
2746.048	529.1243	2800.072	508.18613
109.88144	798.6311	160.95738	808.22687
155.74448	1017.82043	158.44734	998.92096
195.83086	795.29254	264.8271	804.32135
317.42386	1090.8302	325.06393	1019.8992
2233.6567	503.2781	2367.3367	439.70792
93.04149	1011.66223	126.156	1015.7301
171.0037	1048.971	137.90291	1044.7639
391.44247	995.04156	393.0507	977.9109
2788.726	412.36588	2658.416	468.64774
126.05564	1018.5512	92.94469	1014.44617
158.0159	1232.8182	55.922558	1223.885
334.14627	1112.7839	336.34402	1093.9236
421.88513	602.2935	354.09424	575.7593
2445.869	759.61835	2482.6504	746.98267
2799.8967	505.73132	2745.8223	526.53815
53.066254	1317.1074	87.027596	1319.6282
116.76411	827.4163	232.87428	846.75476
160.28267	985.9107	162.51904	967.9401
298.41544	795.16925	88.88891	765.7923
358.98145	1048.1372	326.89185	1043.8002
1399.1064	1447.7179	1360.9082	1453.3806
2613.8557	989.1581	2552.5981	999.654
2801.3606	512.941	2686.0527	557.1379
2945.9143	1338.3031	3070.2478	1323.0162
99.05072	1346.268	133.02618	1348.622
138.9229	1326.0302	102.9746	1323.3394
389.00888	1016.895	390.8113	999.87415
2767.7234	645.1986	2815.8577	628.5876
3069.214	1315.7241	2953.882	1330.0515
152.93677	1039.9922	154.92238	1023.8673
385.85916	1046.9863	387.61612	1028.8658
599.4286	1044.9534	600.7394	1028.8971
2020.929	601.85065	2075.4404	575.9261
2145.6592	544.3965	2216.4614	510.97742
2888.1821	1145.9647	2831.922	1156.5872
134.96198	1351.5774	98.920715	1349.204
173.94876	1024.4457	141.91232	1020.7627
141.1419	1017.7988	173.051	1021.56836
314.91238	1277.884	317.14777	1256.9092
342.1534	1041.9169	344.02942	1022.8066
1514.9167	1050.0006	1515.69	1153.9949
1695.0844	1060.2394	1623.5149	1085.461
2458.867	684.6558	2476.0115	678.0297
2736.1797	749.5305	2708.6147	758.8623
240.28606	861.47577	290.55078	831.2529
381.83548	591.4783	420.70776	604.84955
2786.2021	419.47223	2665.49	471.1446
2771.8726	683.6235	2820.4016	667.1853
2757.7327	570.27325	2806.7263	552.2561
3001.2783	424.72705	2909.8909	459.71515
243.25027	863.5317	125.90944	843.5313
330.13098	1010.97986	364.08484	1015.33905
365.98093	1392.3191	337.9615	1390.6448
342.0203	624.63544	381.95227	626.85754
601.14404	1024.0142	602.9327	1005.89465
1007.9358	780.4857	664.87177	925.697
3071.0586	11.110547	2499.4148	297.82693
2729.1494	392.11218	2971.5159	282.92535
50.049274	1343.2192	83.044075	1345.3016
149.29141	1065.8951	151.81761	1048.8251
386.64243	594.8642	384.23575	618.9235
2700.2163	767.77344	2683.8206	772.35815
2769.645	475.15698	2794.8132	464.5567
2749.8503	522.61835	2799.9827	502.9555
2892.918	1333.3007	2940.0898	1327.7653
122.962234	1043.2792	88.90899	1038.6729
119.93121	1067.5881	85.813126	1063.5979
144.12396	986.10583	180.1252	991.097
243.00739	868.9519	126.00188	850.9878
286.06958	1384.8728	321.0597	1387.0332
360.2097	1280.0228	362.2981	1260.815
1133.4673	432.92715	1124.6259	618.9347
1395.1527	1432.9176	1361.7463	1438.4755
2758.8914	1238.3126	2739.8918	1241.3151
2795.7488	395.42374	2644.5813	461.333
2787.0261	1330.2268	2761.899	1333.1234
2891.9949	1347.9506	2933.0784	1343.7703
75.92272	1256.8715	78.3183	1236.7993
96.06543	1372.0575	130.04054	1374.416
90.83097	918.161	203.90923	934.62354
345.5638	1010.8253	347.63028	993.83344
2604.6147	325.33853	2659.584	300.0941
2799.0618	1223.3503	2769.7402	1228.53
2909.5017	456.7021	3000.859	421.6323
179.98303	990.86414	185.58405	948.9444
220.86996	847.7824	180.81311	841.12445
301.00467	1409.7899	303.0984	1389.905
1361.996	1575.9604	1402.0886	1571.8685
1720.3318	939.99084	1733.0216	1401.027
2864.184	965.7649	2807.8362	979.3195
2876.8176	474.52167	2899.8933	465.72
2976.054	316.99783	2857.5305	373.00644
114.15024	1345.7612	116.84877	1324.8514
96.029785	979.7824	133.15538	984.865
195.75757	938.7019	96.77192	924.60114
293.07358	1334.9504	326.0517	1337.2625
369.9444	1367.9188	339.93326	1366.1029
2442.7844	725.39166	2479.7515	712.29816
2817.119	732.39435	2789.8826	740.6109
141.78871	995.2364	129.24246	1090.1642
178.15782	1741.0161	178.87576	1733.9873
214.00232	1605.5593	180.9946	1605.696
306.45578	1359.8604	308.176	1340.8351
352.99905	1095.0074	320.88458	1090.9031
291.87683	1239.4155	398.84998	1248.7239
1363.0011	1696.0483	1401.0271	1695.1644
1396.0265	1659.6306	1365.9954	1660.8907
1527.8972	847.81116	1397.7147	853.92615
1880.2703	684.5257	1845.2693	702.52356
2372.643	437.2351	2438.3403	406.58603
2745.759	484.38547	2768.753	475.36987
2963.8105	1253.0339	3069.8533	1232.251
83.923965	1348.1428	48.945736	1345.8156
67.969734	1316.8636	70.622345	1296.8177
86.97825	1322.3162	51.93772	1319.9052
61.996635	1257.0449	94.04159	1259.4446
102.11527	956.07697	132.14644	959.8274
125.2139	1260.9115	127.58594	1239.8408
309.0288	1334.899	311.00424	1315.8965
459.2076	1676.5692	492.10553	1616.0574
1361.9954	1757.3173	1402.002	1757.459
1663.2472	776.49994	1702.9396	756.87775
2706.892	705.6818	2754.805	689.42535
2761.64	608.00555	2811.2847	590.02515
2822.8752	1158.3287	2766.9473	1168.7155
2901.934	1312.4409	2946.0276	1307.2343
3017.6113	419.05023	3044.595	408.01007
164.99345	1761.5692	190.98746	1761.1744
303.98505	818.7423	282.99765	819.9595
337.10147	1387.8286	366.05743	1390.337
398.99347	1077.0487	371.9432	1073.4238
596.6048	1074.966	598.07416	1057.9202
1403.571	930.3807	1370.0935	944.2261
2034.352	611.8393	1889.8372	680.65814
2736.691	757.0331	2711.688	765.02405
2907.179	465.44693	2878.3928	476.9803
2946.1763	1310.4836	2900.8657	1315.8702
2917.308	459.79977	2994.0874	430.2269
86.03925	1060.6672	119.05173	1064.5615
117.54577	1320.8175	120.04822	1300.8805
391.87634	1253.4312	298.87946	1245.395
311.92908	1602.2656	336.0523	1601.2793
335.10217	988.05615	347.0702	989.3516
472.24384	1608.4644	457.60464	1616.1515
462.9971	1619.5409	487.99103	1619.6748
1748.937	1553.3334	1718.9214	1556.1678
2757.1533	691.4625	2705.8267	708.4768
3004.378	151.73114	2962.6125	172.2099
104.12013	1287.3054	142.07118	1289.996
139.00949	1041.9285	170.1251	1046.0571
406.47018	767.79266	242.59293	864.9996
328.52805	1020.9466	320.8127	1089.092
349.25742	1386.9233	351.22977	1367.8173
327.0639	1041.466	359.08417	1045.2964
369.0497	1094.5332	396.06274	1097.4111
541.8342	983.18646	637.0707	996.49445
567.2207	1423.9335	568.76135	1405.8942
1128.2764	619.05756	1136.6228	434.0281
1359.0001	1665.0126	1626.0139	1662.4547
1396.9874	1597.844	1366.9403	1600.257
1400.8757	889.8265	1535.9346	885.8042
1525.0033	1601.0463	1626.0085	1600.7299
2123.9116	1370.2037	2037.862	1379.7577
2471.847	536.6285	2346.668	588.1942
2519.6047	546.0993	2555.6794	530.2695
2700.648	630.01556	2743.527	614.6781
2780.7573	1037.969	2801.7703	1033.024
2934.1445	1340.4697	2892.9526	1344.5188
2940.1177	1331.036	2890.0823	1336.7234
60.97416	1367.9962	63.822506	1348.8251
180.94975	969.3686	149.84618	965.1284
369.99026	1343.1342	342.9151	1341.171
378.23074	1116.9294	379.7936	1099.8894
573.16736	1353.93	574.7668	1334.8964
1123.8442	617.2204	730.20844	872.8607
1549.0265	1596.0717	1520.9637	1595.2709
1527.001	1724.3132	1628.0032	1723.9878
2573.0017	1748.3821	2522.9983	1748.5912
2571.071	524.1737	2598.9114	512.7835
2712.3982	768.2673	2738.3499	760.1132
2713.9207	1365.2546	2750.0437	1361.4114
2759.1326	443.33282	2742.0552	450.13858
2814.092	725.2845	2785.5232	734.52594
2854.6187	410.2541	2940.2144	366.50626
142.68001	1288.9591	148.83405	1240.8508
135.92648	1066.623	168.06895	1070.4155
166.09006	1094.8792	178.71696	999.8295
325.99274	1340.106	292.94254	1337.837
296.00195	1302.9735	330.0382	1305.4814
354.55603	1337.9639	356.10428	1318.9271
380.48306	1093.943	382.36078	1076.9294
2842.6338	669.9406	2668.0977	730.28265
2755.8987	1043.5603	2776.715	1038.7635
2817.261	631.7679	2766.9563	648.87115
131.9352	1374.9918	138.11052	1325.8882
173.00012	1672.0201	202.99269	1671.8323
351.86267	1362.8949	353.62064	1343.8726
349.0675	990.23505	364.12674	991.5638
396.84396	1120.9834	406.4248	1030.8326
1360.9369	1457.571	1400.1183	1451.8037
1397.8442	1537.6879	1368.8961	1541.1249
1361.8083	1546.347	1405.0387	1541.3339
2579.9932	1758.1404	2520.0073	1757.7848
2731.769	278.49573	2701.2239	292.4886
2845.9995	1022.9979	2871.6914	1017.5454
3070.4658	1199.3264	2977.7769	1217.8854
47.02902	1369.5071	80.03237	1371.4502
178.912	1114.808	61.884113	1102.0642
138.34315	1322.9144	141.22845	1300.7692
355.8297	1071.3934	324.92462	1067.617
394.1195	996.03467	408.15204	997.77167
1397.1378	1795.0065	1396.9033	1764.0083
1513.8698	891.9969	1514.32	1019.0024
1617.1025	1431.2662	1535.0057	1433.2399
1515.9988	1755.323	1638.9983	1755.0913
1921.589	653.1005	1952.3429	636.6407
2755.0894	1349.7577	2799.1836	1344.5573
2736.7563	446.44955	2785.0388	425.0876
107.60951	1396.9479	110.287254	1376.9048
90.124405	1036.0048	123.10906	1040.1274
95.38178	772.035	183.95273	789.2433
321.93826	1389.9672	287.9491	1387.7972
1363.9719	1635.1819	1432.9594	1632.8163
1844.9741	1544.7135	1808.9966	1547.9623
1862.0455	1407.2936	1807.6478	1415.7292
2663.989	296.9787	2682.3079	287.6013
2816.3074	224.626	2714.336	274.6844
2853.7512	1063.7576	2875.8655	1059.3289
3070.7515	194.99284	3070.3765	208.01085
55.06736	1283.9111	93.045746	1286.2605
98.9764	931.168	189.02599	943.815
367.99304	745.8384	338.00546	747.12695
401.95023	1053.4209	373.86987	1050.1006
374.26318	1016.9731	406.9714	1021.2202
545.82715	1039.1417	576.1909	1043.739
629.95593	1000.30945	546.9302	988.4904
1359.9952	1726.4926	1403.0011	1726.3561
1392.114	1425.0011	1396.297	991.9932
1520.9944	1570.2555	1624.9968	1570.7213
1580.0006	1750.0905	1532.9962	1750.3823
1621.961	1443.7242	1583.0317	1449.2247
1716.9982	1722.8204	1790.0109	1722.0887
1753.1307	918.3007	1727.2405	929.5534
2477.414	681.16016	2439.2747	694.76984
2697.5686	592.828	2738.5393	577.7485
2646.6575	464.50626	2796.9597	398.9078
2665.2185	468.5086	2786.3499	416.48633
2759.7625	1083.8888	2782.9836	1078.9241
3017.9968	1228.98	3069.3184	1221.0651
131.93286	1377.1647	95.937195	1375.0895
147.98785	1240.137	111.91673	1236.9392
404.39792	787.43005	245.80771	886.29565
363.0385	1282.3677	377.04745	1283.2211
396.94928	1100.3727	368.92413	1096.5573
374.1033	1047.2413	401.1465	1050.9242
1359.9651	1605.5413	1403.939	1602.198
1715.9484	1529.5492	1784.0859	1521.7513
1717.8951	1560.7739	1785.088	1555.0299
2004.8715	1533.5662	2150.0496	1520.5524
2298.076	605.17444	2253.3955	624.6106
2681.2112	751.6543	2667.684	756.0216
2795.5208	468.32755	2745.3909	487.99603
2785.8577	1078.3539	2806.937	1073.714
2930.0254	1407.273	2782.0935	1421.0072
2936.862	358.78915	2847.3777	404.84805
2908.9011	1464.9352	2935.8547	1462.4343
2957.1516	1323.2415	3068.0847	1309.6934
79.99077	1374.1589	44.9348	1372.1222
144.97827	1266.2622	111.956436	1263.5256
199.9029	1572.3508	218.09416	1569.6294
205.0172	1533.7565	276.03128	1534.7384
330.98734	1282.1826	300.92395	1280.0956
344.9669	1048.0967	343.26413	1065.1263
346.67688	1410.9628	348.76596	1392.8577
366.16473	1414.9132	376.1554	1318.8082
552.9837	1118.1445	538.9368	1116.5597
1519.9993	1631.581	1630.004	1631.3983
1715.9056	1625.4712	1787.0665	1621.0769
1855.2145	1390.1548	1810.8865	1398.3889
2562.8464	974.4103	2537.9714	980.8904
2706.821	500.59164	2727.3777	491.58047
2939.117	1390.1035	2766.1519	1408.4326
2893.9412	1341.4272	2933.0427	1337.4163
169.93205	839.3916	140.769	834.33124
234.93541	890.42126	119.88	872.7828
381.33664	817.5495	279.99872	879.63025
536.29016	1294.9135	538.7367	1274.846
1485.2832	1076.0015	1485.2454	1108.0015
1492.2114	1142.0049	1493.8594	1070.9271
1517.0056	1693.4113	1631.0038	1692.958
2544.8748	1005.4093	2592.083	995.3906
2790.5466	743.83716	2818.456	735.5326
3040.0288	1345.2129	3070.4197	1341.1082
76.457146	1086.7917	96.67782	936.95654
121.9761	1285.8804	124.30774	1265.9192
407.9802	1028.142	326.74734	1016.81134
351.79297	588.85913	378.22226	595.22766
384.45285	625.0582	374.26993	704.29175
380.9706	1801.9971	401.2198	1598.9222
550.8408	995.1682	625.09735	1005.28534
1380.3553	1730.0206	1381.1206	1753.9961
1457.4764	1282.0004	1457.536	1214.9987
1481.0518	1449.0	1481.0875	1381.999
1737.8962	1399.2961	1767.0009	1395.0054
2229.294	920.9627	2215.727	925.1061
2263.0	1748.0162	2224.0	1748.0167
2483.134	750.4045	2445.31	762.93567
2800.0776	981.31976	2745.874	994.4816
2744.9578	1611.01	2777.07	1609.6368
61.119316	1098.8989	186.83516	1112.5214
150.05275	962.5808	181.06503	966.4832
315.9794	1769.2144	276.9538	1770.2379
353.36816	1117.0398	363.45547	1023.8328
1446.1064	1279.0022	1445.9446	1213.9977
1515.5283	1194.997	1514.8075	1305.0052
1773.99	1649.769	1737.9711	1651.3334
1777.123	1419.7836	1727.0997	1427.6356
1817.8423	1387.0826	1848.9542	1381.7339
1806.9503	1620.1317	1898.0525	1614.9172
2392.7146	349.46497	1998.3254	544.61584
2416.7986	624.4741	2381.3965	638.0351
2469.1448	603.3626	2431.5444	618.3643
2480.2021	715.57306	2442.3274	728.92847
2556.9497	521.8851	2518.4368	538.7107
2550.995	1202.8622	2536.0142	1203.3956
2572.883	969.0729	2593.927	966.4209
2750.2937	654.85223	2704.249	670.7225
2760.9001	1357.1573	2800.931	1352.4167
2673.6125	735.90265	2840.053	677.1498
35.19363	1396.0251	48.4369	1294.0568
94.98603	1262.1932	61.941853	1259.8043
179.95296	998.33234	93.97705	986.1621
389.68347	558.9725	387.1638	587.92725
418.06918	1134.3958	299.90094	1120.8652
527.73016	1397.9796	529.1664	1378.9371
728.34283	868.7788	470.16504	828.9308
1492.1438	1452.0021	1493.1564	1379.9601
1524.0076	1541.2401	1627.022	1540.6156
1583.8024	1568.0082	1584.0358	1544.9801
1654.8896	1066.028	1654.3367	1044.0167
1715.9966	1689.8607	1782.0303	1688.2216
1802.9653	1519.6735	1890.9309	1510.3488
2113.9673	1349.8098	2015.4474	1366.7947
2226.8506	880.55347	2113.5027	918.50134
2204.094	650.2139	2164.4104	667.6589
2428.2312	294.17523	2388.1372	347.1039
2449.0398	794.12897	2465.9734	788.9134
2586.2905	485.6668	2524.7695	512.4713
2606.7068	583.96265	2538.543	608.50775
2814.8003	764.5309	2729.0725	787.5447
2840.8757	681.64514	2677.8875	738.67847
2824.9277	1574.93	2847.9575	1573.3733
3071.3704	1226.728	2963.5303	1248.694
126.41984	1601.6908	111.18465	1610.9493
381.00415	1260.9542	347.91357	1257.9529
531.9949	1349.9996	533.084	1331.8848
571.0094	1376.9021	572.889	1357.8901
1000.34204	1844.7664	1017.06995	1797.6697
1205.4764	779.08295	1206.718	756.98413
1456.702	1136.9985	1457.0321	1071.9951
1485.0931	1126.9976	1485.4403	1140.0415
1494.0406	940.6766	1472.8723	938.0155
1492.8258	1003.99414	1495.0276	938.8657
1492.6346	1287.0056	1493.2332	1219.9932
1772.1953	1403.1324	1731.2074	1410.2025
1964.7871	968.3711	1871.6464	999.90906
1967.0934	1005.3035	1957.7471	1008.17755
2002.9385	1497.4304	2147.0938	1481.8696
2431.5713	614.9241	2468.317	600.2852
2588.8074	586.5214	2605.862	579.6571
2685.6155	551.0638	2735.9336	530.4031
2716.6616	759.95917	2736.8076	753.40857
2807.2297	555.62933	2756.99	573.9723
3019.4731	302.7553	2984.4067	317.59827
3070.5613	101.99614	3070.3938	121.00347
48.873352	1217.4531	165.94278	1227.6566
189.06157	1108.4548	58.150154	1093.6704
301.995	1673.6337	332.01672	1673.2234
324.79276	952.46356	429.94986	967.35406
422.89832	970.7336	330.86475	957.9756
324.15463	1064.7806	355.03836	1068.6974
338.95648	965.2962	412.97455	976.1732
364.8476	1014.9842	369.21503	972.9185
1219.4567	789.0064	1219.6821	773.00964
1434.6022	1128.0006	1434.6469	1081.9996
2774.127	529.367	2752.3174	536.91675
2763.868	1124.3113	2787.9417	1119.6951
2791.9292	1339.259	2751.0166	1343.1727
2868.9998	1708.6035	2894.9998	1708.5946
2928.9463	1614.9786	2955.9246	1613.563
57.522675	1394.9402	60.176044	1373.7714
131.91605	962.6231	101.92163	958.5816
110.77059	1371.8276	113.5785	1351.8007
114.99495	1613.429	141.99461	1613.5243
318.4838	944.1702	297.94006	1123.2227
377.09985	1308.9094	381.8346	1261.8827
419.95953	1259.5402	444.0491	1261.3442
644.9117	989.7563	534.54846	976.8659
1363.0599	1443.3636	1395.177	1438.0751
1400.3525	1697.9989	1400.3099	1722.9988
1506.8562	1060.034	1422.8134	1048.3417
1670.1724	856.39435	1719.3866	834.88446
1715.9388	1593.2504	1786.9557	1587.4573
1783.9242	1550.0657	1757.933	1552.1729
1806.8774	1552.6135	1892.0956	1545.0807
2204.9624	1468.5833	2161.1384	1472.5352
2189.798	883.50446	2202.1858	878.4561
2252.7358	714.2187	2267.1196	709.35345
2657.6924	364.5168	2076.776	629.6998
2745.197	617.5469	2699.3806	634.05615
2863.9949	1662.6437	2886.976	1662.3181
2883.9	1466.7476	2905.9192	1464.9884
3022.1284	264.27734	3070.0347	242.07487
64.99138	1822.7577	0.965697	1825.036
64.48269	1342.9321	67.11128	1322.8834
72.48205	1281.9303	75.19542	1261.7573
128.37349	1399.7534	131.84872	1376.8254
258.1198	809.2751	291.8237	794.5952
303.78946	1383.9786	305.72876	1364.871
301.08514	1277.1335	316.039	1278.603
336.00882	1256.8734	304.8812	1254.7064
525.84357	1421.9331	526.94635	1402.8811
529.82227	1374.9011	531.5027	1354.8744
608.9218	1145.0736	615.88403	1057.9109
630.42755	1160.8767	643.7595	990.9027
1457.5112	999.99414	1458.2174	940.99066
1581.0437	1449.0858	1529.9692	1446.6437
1716.9384	1657.7434	1788.0615	1654.2554
2107.96	1633.8723	2055.9546	1635.7161
2421.749	335.54535	2456.2664	316.48212
2585.9749	837.6765	2553.019	840.2434
2740.1763	580.4737	2694.5396	597.45074
2801.108	519.3112	2778.1003	527.2891
2808.243	982.0128	2864.1462	968.6101
228.99533	1552.6035	193.9884	1553.0159
295.7893	1312.2184	292.87433	1336.1067
328.001	1680.904	304.9931	1680.6654
364.0841	994.35345	334.927	990.56116
339.04977	1363.2476	369.05078	1365.2323
386.66415	624.9606	390.06244	596.0073
648.98785	934.07086	542.8529	915.857
1506.8862	928.8967	1424.812	918.4813
1454.8936	1614.0028	1455.1229	1541.994
1481.6116	1268.0007	1481.5854	1219.0002
1492.619	1622.9868	1493.3328	1547.9651
1535.9204	987.0004	1538.1372	1422.0095
1587.7468	1425.0038	1581.1442	989.9978
1668.8177	1696.0188	1668.42	1670.9933
1695.9935	1755.8783	1789.002	1755.3385
1750.9226	1617.8162	1716.9371	1620.0385
1852.0087	1749.9175	1814.995	1749.6222
1873.9749	1644.5521	1832.9357	1646.852
2069.9143	1521.996	2020.9296	1526.1748
2606.96	1525.41	2670.9377	1521.0802
2746.0	1746.984	2691.9978	1747.1165
2727.9023	659.744	2748.5667	651.8636
2828.8242	1069.1421	2849.9612	1064.8109
2964.0088	1710.7362	2836.991	1712.2358
2857.9434	1618.0476	2879.9844	1616.7377
2911.0	1707.5599	2966.0	1707.5713
99.91312	1236.0027	62.930862	1232.7979
149.27393	943.03925	143.10106	986.15765
388.14563	1427.5988	265.113	1420.1366
568.2829	1141.0254	576.36115	1050.9427
842.0146	1690.1451	738.6509	1700.523
1234.588	793.0182	1235.5479	761.986
1627.0254	1497.9402	1362.9587	1500.2179
1631.0176	1506.7428	1361.9542	1509.4504
1444.5396	1442.0009	1444.4213	1374.9974
1456.0586	1445.0035	1456.286	1375.9977
1506.7969	1202.5635	1421.8022	1191.5219
1871.8691	1507.5542	1827.9574	1511.5294
1934.2793	586.4546	1778.9443	681.9093
2050.0037	1711.3407	2011.9863	1711.7599
2145.1033	1475.825	2108.9197	1480.359
1998.0005	1755.5261	2184.9995	1755.3619
2187.0928	1285.402	2140.4985	1296.1595
2207.883	922.6128	2190.6426	927.8161
2349.4272	591.0387	2472.2183	540.5309
2769.9182	1165.5752	2820.7659	1155.7842
2790.814	1119.0681	2812.9307	1114.6531
2884.1045	1208.5798	2853.8262	1214.0358
2859.8254	1105.022	2883.7764	1100.7473
61.24091	1229.3109	151.05757	1237.3574
320.33844	1091.0305	318.5232	1111.1375
332.09726	802.92224	317.93835	804.4152
339.97583	1095.1277	337.6267	1113.082
569.16736	1400.9226	570.9364	1381.9011
1367.3254	969.03937	1361.8237	1434.0216
1606.1783	805.3311	1569.9261	824.8629
1622.0099	1181.0	1622.067	1208.002
1620.9249	900.02966	1625.6693	1071.9816
1768.6783	1395.0095	1754.809	927.0057
1808.9788	1653.5568	1899.0594	1649.2406
1982.8165	1323.0543	1888.0833	1341.4294
1990.0449	1492.3987	1903.2437	1502.1652
2006.9418	1643.6124	2161.048	1637.1432
2406.5115	818.2555	2361.9768	836.398
2611.0288	1571.4617	2675.092	1567.4784
2683.9414	509.8653	2703.6907	501.28757
2729.246	494.60764	2683.8125	513.0062
2749.9988	1756.78	2689.0005	1757.1089
3002.003	1754.7894	2797.9968	1754.3136
2983.915	1313.3403	3011.839	1309.7485
2978.8723	1227.3956	3069.2727	1208.291
44.825096	651.26697	65.12841	654.0698
119.549675	1089.9384	132.83995	992.8412
216.0032	1768.3196	160.98868	1768.8712
152.97739	1407.9973	174.76888	1220.7404
319.03046	1810.7161	168.02481	1813.3972
322.059	1088.5118	353.08917	1092.2623
330.18054	756.08435	319.3872	779.18097
372.661	1733.0667	385.26157	1608.1272
475.2611	1624.8165	472.748	1634.9374
858.12933	1155.5381	884.07275	1149.3029
1400.059	1761.0138	1400.632	1800.0054
1490.6934	528.837	1486.1788	565.02234
1575.996	1566.159	1530.9996	1565.0151
1611.2185	920.48267	1579.8567	934.68353
1620.0592	700.14026	1660.1489	680.3009
1654.0146	1041.9996	1653.0114	994.0207
1817.0101	1403.0616	1856.1077	1396.6571
1896.0957	1609.5415	1855.9401	1612.0333
1807.9913	1585.8787	1897.0393	1579.5532
1954.8751	533.9167	1923.6327	580.755
2003.9379	1570.1649	2156.063	1558.8479
2046.9332	1635.854	2007.9491	1638.1263
2731.0437	1289.2012	2603.9866	1282.2456
2812.1802	593.5078	2761.5212	611.4703
2859.9678	926.87195	2811.5269	939.08905
2955.6206	362.10742	2989.3318	347.78098
2962.9736	1398.7559	3070.3396	1387.1399
1445.6174	1084.0134	1445.4904	1070.9855
1481.6445	1107.0065	1481.4962	1075.9928
1585.4202	1752.0027	1585.5834	1725.9974
1658.0935	1042.9423	1658.6752	1064.0089
1704.8857	664.12256	1681.2866	703.7659
2153.0544	1552.6813	2111.9172	1555.9645
2008.9517	1680.3411	2163.054	1675.8528
2270.9048	1461.3267	2244.018	1465.1279
2258.975	1557.6185	2272.9807	1556.7047
2282.811	640.48895	2313.108	629.2922
2309.7104	622.3143	2244.0203	650.048
2316.0837	1545.1881	2384.0981	1540.3896
2594.0825	969.63947	2570.9517	972.62555
2606.9763	1479.7253	2664.9756	1474.7173
2859.9417	848.79803	2699.7537	895.1488
2836.9658	1152.8197	2888.811	1143.0026
2878.0808	1062.3822	2826.2805	1073.3274
2832.1216	1159.6315	2888.1636	1148.8502
211.16301	861.049	244.22023	866.71515
336.00525	1608.5626	308.00198	1608.4601
342.22467	1071.1196	340.46356	1089.1431
344.0494	1306.3735	376.08676	1308.8999
577.25146	1044.0221	580.86957	1002.9005
899.9358	1551.2831	1049.9702	1547.738
1232.4586	702.0136	1146.5442	749.16956
1548.001	1718.622	1518.9985	1718.5435
1809.0028	1687.0918	1900.0396	1684.2777
1944.7886	1655.0677	1943.2759	1628.0405
2140.9797	1670.4247	2087.975	1672.2971
2533.2178	503.4843	2573.2244	485.4993
2801.1804	1355.476	2759.9412	1360.5199
2831.768	1110.7896	2856.027	1106.141
2943.8076	370.52643	2915.4302	382.05844
2922.9724	1569.0331	2949.979	1568.2645
2978.9976	1237.9832	3008.1077	1233.7374
51.03593	591.8574	45.263306	630.89105
46.892155	660.3182	66.921715	661.9569
65.908936	638.72327	37.97405	635.2061
182.32805	1604.1321	184.83871	1578.8845
312.46567	1301.9467	314.4638	1281.9464
323.98544	1574.2222	337.99088	1575.1393
378.448	974.94293	374.09048	1017.1127
577.572	1298.9551	579.6805	1278.8616
616.8374	1049.9868	620.2669	1007.8589
629.1644	1157.5505	519.9815	1145.1631
758.7712	1702.1115	891.9573	1694.2737
1361.4388	1760.013	1360.3209	1798.0094
1499.9956	939.20404	1507.6644	929.5265
1526.8474	1752.0146	1527.0541	1726.0005
1674.1029	1124.3722	1650.0089	1131.0321
1680.3022	1604.0145	1679.1537	1548.9968
1681.6211	1057.0021	1681.505	1036.0027
1759.8187	857.5527	1717.129	874.8504
1775.99	1716.3702	1738.9835	1716.9556
1890.911	1539.9553	1853.924	1543.1078
2073.8901	759.08167	2075.7344	738.97565
2473.6702	785.9598	2486.0142	782.0443
2533.074	978.31	2560.6938	971.7171
2553.9028	956.5684	2578.0293	951.1302
2838.9949	1662.9015	2858.0059	1663.0121
2943.9097	1357.2701	3029.0884	1346.7137
3021.0894	1201.583	3069.0354	1194.2306
372.89175	1025.2043	362.95273	1117.2109
407.6093	1020.9573	411.97946	980.99774
604.1371	1438.3423	494.96338	1432.7102
577.94653	1050.3876	543.7695	1045.6704
722.143	1703.4486	771.2527	1687.7926
1265.2081	1641.458	1279.6874	1603.2605
1639.8058	893.52386	1624.4971	899.7668
1667.1567	1064.9668	1664.1761	961.0236
1900.0197	1679.0653	1858.9783	1679.8219
1943.8213	1551.9711	1944.8424	1581.0055
1965.5829	1808.0503	1965.083	1793.9615
2037.9857	1487.8705	2003.8501	1491.6433
2147.445	675.0842	2106.5393	691.8777
2589.789	337.5767	2549.3616	357.7256
2691.0	1751.0126	2749.0132	1751.5358
2727.8457	785.326	2800.5256	762.4901
2814.1938	1117.983	2765.1292	1127.6556
2774.0576	1240.3644	2803.1208	1235.7628
2822.831	1028.2273	2843.9167	1023.6195
2846.8914	721.64526	2828.1199	727.3915
2886.9778	1512.6707	2941.9966	1508.9498
2933.9788	1660.9353	2961.9875	1660.3766
376.9923	1286.086	348.94852	1283.5751
573.9802	1023.1316	547.96735	1019.21686
1361.7283	1696.9938	1361.0687	1726.047
1485.9418	944.99994	1485.9188	971.0008
1555.4557	1660.0057	1555.558	1634.0022
1703.8557	1374.3162	1630.1818	1389.8616
1660.9757	1292.0275	1660.4125	1270.989
2198.4143	951.2526	2148.9392	967.8352
2229.0247	1417.5557	2203.0312	1418.7072
2313.073	1504.8016	2401.0725	1496.7977
2439.7646	691.328	2456.7786	685.36804
2528.9846	1378.75	2490.9443	1381.0989
2562.7815	596.4467	2580.744	589.35144
2602.032	503.07822	2565.4377	518.06854
2624.9998	1709.961	2692.0034	1709.4208
2833.0308	1396.396	2880.0583	1392.7523
2838.9802	1470.8004	2860.964	1468.6354
3041.7512	321.14728	2942.6365	355.81964
2992.9976	1653.9183	3071.0479	1651.644
3058.0264	332.67572	3036.0093	330.8848
321.17514	1412.0189	331.68985	1314.8582
1011.8285	1799.9376	999.8371	1832.9408
1481.2	1617.0018	1481.0428	1549.0022
1554.6573	1597.0267	1555.0292	1574.0005
1660.3082	1257.0142	1659.3077	1208.0142
1848.9878	1680.603	1812.9912	1681.715
1851.0974	1382.0343	1832.5165	893.0184
1870.9751	1575.6686	1829.9062	1578.7517
2132.92	1516.109	2079.899	1520.8761
2509.0557	990.2281	2535.9219	983.6796
2407.0671	530.4101	2583.6528	452.2161
2716.9885	1517.8446	2764.9497	1514.3159
2748.9685	535.91486	2784.8564	522.61285
2743.9243	997.69025	2800.2322	983.9516
2831.9595	1618.75	2852.9697	1618.0685
2882.0205	1620.4384	2857.0288	1621.6138
2926.0984	1420.8588	2902.0696	1423.6083
2902.9736	1615.8381	2926.007	1615.3145
2981.032	1211.1995	3013.166	1206.0316
125.61539	1615.8351	123.44615	1634.0531
131.61122	1642.2617	146.0304	1608.5848
318.83765	779.7002	299.53973	790.14996
302.84708	1125.3423	411.9126	1137.7672
317.88797	1114.2407	351.97125	1117.3184
390.35596	590.0282	392.50223	562.9605
1367.099	1518.867	1403.0865	1514.7579
1474.7864	943.99347	1474.473	1002.00256
1616.1086	1420.9982	1609.0885	990.98224
1837.8452	823.6414	1794.2074	842.48047
1875.9966	1714.8433	1833.9946	1715.7518
1811.9918	1721.3937	1902.9755	1720.1707
1957.351	1582.0249	1954.8923	1517.9657
1976.7715	1545.064	1975.3143	1517.0878
2145.9304	1430.4525	1996.9204	1449.3729
2152.114	1440.9404	1994.9978	1459.9814
2102.9673	1556.5858	2051.9702	1560.6248
2159.9858	1630.7507	2117.9504	1633.1207
2328.015	1712.3248	2399.017	1711.53
2462.2888	386.53976	2450.047	393.0883
2449.5588	390.16327	2461.4243	383.90784
2538.7488	605.30774	2554.8115	599.4808
2799.099	1347.8992	2759.0352	1352.318
2852.963	1573.0646	2873.9697	1572.2338
2977.9495	1551.2402	3070.1401	1545.1069
2984.984	1601.6268	3071.039	1597.9044
2970.8494	1449.4464	3070.2725	1439.8118
185.9925	1599.629	208.00826	1599.5085
190.24103	1103.9072	211.75407	927.8478
287.30835	1388.8938	284.19214	1409.1831
283.95108	1411.9236	319.95602	1413.8304
330.98547	1414.7295	366.0114	1415.4271
413.55048	767.5643	425.37595	755.36444
593.73944	1326.0669	597.99994	1279.0
618.91595	1007.48755	601.90424	1004.5556
1170.9225	758.87744	1198.6058	741.37646
1380.5514	1669.9829	1381.2356	1691.9927
1478.3389	385.97775	1477.2596	418.0424
1583.8792	1628.0139	1584.26	1604.0042
1629.6202	901.5186	1684.9656	878.91583
1663.6267	956.00684	1663.3789	906.00305
1675.6902	1372.0073	1673.1473	1264.02
1709.1108	1154.0413	1707.3633	1201.0507
1961.7324	601.3852	1985.0339	589.0641
2043.9022	1561.566	2003.9515	1564.2893
2074.952	1596.2787	2024.9076	1599.6133
2033.972	1384.7585	2126.012	1374.1033
2203.1294	849.4099	2188.9634	853.8844
2266.0608	1474.6858	2245.953	1476.4691
2503.0544	788.19604	2454.8755	801.5508
2537.3135	986.1617	2511.0654	993.2428
2583.03	1001.1497	2560.3423	1005.705
2798.777	1232.6656	2774.941	1236.6458
2907.9773	1661.6112	2931.9873	1661.2206
3008.8997	343.76904	3034.319	332.7348
159.69324	1769.201	171.2185	1672.1447
292.8503	1338.2216	290.3433	1359.1609
357.7124	1305.8737	359.67584	1285.87
566.96954	1097.2278	541.88293	1093.876
585.1319	1427.0115	593.24713	1333.8473
898.3077	1598.8309	887.0333	1645.0082
1438.0022	1070.9966	1437.8942	1134.0016
1555.7908	1721.0112	1556.1467	1696.0021
1615.4453	814.1771	1540.2386	842.6307
1657.1289	1017.9377	1657.7449	1038.9781
1663.1292	1372.0603	1662.3876	1349.052
1687.6578	1223.0181	1686.4949	1201.0267
1783.879	1476.057	1711.0516	1485.4023
1767.1315	814.3117	1792.2943	803.69763
2004.921	1606.7386	2159.006	1597.0961
2209.0	1716.0073	2222.9998	1715.944
2306.2717	696.6938	2256.4705	716.201
2396.671	832.6566	2348.307	863.0777
2709.9197	1423.1664	2749.038	1419.3948
2705.6545	710.99634	2752.0125	695.0362
2714.8894	1469.8734	2754.9934	1465.9331
2809.2031	1076.9539	2759.3347	1087.572
2814.8975	1472.7545	2835.0083	1471.1001
2807.8428	897.4239	2849.0486	886.1783
3071.0293	1867.5239	2914.006	1857.8988
199.95734	1761.09	213.97342	1760.433
341.1886	1315.0205	330.5451	1413.1676
349.18094	1280.6498	361.1009	1282.2472
543.81104	1426.0709	552.14606	1330.8378
691.42957	982.03656	621.09656	1808.2635
1362.9786	1802.9281	1402.004	1803.827
1381.3782	1607.9977	1381.2931	1631.0011
1397.3047	912.0099	1397.8237	895.99426
1473.7234	1075.0002	1473.7811	1139.002
1492.0404	1071.6952	1469.8989	1068.7634
1581.8347	891.5329	1639.0957	871.27045
1701.9865	1536.8857	1645.946	1543.5461
1667.9781	1640.0226	1667.4471	1616.0122
1704.1042	1526.9299	1677.1073	1529.9573
1812.9998	1755.474	1936.0002	1755.5472
1809.2303	1419.5522	1864.0618	1411.4163
1950.228	757.54083	1923.0065	769.0153
1936.103	579.18823	1969.0795	561.1452
1928.0913	742.2076	1984.2217	717.5036
1981.666	1653.0728	1980.1912	1626.0442
2082.9998	1748.9319	2031.9972	1749.0919
2270.007	1756.3055	2219.9875	1757.4617
2159.2288	637.5189	2377.6562	541.22003
2705.66	667.0494	2725.6108	659.91223
2723.9329	1565.1466	2771.0347	1561.4403
2821.3904	670.1918	2767.9067	687.7155
2872.2185	1020.99255	2821.2664	1032.2095
2950.0068	1572.2295	2897.9937	1573.792
2977.2507	281.60178	3015.8064	265.53564
2998.9753	1706.1581	3071.0159	1705.1945
-1.6656632	1384.6547	61.80203	894.7153
130.14162	1093.0255	166.02873	1095.5994
244.03004	1244.649	269.10312	1246.7957
273.28268	1182.2126	254.07124	1224.1157
295.08713	1695.9714	280.02887	1697.322
347.71866	1023.9714	345.7753	1043.0789
388.68207	1430.7804	406.58093	1241.8656
786.86804	1687.707	847.0577	1681.565
1368.6047	909.02484	1366.4303	961.9766
1399.1028	960.1553	1401.5275	942.9335
1449.3453	1265.9934	1449.6124	1280.0074
1469.5907	1444.9996	1469.6509	1380.9988
1525.9861	1452.4735	1625.0754	1449.8429
1680.866	1005.0523	1679.9436	985.0487
1682.692	1727.0062	1680.3542	1612.0132
1687.8654	1250.0211	1687.4548	1227.9916
1783.9636	1486.6746	1710.9822	1494.8412
1904.0012	1749.8495	1861.0042	1749.4937
1930.9978	1806.0726	1890.0338	1804.8579
2015.412	724.78723	2040.3397	712.7008
2145.9941	1748.6278	2092.9915	1749.4508
2429.1626	768.4568	2396.9678	779.9091
2718.076	1273.8608	2578.0042	1268.8859
2999.0	1543.0592	2978.0017	1543.0214
2970.9365	1500.1603	3070.2002	1492.643
134.23244	985.0259	139.25865	939.9174
305.0645	1251.2612	384.07333	1258.1603
300.99484	1613.7455	337.9999	1612.9951
305.57812	1166.0654	364.4375	1159.7542
518.0353	1350.4664	532.04016	1351.3928
585.00916	1053.0009	576.3651	1142.939
1349.1146	700.999	1349.545	752.00385
1361.5128	1639.0021	1361.4294	1660.0017
1458.8372	936.17755	1439.7866	933.5438
1506.9829	1367.1008	1421.7256	1352.6147
1470.2161	1140.0157	1469.6594	1077.0118
1481.8881	1285.0417	1481.3607	1270.9865
1648.9028	1485.5133	1629.8632	1489.3145
1655.1396	935.9582	1655.5117	955.0095
1627.8646	1088.6111	1692.6702	1066.0524
1697.5964	1667.0453	1696.789	1642.0068
1787.0509	1682.1033	1761.966	1683.2606
1927.3953	1264.8619	1928.8444	1290.0089
2097.8909	1481.077	2047.8801	1486.985
2136.9502	1593.0426	2083.9897	1595.8026
2422.315	700.82745	2388.2937	713.77167
2440.2776	369.51813	2478.127	349.23706
2811.907	975.61444	2864.0112	963.0466
2903.9978	471.99435	2882.1018	480.2692
2863.661	374.3851	2973.8955	321.78113
67.14726	658.6434	44.97433	656.2365
103.3438	1296.9146	90.13766	1398.2786
320.44077	1759.0383	316.44458	1805.0386
332.22363	1306.0245	337.6097	1256.9572
535.4105	975.04	518.64325	1147.16
520.9246	1149.6841	622.899	1160.917
1432.3284	1257.9849	1431.7648	1283.0172
1964.2968	1720.0355	1957.8403	1592.008
2163.944	891.8177	2175.4739	888.2837
2726.0828	793.0045	2687.8381	829.75
2803.3274	1036.4652	2755.0564	1047.2524
94.753716	1285.9705	100.741646	1235.9691
182.73755	997.96747	171.57465	1087.9473
287.22122	1760.0254	294.48535	1696.8259
534.6078	1317.8826	536.1221	1299.9259
1000.74164	1677.2183	1088.8768	1671.1976
1312.3574	651.76465	1345.8927	702.704
1390.8323	562.1866	1379.7935	605.17664
1406.5647	553.8454	1395.2405	585.7302
1443.1633	1609.9976	1443.2612	1576.9978
1473.5258	1218.0028	1473.9086	1284.0063
1526.9362	931.372	1551.0836	935.5122
1581.4797	930.97516	1580.8412	892.98584
1672.8224	1257.0039	1671.6338	1203.008
1678.5382	922.0001	1678.5337	902.0001
1679.8386	980.0255	1679.3986	960.01324
1681.2609	1030.0817	1680.3191	1010.032
1846.9565	1612.3136	1810.9741	1614.5922
2442.046	407.99683	2439.4775	370.9669
2530.9514	1367.8104	2491.9756	1369.4061
2788.306	897.12866	2733.283	912.04376
2765.8274	1172.0886	2824.012	1161.0625
2840.9978	1708.6062	2865.9993	1708.5684
2856.0032	1758.816	3071.0044	1759.4124
2962.0051	1664.2917	2905.0234	1665.3081
2936.0251	1466.3318	2882.1082	1470.4257
2953.9058	1317.2476	2970.8896	1315.1188
3064.9968	1589.9271	2986.9724	1593.3732
151.0591	1414.0309	17.069496	1405.8604
191.40808	1760.0469	200.61961	1679.8414
290.1519	1364.0209	287.24185	1385.1709
351.10446	994.0111	349.2787	1011.13635
415.3397	986.92975	401.06885	1121.0073
518.13965	1155.6973	628.1619	1167.4891
895.28564	1877.082	902.8681	1850.675
1401.0267	1636.9999	1401.0848	1660.9998
1578.9183	934.55206	1525.8956	926.7049
1662.6876	1345.0726	1661.4651	1322.9742
1693.1576	1187.5392	1638.4464	1203.5275
1695.9841	1599.0181	1695.1108	1549.9802
1730.1748	1431.1246	1778.1052	1423.6776
1790.0034	1749.5326	1762.9916	1749.7086
1983.3362	1686.0839	1981.9242	1658.0542
2107.9612	1454.5831	2155.9194	1450.1311
2205.1387	1480.3212	2172.0833	1483.7935
2294.7297	698.30975	2308.9062	692.7607
2528.8547	1101.9202	2492.96	1096.2542
2554.0818	1183.9303	2647.0945	1187.6097
2762.204	1363.6381	2800.1143	1358.9166
3033.9868	1382.8761	2963.9275	1390.3164
81.92811	1086.5251	118.919266	1091.5897
55.994392	1105.0525	188.86789	1119.2374
189.18755	952.026	183.08438	996.0117
381.7429	702.8052	385.98184	631.9391
410.48215	1591.9493	389.75275	1803.9758
514.83887	1377.984	512.84686	1398.084
1040.8535	1661.0428	1044.6707	1584.9835
1160.763	793.1682	1272.0511	815.748
1432.929	1438.0034	1433.1349	1382.9967
1445.6489	1118.0056	1445.5194	1086.9978
1447.876	1374.9989	1447.9569	1443.0012
1556.9791	1799.0002	1556.528	1756.9944
1580.4576	1605.9604	1579.9197	1626.9723
1625.4032	1665.0165	1625.983	1686.0005
1637.9989	1747.9504	1711.0012	1748.039
2009.9951	1717.6912	2167.0037	1715.2303
2044.9758	1366.8107	2114.9812	1357.8529
2109.0383	695.08984	2205.4363	654.0244
2233.0989	1024.3655	2131.9211	1051.7085
2237.1006	1197.4897	2214.0457	1202.2219
2463.9507	1323.8849	2543.9272	1320.3512
2505.6592	932.3744	2574.9666	917.841
2661.9834	1297.491	2597.0237	1295.2993
2620.0132	1663.5568	2685.0242	1662.0295
2756.726	689.1652	2737.6626	542.17346
2767.0408	444.1047	2788.5203	435.76453
2848.2295	880.85645	2797.1477	894.55133
2814.7217	934.9614	2836.0642	929.2398
2861.0022	1666.6357	2834.997	1666.4819
204.44774	1672.0525	206.45407	1654.936
519.08356	1319.052	552.09155	1321.9615
607.89374	1271.3674	522.9406	1264.7643
1382.5259	1548.9961	1382.4695	1570.0012
1436.4705	1373.9999	1436.4924	1442.0001
1485.1123	1109.9678	1485.519	1123.985
1499.4646	1837.0033	1500.4266	1701.9745
1688.7844	1285.0188	1688.459	1264.0239
1736.9283	1415.5889	1773.0513	1409.2944
1796.2041	797.5172	1893.4475	759.1337
1894.0397	1473.3444	1802.98	1483.8258
1911.2126	976.9912	1910.2253	953.0319
1942.028	1441.9298	1943.266	1460.0502
1970.0032	1726.0615	1992.9939	1724.8815
2077.9817	1672.4222	2027.9685	1674.0021
2111.015	1709.5751	2060.9707	1710.8645
2329.9998	1746.9751	2291.9932	1747.4801
2322.9487	1628.6787	2391.9614	1626.0022
2375.8691	599.66595	2461.4402	566.1227
2462.9475	938.5798	2435.994	941.9515
2670.1133	1324.6493	2711.9863	1328.1622
2743.0967	454.2314	2762.9707	445.92987
2918.9626	1211.5631	2901.0083	1213.097
336.31418	1615.9185	334.27777	1633.0331
725.4311	962.9519	658.3466	1756.9448
1214.988	830.0519	1007.46576	782.32294
1445.555	1134.0021	1445.4941	1120.9977
1449.4961	1214.0004	1449.4606	1264.0011
1485.3013	1271.9785	1485.5322	1285.9912
1546.0035	1535.663	1520.9852	1535.3993
1666.9198	1575.022	1666.4512	1552.0112
1966.141	1098.5105	1883.3761	1121.3623
1876.7069	1003.107	1963.2325	974.7087
2164.0017	1709.1068	2122.9958	1709.7162
2400.8804	627.72266	2415.3445	621.481
2455.8906	1103.277	2423.5723	1125.8203
2416.0022	805.0173	2445.8962	801.18933
2486.023	990.1047	2456.9907	989.35706
2480.1274	378.26593	2466.8262	384.6373
2517.0078	1752.5159	2581.0234	1753.5443
2731.9585	791.8698	2799.749	770.2145
2766.148	649.7085	2770.7869	683.8932
2748.029	913.1116	2784.187	903.7204
2771.6953	479.03613	2775.598	511.92905
2859.3313	781.90424	2813.8591	768.1577
2841.8774	1181.2365	2810.2124	1186.3219
3048.9358	1486.0927	2975.947	1491.2509
62.747604	894.95435	455.3034	945.65063
125.05971	780.6553	95.89546	775.6035
200.01468	1679.3716	175.00685	1679.6393
300.95898	1247.1179	297.6444	1302.1593
317.99405	1279.3671	331.98346	1279.2358
346.72794	1258.9756	342.5055	1306.1348
531.9815	1354.1888	517.02686	1352.7256
594.94006	1091.1274	596.4771	1079.7935
1100.1243	1823.4006	1080.1661	1879.4155
1486.0781	992.97394	1485.795	1002.9942
1585.8851	1439.3268	1618.9468	1433.6877
1628.5947	1196.01	1632.4751	1353.013
1656.3223	992.9835	1657.3964	1013.97974
1697.8318	1695.0221	1697.3778	1671.0117
1786.9354	1615.7932	1760.9563	1617.1837
1897.8826	1642.9038	1883.9355	1644.3984
1974.3894	616.0129	1974.5381	599.9957
2041.6139	1347.0212	2024.2153	1031.0432
2306.9001	657.1646	2310.2146	639.03925
2317.8042	835.01514	2307.6865	703.947
2165.9756	1342.8481	2511.045	1287.2784
2626.291	922.4803	2510.7488	945.7527
2615.004	1617.0897	2680.0078	1614.1758
2757.7231	767.60004	2722.6558	783.4507
2898.9973	1836.0527	2918.0498	1837.0403
3032.9412	379.92267	3021.4934	388.64737
3070.9102	1536.7467	3012.9216	1540.9086
111.00868	1237.1279	104.65872	1287.2103
294.9948	1760.8436	316.03806	1760.1437
419.2313	1137.9257	436.35663	960.84106
444.7542	1260.9717	446.7132	1243.9669
606.3825	1007.0305	604.94855	1024.9958
1344.8596	830.1637	1349.1647	754.9522
1362.4685	1579.0017	1362.5359	1600.0046
1577.8722	1178.9922	1580.0623	1423.9994
1647.1769	1757.9962	1648.0837	1800.0198
1652.589	990.0047	1652.3589	970.0074
1672.0594	1786.9974	1672.7179	1802.056
1690.8546	1366.0282	1690.3372	1344.9672
1959.1506	1253.0516	1957.6289	1228.0226
1985.0327	1504.2863	1912.0706	1512.6177
2044.8052	708.93005	2043.5123	694.04236
2422.0107	656.07996	2416.6702	590.0267
2884.2341	1104.1863	2832.2844	1114.4404
2817.968	1517.5195	2868.9417	1514.1248
2914.0913	1813.1968	2895.9846	1811.136
49.57961	1288.072	55.541023	1240.0671
167.00592	1821.9003	111.991356	1821.6038
206.97157	1692.4492	220.03998	1691.7748
363.2101	1117.6406	395.893	1122.6923
388.78705	1053.1074	386.18698	1072.162
1473.5907	1380.005	1473.0037	1449.0085
1660.059	1531.8049	1638.9525	1533.3511
1690.1377	1339.0295	1689.3832	1316.9869
1729.9915	1475.0004	1728.3691	1431.0602
1733.2682	1692.9868	1734.5038	1718.0737
1878.756	1688.0167	1880.7463	1717.0175
1915.8885	1451.404	1889.8639	1456.2727
1936.7916	1035.2032	1907.9347	1042.7502
1957.7063	1223.0785	1956.191	1198.1097
2085.9443	1336.0034	2062.073	951.9955
2080.8638	573.7146	2103.0603	563.1263
2433.7747	786.11633	2422.2844	665.06793
2442.061	1064.1935	2423.0186	1062.7535
2674.387	744.26715	2771.6035	709.87915
3069.1956	1378.3901	3049.8748	1381.1093
2925.054	1843.7809	3071.0332	1850.2517
207.1761	1696.9049	199.75525	1761.2026
227.95207	1566.8237	261.01468	1568.7477
457.06143	1648.9072	454.27203	1677.1257
552.81085	1321.9824	557.1094	1275.824
1034.1993	1533.0522	1043.8318	1311.9491
1435.1128	1540.0004	1434.9169	1611.0026
1438.9391	939.97455	1439.6884	997.0041
1526.5026	1690.0063	1526.8081	1666.0103
1605.4185	1635.9833	1606.2579	1657.0295
1646.1116	1153.0138	1643.5282	1173.9418
1679.0399	946.9988	1678.4148	926.98706
1888.9805	1462.8445	1802.9598	1473.6809
1960.92	1284.0721	1959.2478	1259.0503
1992.0825	1441.6825	1970.7893	1444.2578
1997.9861	1453.8842	2149.0784	1435.6493
2118.9443	922.8302	2227.113	887.34424
2424.9802	734.9461	2393.2046	746.5596
2703.4133	671.19574	2707.6814	705.79254
2768.881	950.54	2748.226	955.87506
274.09967	1547.2413	262.08405	1552.2035
285.97498	1230.9972	264.8365	1417.095
179.99715	1785.5061	283.99948	1786.0911
873.96924	1702.21	759.9862	1706.6454
1020.8622	821.6779	1193.8284	856.8444
1368.8894	894.60236	1233.0603	869.67163
1442.026	527.7998	1379.3134	563.5497
1471.1747	1002.02014	1470.567	947.00476
1525.4746	1566.0028	1525.5197	1542.001
1643.0867	1073.9973	1638.1145	915.9964
1651.837	957.0042	1650.6931	913.008
1663.4468	1233.0071	1663.7411	1256.0033
1668.7933	1668.0441	1667.8784	1643.0044
1793.956	864.7831	1813.0841	1390.0333
1954.5449	1153.0702	1953.2887	1127.0343
2108.2021	1343.9866	2072.9163	810.93933
2183.7153	1098.9867	2182.4014	1127.0656
2417.955	790.89185	2430.818	785.5609
2733.9924	1660.7323	2782.0105	1659.3743
2809.009	1804.1207	2719.0068	1804.8519
2793.0627	944.2727	2773.1953	948.8485
2831.147	730.46063	2851.327	724.025
2843.6028	927.4811	2857.9307	923.7351
2917.5312	1835.2294	2914.3865	1815.0958
3069.1914	1432.0992	3000.938	1438.3206
84.32957	910.1965	56.787643	1096.5598
294.56842	1693.0659	298.8518	1656.0988
333.61188	959.1898	330.9366	1010.10175
512.9519	1400.1069	510.4877	1422.0548
1434.9514	1275.0023	1435.09	1216.9978
1438.2742	1211.999	1438.5212	1279.0017
1481.7473	1138.9974	1481.8663	1126.9987
1492.5753	1643.9758	1493.2903	1661.0298
1533.9766	1436.4465	1581.0566	1438.9215
1641.0093	1197.0312	1695.0126	1181.0424
1655.8073	968.96265	1656.689	988.0144
1756.0024	1657.9999	1756.7521	1685.9799
1942.5118	1321.0255	1936.1375	1199.045
1943.0249	1623.0808	1941.9148	1595.9625
1938.9987	1755.6743	1993.9978	1755.4524
1997.8427	707.01904	2149.116	643.8818
2156.0564	939.1705	2140.7485	944.2405
2280.9636	1677.0735	2278.8328	1647.0118
2340.9998	1755.1503	2402.0007	1755.2036
2526.8557	515.67316	2584.5386	490.22064
2590.0183	450.704	2700.9763	403.2664
2633.009	1756.7853	2733.9111	1761.0841
2739.0488	458.13913	2748.6472	523.75903
2750.7236	537.1652	2755.2124	571.843
2778.1213	528.9842	2782.2888	560.9624
2788.108	737.3539	2816.2363	728.7747
516.74585	1353.9801	515.1772	1374.0139
1348.7444	754.4334	1124.6725	622.25037
1402.274	1517.9695	1401.4744	1537.0199
1626.5079	1727.0526	1627.3522	1751.0228
1925.107	1291.0593	1923.4445	1266.0369
1985.5271	1657.922	1986.9623	1686.002
2315.0034	1755.7793	2286.9946	1755.3525
2291.982	1751.0303	2334.0142	1751.4031
2319.933	1586.7505	2387.952	1583.1044
2271.483	1219.028	2425.518	1192.2302
2502.9739	1760.8563	2556.016	1762.4683
2724.8303	875.3853	2692.5635	886.61847
2735.3503	543.9784	2715.0835	551.2336
2793.7747	642.02844	2797.7966	673.8995
2755.998	1758.6301	2850.9993	1758.4927
2862.102	1472.3014	2839.009	1474.1139
3070.4338	72.9966	3070.6536	101.002716
79.787224	1398.1035	93.24267	1295.7689
142.96066	1298.5115	51.884144	1291.5063
89.9996	1400.6703	127.9999	1400.659
291.05252	831.14136	267.40555	811.5115
332.18698	1809.1182	354.9449	1580.4922
298.07053	1130.373	418.12604	1143.8798
369.63248	1767.076	372.41733	1743.9299
510.12683	1250.2098	491.7676	1436.2731
808.28345	1876.0287	775.30005	1913.1549
1418.6132	547.71185	1410.4309	587.08954
1526.5104	1626.994	1526.2147	1601.9856
1685.0654	884.15	1630.7928	907.81793
1644.1561	969.9304	1647.3529	1069.0209
1665.2739	1295.9922	1665.4086	1317.9913
1872.4822	794.7771	1950.8317	761.60254
1937.1108	815.0434	1936.0326	792.9496
1940.8854	878.0675	1939.5538	856.0876
1961.7335	642.0103	1960.223	602.9527
2023.6063	1029.0239	2013.3789	861.0378
2205.7163	958.9152	2152.341	972.38995
2227.6848	879.0832	2214.7773	675.07733
2224.0027	1751.7983	2265.0217	1752.3302
2315.954	1052.8983	2340.0146	1042.0326
2433.6597	662.0335	2446.5576	793.1419
2500.7825	909.6265	2490.7063	915.49603
2519.5752	1038.2996	2494.801	1053.321
2683.1592	479.39832	2700.7473	472.36768
2771.9336	985.7387	2797.787	979.16315
3071.021	1697.2682	2999.99	1697.923
66.15563	667.6068	47.936153	665.57153
221.00348	1696.4298	208.00432	1696.5348
436.57877	962.9598	318.41046	946.1425
529.88354	1378.2252	514.92365	1376.8032
470.39185	831.64465	541.7453	910.3241
1371.0074	942.04205	1372.638	902.98486
1517.002	1804.7631	1670.0164	1806.0325
1682.9391	958.01434	1683.2092	977.98364
1696.9264	1060.0048	1693.6128	1009.02515
1696.8765	1637.0338	1696.2124	1614.9635
1681.022	1807.1697	1787.027	1809.9812
1963.2472	1110.8912	1892.1674	1130.6033
2195.385	755.9763	2197.0488	782.997
2192.0151	938.04425	2209.0752	932.2205
2245.4014	655.5301	2232.2937	672.2305
2425.7324	588.12866	2431.9114	649.00903
2448.6155	579.03595	2451.2175	606.8862
2858.3901	792.9701	2817.2334	777.3837
115.00533	1768.6107	78.99435	1768.4725
222.83453	1611.225	228.02718	1568.8807
576.1053	1320.9192	577.8143	1301.9833
1481.8235	418.0055	1480.8278	385.97427
1923.6265	1261.0836	1922.1022	1236.0547
1960.252	1197.0406	1961.6079	1222.0212
2055.0273	1808.9393	2003.0363	1807.5975
2212.048	1735.6245	2171.9944	1736.8081
2248.804	655.5521	2266.8494	647.6555
2321.552	983.9269	2279.7415	1001.38074
2355.0823	864.19165	2377.2842	854.6619
2597.889	965.2747	2609.0857	963.56024
2841.6606	1302.9846	2884.9282	1317.1681
3071.0906	1643.0088	3029.994	1644.8638
13.982574	1418.339	149.983	1425.3308
204.01543	1656.2035	174.98175	1656.5754
518.95105	1329.996	517.21063	1351.0999
601.7707	1057.9847	600.57043	1075.9713
1240.995	760.9494	1239.1792	797.00903
1449.2382	1104.9814	1449.4338	1118.0085
1671.169	1615.0103	1671.8242	1667.9897
1698.3154	714.95886	1698.8792	732.9725
1993.9326	1468.5533	2039.111	1461.7354
2188.9849	1755.2902	2216.0046	1755.6049
2426.3337	415.72202	2389.3716	432.8042
2502.1445	784.1808	2478.8633	545.2081
2733.8398	1197.1455	2910.988	1163.9368
2876.0376	1575.6818	2825.0273	1578.4955
2892.319	417.02313	2893.267	403.94687
94.016785	988.1335	81.27714	1085.1677
283.90308	1569.9454	294.91748	1550.3903
303.91092	1680.8834	295.42807	1760.1528
307.0164	1557.1288	299.92496	1613.1172
538.12537	913.8915	409.63852	765.4473
532.87524	1378.0659	531.2924	1399.0973
535.19916	1355.0184	533.2337	1376.2072
1046.1293	1545.9202	1056.1594	1310.9641
1217.9723	1745.5925	1241.0696	1744.0247
1401.0	1690.0133	1388.9973	1689.9806
1470.5109	1283.0104	1470.0839	1221.9994
1554.5461	1537.0062	1554.2412	1514.9828
1626.0076	1534.6461	1610.9968	1534.5624
1716.4464	724.99677	1716.6696	756.0096
1730.1088	1562.9948	1731.3746	1588.9818
1757.0533	1725.9275	1758.8488	1752.0104
1777.4783	1625.0348	1779.2153	1651.0524
1937.9592	1019.8708	1952.1248	1015.39496
1988.1284	837.8778	2018.1091	1359.9938
2199.052	1205.2822	2185.9443	1207.6973
2494.7893	1055.2522	2519.7556	1059.4526
2558.9255	985.726	2580.9292	979.7401
2698.585	634.79333	2702.8994	667.8827
169.19267	1719.1183	165.03084	1761.1022
575.17444	1273.6151	598.1872	1276.5138
630.76324	1095.0499	627.0362	1152.0023
661.00854	1759.7048	636.9997	1759.0105
1401.5342	1575.9995	1401.5105	1596.9994
1517.914	569.0219	1508.6885	532.8245
1538.3335	586.9047	1524.979	540.1491
1618.6881	715.0176	1619.0977	699.0025
1656.9834	1084.9521	1695.544	1071.5669
1712.1227	761.0018	1712.6575	723.9806
1731.9462	1628.0021	1732.8982	1653.0039
1886.1438	784.309	1870.7529	791.4688
1926.4138	974.028	1920.97	860.0492
1908.9938	1746.3529	2006.004	1745.4257
1924.7771	1205.9216	1925.8389	1230.0071
1942.4575	1520.9275	1943.8044	1548.0098
2045.1183	1462.0393	2100.0894	1455.7858
2195.9673	1562.6559	2210.9277	1561.238
2278.136	1640.052	2276.3315	1610.0402
2367.6365	839.1229	2393.7156	828.3137
2433.9727	1081.9548	2404.489	1099.8074
2736.5251	531.1902	2726.9753	457.1321
2767.1836	447.83484	2770.9363	474.7298
2783.3325	566.085	2787.3904	597.95026
2836.0608	1474.706	2813.059	1476.6873
263.90338	1431.7521	387.96732	1438.5929
379.8012	1320.0808	371.33618	1404.0339
391.0704	1030.0087	388.713	1049.0881
728.9815	1746.5708	774.93945	1744.5934
1248.4901	1663.2688	1258.8131	1644.4459
1403.1976	1725.0021	1403.1351	1700.9996
1438.884	536.89215	1434.1464	585.9175
1472.823	1546.9999	1472.776	1618.0005
1646.3798	1134.2788	1629.3251	1157.5044
1663.2909	1207.9875	1663.4105	1229.9923
1669.6694	1724.0487	1668.7886	1699.9712
1754.0928	1593.9967	1755.0093	1619.9644
1852.116	1653.9928	1853.8542	1682.009
1876.8276	1619.008	1878.0818	1645.9962
1914.4081	951.022	1915.2972	974.98895
1918.8254	1162.044	1917.853	1136.0428
1940.9781	1581.0603	1940.1407	1552.9958
1914.4625	998.4959	1966.1586	982.513
1955.7261	1183.9156	1954.4602	1158.0264
2153.163	974.5188	2126.0046	1008.1973
2177.0435	1417.285	2148.9343	1421.57
2177.7007	1242.3391	2205.6921	1237.2928
2399.262	600.983	2400.951	626.9381
2721.861	458.67368	2707.8481	464.64334
2756.0017	1709.1813	2788.9988	1708.8762
2780.549	811.9322	2778.1306	828.0196
2873.288	830.507	2853.014	842.0244
3045.499	411.24356	3011.0303	425.0754
42.01544	1208.0022	14.005001	1410.4159
138.96867	1615.6108	132.936	1631.5985
178.98003	1611.3707	220.00046	1611.9686
306.7931	1390.9796	304.9072	1410.0895
491.0597	1616.8318	476.75024	1609.4866
890.0098	1650.7819	900.92975	1601.2048
997.61334	1582.9648	989.5024	1672.0458
1363.4907	1521.0098	1363.0703	1542.0015
1404.6718	1800.0137	1403.0022	1759.9583
1449.3143	1121.9995	1449.3049	1134.0018
1399.3583	595.4109	1460.9244	588.34204
1485.3743	1254.9985	1485.3442	1268.003
1516.9069	1556.9987	1516.0566	1618.0007
1584.5256	1689.9987	1584.4661	1666.9962
1604.8915	1575.0009	1605.0513	1595.9996
1606.3785	1697.006	1606.5889	1719.0039
1607.4667	1758.0023	1607.2657	1799.0013
1654.4131	911.01324	1654.8644	931.00305
1666.3665	1348.9883	1666.555	1371.0038
1826.1006	1622.0479	1827.5343	1649.0248
1955.3711	1793.0448	1956.5106	1809.0349
1964.5447	603.0774	1966.5596	640.9703
2015.8989	1437.0048	2013.7504	1391.9166
2060.4258	933.97144	2051.777	805.01495
2080.0645	1170.0624	2091.4766	1341.0349
2177.775	889.0947	2168.1067	764.0691
2282.8557	1715.0317	2281.9963	1684.0001
2386.467	713.8628	2395.557	811.04144
2463.5215	808.80206	2409.4712	820.5715
2498.6968	1044.5068	2514.044	1035.0717
2530.7688	1069.3987	2482.5972	1061.4381
101.25659	938.888	95.18616	979.1787
563.08435	1322.9276	591.06854	1325.1288
1687.2847	1179.212	1672.9037	1182.5898
1906.179	1727.9897	1892.3752	1485.9216
1922.0186	1231.0531	1920.7167	1207.0154
1946.2008	1687.092	1944.7665	1659.0631
2233.9607	1227.8036	2184.1602	1237.798
2694.0083	598.75824	2697.9954	631.8802
2761.0322	612.12787	2765.4978	645.93427
2983.6912	1836.0387	2974.5278	1762.9338
245.56688	1226.94	243.17775	1244.1633
320.97275	1256.9973	318.85413	1278.1854
602.06683	1281.9276	598.26605	1330.9431
625.49414	1009.0445	612.8039	1149.9823
1634.3319	1723.0172	1629.0897	1518.9977
1661.7158	1318.0205	1661.3794	1296.9779
2204.1519	1231.9882	2196.6475	1136.1058
2194.9246	1366.4349	2221.9756	1362.818
2275.7222	1603.1008	2273.3518	1573.0511
2700.8892	714.01416	2671.1611	481.10706
384.03406	1072.6688	399.08063	1074.2157
560.8036	1330.9827	552.4118	1426.1245
607.6815	1442.9738	622.7025	1260.893
812.00226	1715.2477	783.9954	1715.505
885.2524	1148.0421	888.47705	1052.0496
973.80927	1875.2805	967.17786	1823.4894
997.80615	1672.9794	1007.6172	1580.9592
1254.6731	791.00195	1254.6104	749.0021
1581.2544	599.93646	1569.6147	553.34674
1665.348	1321.9595	1666.0116	1343.9996
1734.8082	1758.0104	1737.257	1803.0947
1919.9589	853.0453	1917.5653	798.0189
1919.9364	1192.0615	1919.1602	1166.025
1926.7142	1321.0791	1925.1127	1295.0546
1961.5271	1226.9724	1962.8389	1252.0084
2141.2402	903.981	2125.9976	711.0792
2161.3765	864.9676	2163.6113	890.94745
2160.5637	650.6712	2169.2283	639.1721
2196.0105	1575.9993	2206.3684	1716.0468
2200.544	819.0335	2202.5159	845.8887
2472.768	642.4014	2381.862	677.6439
2607.02	1203.082	2592.9832	1202.7755
2789.0452	604.8903	2792.3174	636.07166
2856.0754	1218.4205	2885.041	1213.2281
2772.0073	1413.0675	2937.036	1395.3335
2955.996	1617.8817	2900.0247	1619.7438
3070.5227	142.99927	3070.4526	189.00069
694.3376	973.8077	724.6411	961.1413
1528.2722	937.14594	1531.8578	955.0285
1692.0581	1261.9966	1691.978	1284.0035
1720.1554	830.3739	1748.7814	818.47394
1821.4413	1491.0166	1822.1257	1513.9962
1926.2797	1234.9404	1927.4475	1260.0258
1938.8412	841.06555	1937.647	819.9634
1977.9597	1578.049	1976.6415	1550.064
2190.2285	685.9239	2191.8447	712.00964
2171.1636	912.5553	2226.489	896.2649
2253.2576	1520.0571	2250.9514	1490.0807
2310.2236	470.4763	2270.5215	489.11096
2406.1875	879.01526	2395.9814	880.8989
2452.1257	611.91815	2454.167	639.98785
2485.6077	307.2331	2407.5728	347.16516
2482.387	385.8267	2496.995	378.9894
2531.9824	1080.1342	2486.837	1074.2516
2663.967	1751.1055	2660.166	1713.881
2728.2324	1461.9811	2725.2239	1424.9818
2755.8728	574.7399	2760.6187	608.91406
2738.716	1203.419	2911.878	1172.3197
3042.948	1384.0073	3037.846	1347.8805
265.9529	1425.7999	384.95273	1432.8033
383.6692	1101.0792	381.64377	1118.1946
425.0158	1816.4368	380.9649	1818.0299
492.03793	1444.0562	605.05634	1448.599
458.63943	952.4559	668.9511	983.3331
773.20703	1912.9202	736.09937	1916.9213
806.9867	1836.9207	807.9984	1874.9735
1059.7198	1318.988	1049.9336	1547.9972
1211.9215	866.37335	1020.7551	826.16406
1223.597	760.9916	1222.9918	790.0415
1236.7397	1636.9932	1235.8927	1669.0236
1348.8755	697.01025	1349.0518	682.0006
1485.0565	1218.9985	1485.1025	1251.9984
1558.2297	580.5307	1542.8708	540.286
1555.1306	1516.3813	1634.1124	1512.0503
1643.1562	914.98157	1643.8904	961.0018
1689.5952	1757.9752	1691.4291	1802.0238
1781.9735	1758.001	1783.6294	1805.0482
1854.1136	1722.9918	1856.2151	1752.0568
1892.8649	1346.2446	1972.0154	1332.0859
1885.7073	1124.9335	1966.9026	1102.6449
2073.2473	1491.9852	2075.2214	1524.9268
2167.4275	757.0388	2163.2812	695.9131
2280.7173	1008.262	2335.695	987.2036
2750.9543	1654.0044	2747.226	1614.8832
2789.8235	829.93256	2796.0488	813.6366
2856.4	1288.0679	2808.169	1297.9404
2705.6855	897.9142	2858.6035	853.6306
2855.022	1621.938	2830.0354	1622.5203
2916.9878	1749.0646	2992.001	1749.9214
3070.1973	1555.9966	3070.7305	1587.0046
890.001	1884.1464	853.9959	1884.3845
1056.5635	1548.0398	1059.5142	1431.9623
1613.5365	738.0072	1614.6711	811.0206
1664.3242	1269.971	1664.5873	1290.9927
1648.0992	908.2474	1684.2938	893.73285
1717.8059	841.9838	1718.3278	867.9934
1728.2018	1503.9806	1729.9431	1522.1016
1823.105	1554.9934	1824.7493	1581.0159
1833.5205	855.9085	1837.1237	837.0236
1879.6819	1011.1526	1909.9248	999.79956
1908.1212	830.9646	1908.817	853.0058
1917.0835	1043.3171	1934.2123	1038.806
1935.8262	1192.007	1933.3912	1131.0243
1939.9302	1548.0564	1938.5066	1521.026
1957.1127	1125.9939	1958.5283	1152.0256
1987.0021	1691.0604	1988.6385	1718.0824
2026.9576	1673.9473	2025.4678	1646.9191
2044.8961	1534.008	2047.1632	1563.0653
2140.0305	1424.2546	2059.9832	1433.8593
2242.302	1308.692	2182.0789	1319.4412
2774.2856	950.0084	2774.6873	984.0037
53.26444	1293.9016	39.71728	1395.2296
61.42697	1233.0514	55.256645	1284.2719
89.391396	764.4077	51.64233	675.72656
118.75099	1643.963	113.98885	1675.9983
214.49132	1759.9425	221.62778	1696.8448
304.23175	1654.8704	300.97687	1674.1648
519.9444	1259.645	608.97217	1267.3228
699.3962	1855.882	727.7875	1815.1548
1195.4978	1694.8774	1213.6305	880.90265
1223.8933	879.6169	1365.9653	904.2004
1605.7848	900.0512	1606.508	888.9679
1634.303	1532.9951	1637.5438	1734.0073
1671.8353	1670.941	1672.6406	1696.0116
1766.8457	826.9431	1791.548	1628.0448
1812.0599	1477.4846	1889.9806	1467.8431
1894.1548	1374.131	1892.1173	1360.9818
1923.0636	1164.9736	1923.7338	1191.9818
1962.4458	1314.0858	1961.063	1289.0518
1905.8756	1505.79	1988.0355	1497.3455
2081.2212	1642.9818	2083.8496	1675.0123
2193.1897	1172.895	2184.171	1174.8062
2192.567	716.02155	2193.811	741.0591
2238.7942	1159.0803	2236.7913	1129.0139
2282.0535	1682.024	2268.9832	1681.3083
2520.0647	1154.8596	2522.7253	1175.0363
2529.923	1122.0746	2528.5356	1102.0321
2653.1838	1657.067	2650.0564	1618.9954
2765.3394	1128.7975	2770.7957	1164.8796
2795.121	795.80084	2779.865	798.1062
2870.0046	1358.0558	2845.0007	1358.1653
2911.8914	1152.3074	2877.4746	916.22235
314.84708	1316.0848	312.93198	1335.1936
418.4741	1805.1349	441.13043	1557.4694
1047.5911	1310.984	1043.6908	1410.9879
1242.9905	1672.0204	1243.6918	1637.9937
1267.6418	1622.1161	1270.2196	1607.8589
1443.3243	1574.9934	1443.4888	1557.995
1467.5349	1265.01	1467.6985	1289.0089
1552.2545	1634.9744	1551.9169	1657.9988
1552.2081	1697.9738	1551.8994	1719.0132
1656.3391	1735.0127	1652.8267	1552.0033
1670.1091	1551.9829	1670.8804	1602.0018
1688.28	1054.0039	1688.3387	1034.9979
1693.2314	1316.0087	1693.4667	1337.006
2154.6624	772.958	2156.2522	798.04736
2184.9465	1235.0614	2183.4888	1210.0298
2198.9248	664.8249	2115.329	700.7653
2219.667	1679.0258	2217.354	1649.0498
2279.0212	1644.809	2265.0078	1644.5582
2273.7776	706.4409	2286.719	701.2935
2422.6572	813.82355	2500.1816	795.7803
2454.5706	685.2684	2451.3577	656.1814
2455.7578	654.11664	2458.5593	683.9475
2505.6865	940.60736	2591.0874	921.3882
2729.6467	664.0461	2733.6917	695.0403
2792.9314	1123.7384	2797.7131	1159.0388
2836.0005	1716.4955	2964.0002	1716.5294
226.7249	1663.2802	218.8385	1768.1383
315.5948	1670.0277	316.1114	1658.9585
365.02634	1813.9084	368.77026	1774.0724
565.8696	1276.8943	561.5441	1323.1444
1043.0758	1414.0032	1037.8812	1535.995
1373.7802	577.60474	1366.1802	601.05835
1397.126	594.704	1412.6489	548.8652
1462.5077	540.0289	1459.8378	586.93384
1484.4591	1382.999	1484.3418	1450.0023
1500.008	1512.6985	1550.9982	1514.0663
1690.8663	1226.9824	1691.3129	1248.9937
1849.7146	1586.0157	1851.256	1613.9858
1874.2206	1549.9893	1875.5398	1576.9736
1984.0256	1625.9601	1985.078	1652.997
2013.3942	1499.962	2016.1895	1528.9817
2031.2944	1748.9806	2029.4395	1720.8392
2073.9897	573.0329	2006.6133	552.25397
2197.8948	787.9349	2199.7869	813.94275
2203.121	850.9917	2204.9092	877.0062
2220.0042	1683.4476	2205.9976	1683.3431
2389.4832	819.04596	2370.7075	607.9371
2411.5674	702.0043	2420.9653	697.92035
2439.7556	1016.787	2428.1333	1030.1162
2445.419	887.3172	2437.5757	897.6789
2774.545	709.7148	2839.54	686.7011
2843.2312	1022.25073	2838.3884	988.0867
2863.893	1225.447	2891.0376	1220.1946
3070.2444	214.99968	3070.2705	235.00095
36.969707	638.0122	18.58546	592.3615
523.41974	1265.0671	520.91364	1318.0905
1084.0704	1880.7534	1104.4031	1824.8744
1540.5009	842.1668	1532.1566	852.8993
1650.533	1381.0104	1646.8136	1213.0042
1667.6073	1602.0436	1666.8555	1578.0359
1672.4197	1699.9526	1673.2533	1724.9583
1689.8002	1312.0082	1688.941	1290.9615
1715.9459	721.9082	1731.4556	712.77356
1787.034	1819.8041	1522.0215	1812.2476
1885.4939	1336.9811	1882.2755	1252.9512
1921.541	1135.0222	1922.796	1161.0099
1948.3699	849.0704	1927.14	856.4054
1945.7562	964.9546	1944.3248	941.1005
1948.3552	1658.9226	1949.9579	1687.0024
1979.1036	1516.9961	1980.1108	1544.0331
2021.522	1646.0293	2023.4211	1676.9741
2200.118	1731.0631	2183.105	1493.064
2206.1147	746.27747	2174.2026	759.4895
2223.7188	1161.9377	2221.304	1134.0603
2707.0618	469.15875	2722.9822	462.95398
2908.9438	1168.6984	2852.8442	1179.1653
212.0795	1655.01	207.4192	1692.178
882.0001	1929.0208	850.99603	1929.1675
1619.6832	805.0046	1619.0731	762.99896
1652.3011	1269.9668	1654.9852	1375.0259
1752.277	1528.0353	1753.5457	1554.0222
1774.2745	1498.9846	1775.4003	1519.0337
1884.0895	1713.9954	1882.8047	1688.9076
1912.7635	923.0114	1913.8717	946.00616
1929.1804	1294.8776	1930.6448	1320.9637
1946.6589	911.01685	1947.8446	935.0077
1963.2577	1257.9851	1964.7072	1283.017
2007.6051	746.0334	2004.3768	707.8835
2028.603	1178.9683	2036.9617	1337.9495
2058.9429	1709.9349	2057.0737	1682.8568
2077.1865	1567.9861	2079.4185	1598.0432
2151.553	731.09625	2153.3418	757.97723
2259.6274	1604.112	2257.0942	1573.074
2252.5078	729.95825	2274.8682	1002.01086
2272.0168	1555.0686	2269.9175	1525.0057
2535.6038	811.45074	2550.6897	800.56995
2602.9702	909.85455	2568.9675	916.84235
2715.6416	552.0366	2718.908	584.0094
2842.4116	668.2149	2805.016	391.8625
2836.5923	968.1265	2834.957	937.00226
2849.383	1026.6729	2854.4805	1063.7968
52.52667	886.9392	-1.3932736	1306.6926
1221.3251	1891.601	1233.1958	1871.5245
1671.2589	960.0193	1673.8905	1061.0028
1809.2346	1465.0211	1807.9908	1419.9727
1893.2863	803.68695	1944.5509	782.3219
1941.1904	817.92487	1942.6444	840.95935
1945.5575	1595.9254	1946.8546	1623.007
1958.3721	1155.981	1959.708	1182.015
2036.5564	1436.0228	2034.0332	1386.8956
2086.05	1719.9034	2089.01	1752.0911
2168.6912	1283.0238	2158.047	1144.9963
2163.9836	1476.8398	2203.0867	1472.849
2256.2188	1557.0591	2253.8694	1526.0099
2409.748	1104.2136	2440.254	1085.4119
2459.052	689.0874	2461.7197	718.0258
2462.251	723.87195	2465.1294	751.98676
1446.7933	1542.9983	1446.3782	1595.011
1707.063	1478.5961	1691.9152	1480.1968
1715.1129	1664.9979	1715.4036	1680.9927
1724.4957	1429.0151	1724.9382	1473.0106
1780.0784	1691.0208	1780.7097	1719.0066
1824.9792	1715.5586	1813.0057	1716.1212
1896.4769	986.97675	1887.8014	809.0097
1977.8436	598.94434	1978.772	613.015
1979.9894	1620.06	1978.3856	1593.0961
2001.1136	1501.9939	2002.8203	1534.0095
2101.3354	1455.9718	2103.6008	1482.9496
2139.0193	1290.9987	2127.4075	1128.8992
2139.5854	1564.0272	2141.6172	1594.9595
2176.0737	1322.3793	2167.99	1323.9487
2178.1384	1097.0122	2180.3562	1071.8551
2185.3662	1757.9712	2188.5913	1799.0321
2177.0647	761.9947	2187.0876	884.0749
2269.5388	1519.1047	2267.166	1485.9882
2445.4727	370.88013	2448.4167	407.0475
2511.4333	1121.075	2508.8953	1101.8816
2683.5398	513.7954	2687.9355	546.8757
2753.7205	989.8129	2769.7725	986.0336
2799.5059	979.0648	2788.7625	897.16235
123.93223	1300.9906	121.14603	1321.1583
160.39864	1552.8007	128.47598	1809.1837
294.68253	1650.2676	278.54507	1691.4296
309.90884	1587.9877	311.92834	1572.9904
457.09857	1617.7744	462.7006	1645.0615
588.08496	1045.4318	616.2039	1049.6362
875.0128	1509.7518	843.94073	1508.1497
1062.0709	1425.9624	1064.3861	1307.0076
1425.8568	1708.0205	1422.8225	1834.948
1431.1709	1610.0029	1431.0684	1546.9983
1449.3485	1088.9948	1449.2426	1102.0101
1543.6572	545.5825	1555.5066	592.6205
1651.4413	1209.0087	1652.2355	1260.012
1825.0624	1487.5812	1870.0803	1482.7478
1871.0687	1483.0541	1872.5165	1507.97
2005.6725	1730.1194	1996.7904	1557.0107
2040.1251	1463.0974	2043.0211	1489.109
2056.977	1758.9272	2060.93	1812.0052
2134.59	1486.0353	2137.348	1518.0562
2166.2036	1103.0265	2165.5884	1131.0349
2209.8303	1560.0522	2208.4897	1530.0228
2213.7952	1607.0905	2211.5337	1576.96
2246.035	1469.336	2269.9849	1466.8539
2261.042	1572.8488	2263.3484	1603.9742
2267.5933	1714.1093	2265.1821	1683.0635
2378.571	606.974	2379.893	636.0049
2404.692	674.0258	2407.1182	702.9901
2763.208	1174.2369	2741.2444	1008.09985
2776.6865	1002.0447	2781.7761	1037.7468
2792.812	1160.463	2787.81	1126.0276
110.719734	1610.6849	115.94238	1639.1937
199.98532	1636.0658	179.344	1631.4587
1422.986	1502.7904	1469.9912	1502.244
1484.4635	1549.9998	1484.4763	1620.0002
1523.3358	1666.9696	1523.0062	1684.9818
1679.9713	1262.9431	1683.0634	1369.9982
1901.2313	1055.1783	1881.9435	1080.185
2030.121	1388.0331	2031.8872	1435.0043
2052.9692	1682.0021	2055.1057	1713.9929
2153.621	998.1515	2147.815	1021.95483
2222.0752	1368.9722	2186.9758	1371.6877
2202.9792	1608.0254	2213.9956	1607.7911
2231.026	1199.9152	2233.1057	1225.074
2324.8455	1202.0121	2314.2827	1067.1345
2401.2388	631.9805	2403.4404	658.96405
2453.353	1081.5461	2408.1443	1110.7703
2644.0378	1825.0035	2785.0256	1819.6763
2760.377	1088.0793	2764.9556	1124.0056
2818.6135	1312.6086	2843.8855	1305.5875
2840.623	933.9578	2841.5068	967.9868
2864.7908	1824.151	2857.0122	1761.8735
2860.5544	1110.0693	2866.1453	1145.9774
3070.464	1121.9996	3070.519	1183.0005
114.292114	830.27734	91.73891	772.7105
336.89883	1313.5311	293.8884	1310.6893
529.2631	929.66187	412.39523	799.5432
536.8417	1331.991	535.745	1351.1571
590.8994	1004.9881	586.02734	1046.1217
1443.0167	1556.0009	1443.6914	1541.9373
1468.9413	1621.0005	1468.304	1550.9882
1699.1691	1574.9816	1699.5491	1599.0071
1700.775	1670.9645	1701.2565	1694.9949
1708.9836	1501.85	1775.0713	1494.6547
1775.7412	1559.0519	1776.812	1585.0078
1907.108	804.9951	1908.0559	825.9975
1909.8771	867.0586	1911.0734	889.99615
1921.2568	858.59534	1895.3359	869.7787
1943.2684	854.9831	1944.7129	877.89197
1963.5045	978.53864	1909.4182	996.2752
2025.3439	1720.9718	2027.8982	1752.0905
2049.2366	692.9204	2050.3984	710.97437
2106.0835	1527.9949	2107.9653	1558.9413
2110.276	1602.9775	2112.9739	1636.0836
2176.6147	1128.0383	2178.3047	1100.8944
2180.4612	1172.1195	2178.3523	1144.9727
2224.1357	1048.5221	2200.1934	1054.7443
2264.9348	1677.0896	2262.407	1647.0499
2450.2805	640.14655	2448.0593	614.08014
2564.9812	1762.4554	2595.0144	1761.4144
2734.9165	530.7908	2687.8345	549.5854
2762.8108	1753.021	2758.4756	1713.8368
2809.0771	771.6972	2849.97	782.1178
3070.454	1346.9976	3070.625	1378.9967
334.04517	1632.6566	294.14932	1648.9122
384.74344	1271.865	380.42484	1312.0457
1413.0082	1514.1675	1490.0044	1513.6317
1520.6971	541.10925	1532.4985	573.8201
1625.3303	1602.0057	1625.5287	1625.004
1688.1373	1611.992	1688.5759	1727.9978
1718.5914	874.7853	1709.681	892.84265
1847.0466	1518.0636	1848.9119	1546.0059
1935.6136	1757.0227	1938.6696	1809.0194
1947.8839	1719.0684	1946.2836	1692.9214
1966.4762	969.0241	1956.5931	754.0647
2007.9597	1394.0011	2009.0984	1437.0238
1960.0226	1815.6053	2134.0093	1818.4244
2149.952	704.00256	2151.3372	729.982
2164.9495	1146.9312	2174.2427	1275.0549
2182.2644	1142.8939	2184.6194	1170.948
2190.2063	742.1398	2188.3352	718.12976
2222.0737	1715.0562	2220.2527	1684.9847
2263.851	1610.936	2266.0364	1639.9973
2325.973	1669.8168	2395.0054	1668.2368
2698.2183	859.6682	2708.0166	836.58264
2709.0798	503.9904	2712.9312	536.0083
2843.4924	986.07513	2848.7908	1021.883
2888.028	1666.0166	2864.0188	1666.6798
2987.256	419.29297	2975.0022	430.00256
1630.7465	1093.221	1652.0891	1086.2738
1634.9067	1399.5177	1704.2151	1386.1118
1723.281	739.0052	1723.5769	722.9922
1946.907	1626.9417	1948.6499	1654.0226
1944.8464	1198.8978	1951.3806	1317.0343
1975.1733	635.01855	1975.3788	622.0218
2044.8525	715.657	2011.5564	729.9679
2049.2527	1607.9806	2051.5645	1638.0334
2114.874	1680.9276	2117.5247	1712.9565
2139.9146	1053.687	2234.0007	1028.0023
2185.18	1078.0183	2183.5586	1093.9551
2184.7703	1175.8595	2187.0034	1203.9998
2192.8625	1018.9495	2197.6653	1005.877
2226.0942	1087.9723	2225.2356	1116.0378
2228.8455	1226.0092	2227.3105	1200.1001
2516.7708	1173.1278	2514.8655	1154.806
2747.0615	957.8783	2749.0137	990.9401
312.13342	1341.0134	310.20917	1360.1218
1446.5564	1596.9993	1446.5762	1612.0018
1550.7133	1514.9904	1550.556	1535.9967
1700.0293	1641.966	1700.8558	1666.9717
1756.2203	888.03687	1759.2313	870.0387
1872.9336	992.83466	1861.1025	782.93787
1966.817	1591.9275	1971.8438	1717.9663
2050.1985	1558.988	2048.6853	1533.8983
2241.8174	1193.0962	2239.455	1164.0443
2398.5962	1666.9429	2402.529	1707.9492
2419.5142	1228.9193	2420.6882	1250.9634
2823.5623	1578.9224	2829.1138	1619.1224
279.61227	1697.9586	276.40115	1728.0428
365.75043	1261.0479	364.46863	1281.1573
598.00397	1333.0004	589.257	1428.1156
1629.4465	1166.9181	1632.4175	1183.1069
1695.2693	1248.0103	1694.4147	1187.0082
1818.8821	698.4304	1783.7772	688.81335
1882.1237	1758.9642	1883.6232	1806.0438
1955.9658	1370.7683	1969.9559	1368.7018
2017.9974	1572.0002	2020.5332	1602.9563
2098.9673	754.0025	2093.421	681.044
2170.4297	1716.8817	2148.8372	1455.9307
2212.2761	1202.8628	2215.1929	1229.9792
2231.98	1082.0646	2229.1946	1038.051
2268.956	1682.8367	2271.561	1714.0366
2460.9722	752.2088	2458.1895	725.18646
2504.312	1016.49567	2489.6602	1036.4839
2705.469	471.95294	2708.181	498.98184
2773.872	924.9939	2774.0122	944.99994
2788.223	636.29767	2783.6326	608.89404
2803.3623	1263.6539	2826.8948	1250.6146
1503.1249	1539.3706	1422.7179	1523.4225
1713.8033	1508.0106	1714.8293	1526.9551
1715.7584	1696.9957	1715.9086	1723.995
2075.415	1094.9735	2079.9448	1166.0673
2156.6716	803.02985	2159.033	828.997
2153.9773	1426.8511	2179.0027	1423.0172
2196.4968	1126.037	2191.4983	1058.0369
2225.52	1132.8712	2227.9043	1161.008
2465.1233	365.98914	2466.4434	380.9609
2408.997	1781.6672	2495.0042	1782.0524
2493.9282	1071.8041	2530.9019	1075.1014
2763.851	803.61316	2745.491	810.67694
2860.9146	1147.171	2855.4114	1112.2504
2914.3086	695.95654	2951.892	962.8744
127.13566	1633.1327	129.13599	1616.0159
354.99994	1804.7108	336.99976	1804.7145
359.77634	1318.9838	358.3077	1339.168
592.99963	1333.005	561.9518	1330.6309
615.0017	1056.9865	585.8291	1053.3837
678.8823	1795.9268	662.47723	1822.2969
1051.4467	1897.171	1077.4744	1887.2435
1496.0984	1565.9972	1496.2166	1612.9995
1551.1709	1574.9823	1550.9768	1594.9998
1715.025	1534.0001	1714.8905	1561.9995
1819.9733	1810.873	1953.0016	1814.9474
1984.7391	1326.0543	1977.5868	1159.9747
1982.2112	1592.0433	1983.7445	1619.9591
2072.2402	1036.9872	2075.0154	1089.0525
2078.6445	1518.8757	2076.6804	1492.873
2209.4932	1062.9781	2208.413	1088.0178
2217.159	1643.0731	2214.5493	1613.0392
2272.998	1677.8357	2281.0093	1677.7346
2360.1138	829.0771	2345.3	658.7999
2514.725	1102.7863	2517.1199	1122.1091
2535.9336	1175.1096	2533.868	1155.0135
2806.249	887.87427	2843.1077	877.3777
2870.9368	1017.25433	2866.4763	981.0646
2882.6008	1100.1869	2877.7712	1064.0305
120.196434	1326.0214	118.014	1346.1101
376.96002	1317.4174	339.9168	1313.8683
1615.1648	616.3799	1576.2438	543.2731
1678.5311	1201.9877	1679.7633	1254.9823
1684.043	1008.0681	1684.7706	1028.9731
1857.2838	1675.9001	1855.6478	1654.8718
1931.5125	1732.0673	1922.064	1522.9971
1939.8368	790.0067	1940.7802	813.00903
1950.1534	1691.9384	1951.6476	1719.912
1966.9818	1182.0497	1963.5667	1112.0211
1968.9869	1222.0004	1968.1595	1194.9951
1986.8627	557.7249	1937.2518	582.5019
2087.051	1671.922	2084.9683	1643.854
2144.1567	1640.9915	2145.8381	1672.0088
2148.9663	1332.0037	2147.3115	1316.9657
2158.8052	834.80975	2161.4546	859.9521
2341.2607	656.0698	2333.3098	571.8763
2402.0078	940.0938	2387.0295	941.352
2407.85	708.01324	2410.4153	736.9632
2465.9714	757.9126	2468.5833	786.9475
2624.7673	1216.1488	2650.9097	1221.4454
2652.9602	989.823	2636.1335	993.5959
2679.7812	481.0234	2682.8706	509.9069
2766.9856	912.9371	2746.8945	917.54004
2833.95	894.79675	2811.8125	900.2375
2839.2732	908.99585	2839.547	927.0069
2990.986	1200.8635	3016.1316	1198.283
3037.4502	1753.0793	3031.2114	1709.8253
582.949	1279.997	581.8334	1298.9902
668.77155	984.5525	681.919	977.8414
1257.9646	740.20935	1199.934	730.39056
1699.5116	1612.9805	1700.4277	1636.9836
1827.8705	1687.9396	1829.8872	1717.0078
1830.5073	1758.9298	1832.6996	1806.014
1868.6783	1106.0272	1871.7231	1142.0234
1892.9412	1573.4204	1882.9427	1574.4362
1964.7379	1287.9479	1966.5114	1313.0345
2055.064	1635.9215	2052.9927	1607.8529
2114.0	1760.9995	2067.0002	1760.8695
2149.3198	1718.9697	2152.4473	1752.0522
2226.579	1195.1199	2224.2124	1167.0664
2250.205	642.97687	2245.575	601.9351
2254.6738	1488.9452	2257.2002	1519.9838
2266.2888	1646.8922	2268.8074	1677.0161
2410.915	741.92426	2413.3125	770.89136
2476.8289	880.4765	2490.9546	875.8609
2494.064	1386.043	2525.0088	1384.1418
2552.0435	1242.2747	2541.9597	1241.6696
2799.3125	790.6694	2843.239	800.9825
16.64176	948.9538	5.5454187	1034.9413
63.05868	650.56647	45.116676	648.138
131.58536	1240.0682	129.11462	1261.2467
599.6617	1079.996	599.46136	1097.0055
622.8517	1261.801	510.7064	1252.565
1365.0807	1718.999	1364.8516	1699.9897
1670.4064	903.00385	1670.7252	952.0018
1879.5094	1119.9757	1888.671	1312.0157
1945.0875	882.9583	1945.9729	906.03937
1955.586	962.9814	1954.8226	938.9738
1978.4608	618.0553	1979.9929	633.00073
1981.1226	725.94867	1982.6322	758.9711
1993.194	1756.9901	1995.8911	1810.0055
2003.713	1612.007	2004.446	1641.9891
2111.6309	1553.8894	2109.934	1528.8689
2137.2795	777.89996	2146.6716	898.0257
2190.5342	1494.0345	2195.5703	1562.0319
2207.371	1526.0099	2207.1055	1482.0054
2457.8127	719.21686	2455.0342	691.19495
2514.0283	1146.0953	2512.2312	1127.781
2834.9075	1667.7146	2840.8337	1707.3241
2986.515	320.25464	3018.1177	307.28647
82.197266	1237.02	80.039955	1258.3081
98.00433	777.97394	131.08821	783.46893
122.63457	1674.1008	127.45609	1643.7546
1106.7737	1579.9967	1105.6134	1659.9944
1693.6504	1344.9603	1694.132	1365.0209
1946.1366	771.32007	1879.354	799.8293
2257.813	1525.9403	2260.019	1555.9987
2393.967	860.6091	2414.9868	858.8422
2428.443	1149.0508	2430.2615	1168.9762
2503.5522	806.9747	2489.8513	814.73737
2689.8032	561.91223	2693.3047	593.96674
2755.1401	1048.6917	2760.082	1082.9882
2765.9995	871.99805	2794.186	863.6265
2831.6968	1721.0377	2796.116	1435.2345
2828.0354	1431.4982	2808.0654	1432.9197
542.26276	1275.1088	540.5446	1295.0469
604.49756	1028.9681	603.41815	1045.963
1454.1084	1622.4637	1435.8438	1618.773
1878.6155	1573.989	1878.2217	1551.9781
1942.4508	906.0892	1941.182	884.04706
1980.4375	1549.932	1981.7633	1577.9639
1988.0131	758.9227	1984.8235	717.0897
2133.1401	709.99097	2136.681	765.0205
2187.2097	1208.796	2189.6318	1235.0339
2208.9856	1679.4672	2220.0059	1679.805
2228.3994	1166.8806	2230.7922	1194.9324
2243.8665	1221.9553	2242.6304	1198.019
2333.3848	919.3151	2309.538	948.4406
2383.907	1503.8907	2387.778	1536.0267
2418.6172	768.9497	2427.8486	765.5846
2781.7507	1078.3115	2777.0369	1044.2719
2912.9995	1670.0663	2929.0059	1670.1805
2932.0007	1703.9819	2917.9993	1703.9716
74.153915	1297.9089	72.07422	1317.2234
840.49536	1417.0645	838.4152	1433.0541
849.8429	1925.5245	859.75214	1922.2499
1056.7296	1887.668	1007.3239	1867.6703
1077.51	1631.0494	1078.9861	1585.9995
1828.1508	1577.9287	1826.7228	1554.8932
1874.0062	1482.1229	1897.995	1480.9015
1910.8397	1327.059	1901.3335	1140.0339
1911.3829	895.9749	1912.8263	918.01135
2156.6248	1067.9669	2158.7908	1108.9053
2207.022	1135.9983	2212.096	1199.0728
2257.7058	1216.0248	2247.3396	1093.14
2323.3254	857.26215	2316.6636	865.53436
2384.4766	633.6438	2396.066	629.1711
2405.727	1752.9283	2407.8938	1774.9119
2447.7874	1223.9545	2449.177	1247.9897
2448.6106	1166.9816	2449.0642	1181.998
2461.7454	383.0591	2460.9868	366.95352
2532.9636	1148.1029	2531.0657	1128.9935
2726.8582	881.5447	2739.927	860.9536
2782.5706	1042.6685	2787.093	1077.73
2849.0312	1064.2648	2844.3013	1029.094
345.303	1612.0334	330.2031	1749.0223
1350.384	681.7393	1398.0012	657.0023
1565.5005	554.15936	1574.7294	583.0863
1962.1986	1516.9883	1965.9155	1580.064
1973.5652	1313.0104	1973.378	1286.9973
2092.269	1749.9811	2090.2153	1720.8439
2118.7708	1120.5914	2103.0469	1052.4507
2389.3416	964.04517	2360.1873	973.5732
2396.6848	742.15906	2406.2195	738.5859
2531.8972	910.9762	2502.9026	907.9245
2831.6316	1114.7505	2837.3196	1151.9512
2923.2834	1687.701	2934.069	1697.9271
596.0141	1278.6907	580.0018	1277.9609
635.93854	1757.9949	700.4176	984.0348
1082.8329	903.0295	1084.4668	856.9103
1088.7668	855.3399	1209.7571	876.39606
1683.7454	983.00323	1683.9979	1002.98737
1766.0378	740.0797	1742.1902	751.40063
1828.967	1804.0901	1827.0592	1761.0417
1910.2559	1207.9438	1915.451	1324.0245
1948.2372	939.9176	1949.8369	963.9443
1999.3436	548.00684	1955.1036	532.7004
2176.1086	1457.8195	2155.2112	1460.5918
2233.8027	964.726	2199.4897	952.613
2203.988	1423.5175	2228.9976	1422.9028
2276.9993	1607.9684	2263.9822	1608.3018
2380.4546	638.1258	2382.806	667.0158
2720.3342	590.0776	2723.9377	621.00726
2924.9111	1614.1895	2920.85	1590.852
2977.4907	322.90823	2980.1216	336.97723
3021.433	1647.0757	3015.7988	1604.8933
309.54504	1365.9486	307.37637	1385.1554
530.82495	1403.0571	529.43854	1423.0995
1497.0414	1094.9956	1496.953	1113.9998
1580.7399	1669.0083	1580.8651	1688.0074
1892.6658	809.92035	1895.1082	860.9948
1907.1307	920.00104	1907.3181	896.99445
2119.3308	1757.9725	2123.9026	1813.008
2229.1174	1037.4287	2141.4019	1061.4666
2483.7295	510.93738	2507.1003	783.1631
2184.9707	1817.5485	2620.9663	1825.7845
2749.7139	1008.0414	2754.897	1043.8702
2806.218	1432.9727	2816.7576	1517.0304
2992.2383	1441.1104	2986.4187	1400.9393
1078.0762	1584.1675	1102.0394	1582.6035
1366.2283	1594.9855	1365.2705	1579.9192
1928.5482	858.07904	1934.5859	969.0225
2113.193	912.05664	2102.4434	758.8987
2193.5955	784.1207	2191.2769	757.14813
2733.366	912.95844	2740.639	977.04095
2749.817	818.7482	2763.7305	808.62946
2776.3428	1038.225	2771.7012	1004.0406
2829.1577	1622.978	2834.7576	1663.1731
2884.655	1340.4412	2875.433	1329.6306
2901.0037	1578.9084	2921.0117	1579.7089
2905.0352	1318.2809	2929.0337	1315.2678
2910.7532	1469.7665	2915.9807	1509.0026
3014.0044	1645.9136	2993.0066	1644.8657
112.60349	1818.0829	120.33614	1761.7715
218.01158	1570.0017	213.0581	1604.1534
1005.90466	1874.2632	1047.8347	1889.4562
1141.0111	1677.9991	1133.1272	1581.9895
1895.6139	869.8618	1901.4375	980.0297
1899.4268	1499.9415	1908.9021	1730.963
1962.4835	1041.3049	1938.8403	1034.5597
2241.0708	606.99457	2243.9124	644.0067
2419.8606	825.5388	2433.158	821.5228
2648.5737	538.9347	2669.5315	723.05334
2740.3464	1557.9633	2736.3105	1519.8612
2855.2102	1069.1115	2860.2288	1104.6855
-0.6925467	1045.0042	15.239397	1071.8579
552.9635	1329.69	518.9529	1327.8896
1466.465	1429.0084	1466.8252	1452.0027
1475.917	517.9917	1478.4053	493.0404
1713.0114	895.9994	1713.8805	912.0065
1713.0812	1598.9972	1713.8291	1621.0059
1927.2362	1520.9877	1930.4663	1583.0278
1944.1223	936.0528	1942.7396	913.07587
2167.521	1073.0181	2166.6187	1098.9867
2205.9866	1643.1971	2217.004	1643.9426
265.0084	1556.9059	282.0512	1558.426
274.06097	1754.0621	283.6518	1744.6454
286.9826	1730.5944	266.9705	1730.0084
352.1627	1393.0996	350.5326	1412.1312
354.74854	1368.9819	353.3834	1388.0275
540.3236	1299.9312	538.3697	1319.1393
907.0578	1599.0082	897.767	1664.9672
1719.0575	917.0036	1717.8015	936.98755
1883.2461	1084.7803	1880.4857	1106.8103
1907.6931	1138.0112	1909.7819	1195.0079
1942.5328	1802.9084	1940.5686	1770.0258
2116.1543	1629.057	2114.524	1604.8971
2161.8188	1108.0382	2163.4565	1072.9746
2182.8496	1205.01	2180.979	1177.0684
2501.4277	1801.0054	2501.8997	1762.9988
2491.979	1374.5382	2521.01	1373.2229
2918.51	1528.821	2923.2683	1568.9681
2936.732	1667.0385	2942.191	1705.116
64.21378	1374.0265	61.591175	1395.1971
750.04047	1525.924	765.0469	1533.912
1069.7932	1475.0107	1068.4412	1449.029
1491.986	1630.0626	1472.825	1625.7839
1689.8326	1204.929	1691.1942	1220.8982
1692.4342	1289.9598	1693.0219	1310.9714
1694.6654	1797.9739	1693.0907	1757.9178
1700.8995	1700.0055	1702.091	1721.9951
2426.5532	1126.0333	2427.8184	1143.0135
2464.5234	788.1617	2461.4585	760.16876
2516.9165	1127.6907	2520.2146	1148.1267
2566.717	463.40158	2536.79	477.55634
2621.0005	514.99786	2601.918	510.3362
2864.7153	1667.7764	2869.833	1707.0217
2916.9463	1188.0059	2919.3765	1210.178
3006.2092	1543.0956	3001.239	1501.9711
3057.7368	1487.0306	3052.9375	1445.8906
1685.785	1548.9344	1687.7698	1602.9717
1704.9917	1371.0007	1703.5112	1355.0454
1796.8381	837.97205	1795.6697	802.97766
1891.884	1353.402	1928.8517	1346.235
1972.1915	1283.038	1970.9211	1256.0037
2023.3381	1596.978	2021.7764	1572.8849
2112.749	1037.0256	2117.6545	1085.1372
2383.7969	680.8586	2386.2458	711.98065
2415.3918	1113.6345	2458.145	1087.2347
2545.767	908.9194	2541.523	921.181
2724.8384	627.02203	2729.1729	658.8402
2743.134	978.9642	2741.27	919.99146
2870.4758	1514.1886	2859.811	1428.0234
2993.0015	1733.3528	2797.001	1734.2244
282.21472	1537.4474	319.95642	1552.1122
386.10663	1078.0149	383.71384	1095.1
1400.0527	600.0738	1409.3188	593.44586
1657.9165	1551.9766	1659.2749	1604.9929
1686.5723	944.01013	1685.4839	897.9886
1930.2344	1594.8892	1936.4431	1720.0276
2120.923	1706.0076	2118.4402	1680.8578
2167.8752	761.72034	2140.0593	774.1328
2363.8994	1716.0094	2367.01	1749.0931
2403.125	703.9892	2400.7122	676.02484
2445.8494	1141.0115	2447.1409	1157.9893
2527.767	1322.0983	2468.9148	1329.3038
2579.9678	1205.0784	2591.988	1210.0292
2739.291	851.87665	2744.3635	822.71533
2812.1196	939.8889	2813.9048	973.9526
22.024937	1412.5125	147.0049	1418.9042
332.0663	1657.7335	320.97617	1658.7363
1460.7822	1080.9972	1460.9174	1118.0002
1610.6257	949.0392	1611.6893	932.04315
1658.9673	1613.9862	1660.5662	1726.0205
1692.4231	1131.8154	1673.9257	1125.208
1698.3052	1549.963	1698.9297	1572.002
1901.0	1714.1045	1887.0	1714.1046
1931.9857	1345.9271	1984.1368	1335.6976
2187.607	712.1601	2185.9326	687.1383
2627.7402	1253.4695	2650.9004	1257.5638
2818.3704	1534.8165	2823.7556	1575.0327
2905.832	1217.0533	2924.1426	1213.8037
240.75964	1750.213	247.32957	1665.1027
1461.8137	946.0008	1461.78	980.9998
1866.8306	797.00836	1875.6875	975.966
1949.9381	838.004	1946.6091	787.0255
2117.9001	1795.006	2115.9236	1762.0646
2171.114	962.4225	2194.0608	956.2247
2308.1155	908.02704	2304.3572	924.0836
2319.762	1066.4022	2343.9155	1056.7875
2821.6638	1156.1825	2799.659	995.0466
1632.1283	626.4904	1521.8197	598.7159
1580.0734	1547.998	1580.0354	1566.0001
1737.613	1715.9774	1736.7677	1692.9718
1951.1621	875.0195	1950.6277	852.00867
2275.014	1714.8167	2284.0378	1715.4995
2355.9019	1631.8954	2359.5151	1663.0563
2390.8318	1231.9717	2391.5837	1254.0142
2470.729	1014.01355	2472.079	1040.9961
2598.9653	921.8834	2617.1406	916.4727
2767.0364	853.04034	2777.0383	844.0425
2787.1406	1119.385	2782.6519	1086.0469
2811.1353	904.9965	2811.9023	934.9769
2824.0117	1290.0663	2844.0894	1286.5037
179.18542	1633.4883	205.69135	1643.0919
578.68365	1335.0514	577.24677	1354.1688
1047.9393	1782.1587	1083.1489	1795.6102
1808.5562	1853.0127	1807.4972	1815.9858
1942.1304	1128.952	1944.6333	1187.9731
1999.1329	766.8865	2001.6427	791.9356
2002.8661	1538.0092	2004.3107	1559.0474
2059.7585	854.0151	2065.4314	945.03546
2082.9995	1595.9298	2081.0981	1568.8527
2149.0356	1667.9678	2148.2563	1642.9298
2171.6685	1037.6985	2194.7024	1031.8315
2378.2832	942.18506	2369.1775	956.11597
2556.0398	846.2998	2572.0237	844.1785
2840.6614	1475.7944	2845.5034	1514.9377
2853.0105	1618.1373	2847.724	1580.0383
2925.172	1578.8446	2929.8347	1614.0219
68.10043	1349.1334	65.66648	1369.2021
1119.2014	1586.9923	1122.2657	1667.0281
1257.9508	1595.4359	1244.075	1604.6234
1905.6368	891.9983	1905.7416	869.9988
1970.6879	1251.016	1969.406	1225.9792
1994.8375	1685.0065	1993.7913	1658.9281
2391.6597	1581.8704	2397.9175	1662.0065
2452.5227	846.2523	2470.043	835.06714
2463.8672	1091.2247	2479.105	1088.612
2644.316	901.18713	2610.1958	594.08936
2798.7732	1322.9054	2791.839	1339.5154
2854.8193	1105.2844	2850.3577	1071.0837
2887.9414	461.89917	2874.751	469.57172
2895.0227	1812.8622	2898.0247	1835.1315
2966.7065	1492.1783	2982.2607	1604.964
39.939598	1396.8302	79.09611	1399.6791
1697.1282	733.482	1618.9666	714.1352
1989.0334	1588.8129	1964.0345	1589.8407
2198.3687	846.1214	2196.507	821.1111
2426.5964	864.83093	2430.6414	879.1017
2466.285	1043.045	2464.6438	1016.9595
2930.9043	1660.1504	2925.6575	1621.9098
2930.4517	1619.8014	2935.9534	1660.0063
42.48277	873.79395	29.442627	843.23785
64.87154	686.0356	72.65041	714.0969
1054.5917	1591.0294	1052.1586	1640.0575
1405.2051	1540.0054	1405.0294	1513.993
1482.2609	487.97034	1485.4435	515.9496
1860.062	1749.9088	1857.8245	1723.8434
2494.5566	1097.7765	2497.452	1117.935
2888.5166	936.3449	2918.2058	1150.1102
2905.2263	1664.8572	2910.0166	1705.998
2955.393	1362.0835	2972.658	1487.6345
245.43353	1664.7488	229.19576	1636.7277
1391.7228	857.488	1344.6957	830.7753
1682.4158	926.00836	1682.511	944.00256
1687.2286	977.99524	1686.7684	956.0048
1687.7648	1004.002	1687.5753	981.98645
1925.2815	795.9867	1927.7909	849.0099
1988.2341	1543.9878	1986.4047	1508.9789
2002.0145	1575.9662	2002.9811	1604.9673
2399.3635	660.0483	2397.3972	634.1215
2855.5022	903.0473	2852.18	868.0779
2922.0273	445.06073	2906.9443	451.87668
1465.1823	563.9182	1468.3809	531.93805
1490.5975	582.95233	1492.1599	537.00543
1804.0323	1490.365	1820.0835	1488.9402
2196.044	814.0843	2193.929	790.0944
2202.41	707.0464	2199.2659	667.05774
2614.821	993.0199	2635.6382	1180.1515
318.24878	1282.0194	316.68344	1302.131
1559.8628	1761.9663	1561.0741	1792.9971
1624.5133	1543.9822	1624.965	1556.9664
1910.1797	948.07715	1908.0933	925.89716
1916.6	753.73016	1921.8726	745.914
1944.1896	1422.4038	1922.6495	1433.3401
1952.9943	904.0498	1951.8503	880.9579
2018.358	1297.031	2013.758	1201.915
2064.3335	1804.9155	2061.805	1765.0123
2302.0413	1224.2028	2330.1028	1218.5066
2443.5403	1117.9498	2444.7542	1131.0228
2920.529	1686.4796	2909.9307	1676.0707
2935.507	1462.0687	2929.476	1418.7943
2952.0508	966.9927	2986.2236	1202.9677
1660.9025	679.053	1632.729	627.1471
1954.399	1091.5155	1945.1976	1062.9364
2197.3909	1055.0387	2200.6956	1107.0194
2361.4514	1234.9487	2364.0708	1257.992
2428.8096	1079.8314	2442.4932	1066.5063
2876.4626	1143.0615	2874.5044	1125.9423
1269.4572	732.6441	1236.8568	705.17
1369.7578	608.96265	1372.8165	589.1259
1954.7894	933.00977	1953.6757	909.0151
2224.0342	983.977	2232.5444	996.634
2239.697	1264.9348	2241.4753	1283.9556
2281.899	1081.9181	2293.4788	1209.0475
2524.3853	1747.8674	2487.336	1360.7764
2777.9683	805.8175	2796.9192	802.5331
2837.6338	1257.029	2836.833	1246.934
2835.233	1432.8569	2839.5347	1469.938
1278.1831	1603.3506	1264.8335	1595.2753
1492.1323	1516.0054	1491.641	1528.0262
2019.2012	1523.9108	2017.4165	1499.8948
2461.9236	1179.0035	2460.9067	1157.0043
2584.0288	454.99582	2591.0183	502.99734
2858.1052	1661.2382	2853.4333	1624.0712
2910.7522	1509.1602	2905.8577	1471.0183
2918.8435	1568.1691	2913.259	1529.9622
2982.7263	1606.8989	2996.6538	1706.9089
37.998867	883.0005	29.566	862.1757
816.4534	1510.3401	781.0421	1486.9363
1238.2024	796.9906	1200.0853	793.1521
1786.9124	1798.962	1785.2872	1759.9464
2270.9675	1641.0159	2278.026	1640.7833
2498.0593	296.6158	2432.7607	286.55206
2499.82	1149.8761	2502.8845	1170.1685
2552.951	885.8276	2539.8716	889.54865
2815.1067	993.1245	2820.1038	1028.9856
285.87878	1577.1948	296.94913	1584.0818
1740.2932	1797.9451	1738.6787	1759.9287
1854.5403	1609.972	1853.2933	1585.8813
1881.4365	1220.0419	1879.2853	1191.1276
1999.366	1472.9755	2000.7764	1494.015
2183.9775	1252.8955	2215.046	1246.2134
2298.794	1207.0167	2291.5674	1118.0352
2505.002	1334.8701	2516.9993	1335.0509
2788.1099	1083.7563	2792.0632	1117.9927
2864.5	1707.2053	2859.2666	1668.9635
2955.7349	1613.1694	2950.4966	1574.0674
363.73083	1286.0547	362.22574	1306.1665
1803.3866	1423.9918	1804.2092	1462.9956
2188.071	1058.2664	2157.1394	1066.5222
2231.1782	1284.9456	2225.442	1266.1705
2348.9436	1261.012	2342.3176	1229.9323
2457.1934	1128.0569	2455.6345	1105.9552
2645.1243	937.15344	2634.069	935.5297
2797.632	894.92944	2806.6855	976.0351
2834.8232	1470.3206	2829.9175	1437.0121
2847.3608	1533.8129	2852.7183	1572.7637
2892.7039	1574.874	2900.0913	1616.1626
1832.9376	1713.9489	1831.9023	1694.9508
2051.9956	1761.1682	2008.0258	1760.0164
2172.3215	1066.2965	2187.1533	1062.6183
2201.0947	877.15	2199.1978	853.0632
2221.1519	893.4857	2194.2793	901.89276
2512.583	804.66895	2535.8806	819.19147
2597.8235	496.18427	2591.3645	454.94293
2598.3594	995.46924	2610.1436	992.58704
2747.1558	920.9961	2747.9373	951.9764
729.6339	1815.5559	766.7817	1806.1388
2448.29	1214.45	2458.087	1208.1349
2904.626	1424.7756	2910.037	1463.9949
3069.156	1576.9888	3067.149	1549.0612
2539.9104	883.7571	2550.8936	879.7109
2818.06	910.20337	2834.4058	905.3727
2880.588	1470.0575	2886.4346	1511.9393
436.6042	1557.1804	426.4089	1534.8136
899.9035	1576.9913	900.04846	1591.9995
906.8963	1870.5175	926.895	1874.524
1887.0242	1803.9994	1886.1099	1763.9746
1958.14	1590.0406	1929.977	1593.8297
2328.9043	969.17645	2319.0837	963.8455
2364.975	865.76843	2351.0298	867.2747
2373.327	961.37775	2385.631	950.7292
2381.858	537.48315	2396.8262	533.36774
2402.0635	1709.9951	2405.242	1750.9812
2613.6643	688.0371	2636.5437	895.0504
2843.0303	702.1955	2846.6736	720.2674
24.611599	837.977	21.406855	892.0241
117.14996	1352.1663	114.25582	1372.1816
357.3535	1343.9312	355.20114	1364.128
581.754	1303.0759	579.83014	1322.1842
1996.557	1718.0236	1995.1697	1691.9377
2158.319	1142.9702	2152.5215	1080.9513
2221.6174	1266.9188	2224.252	1286.9669
2425.042	852.07806	2440.7957	843.61926
2512.5984	1007.96924	2488.1348	993.7677
2369.5464	1266.2905	2374.6511	1239.1223
2872.1792	1303.0248	2844.995	1298.0266
2405.6929	734.0269	2403.7576	711.93365
2840.4617	1514.2205	2835.1448	1477.1226
2847.1162	1572.1139	2842.3438	1535.0846
2887.9292	1529.8676	2893.7974	1571.0289
2905.02	1464.1472	2899.872	1429.869
3008.6753	1608.8994	3013.9023	1644.0145
1257.7535	1627.0286	1255.6539	1608.9242
2494.9663	1081.3591	2532.0146	1084.8445
70.96189	1323.114	68.58177	1343.1875
2127.5422	1013.05145	2128.3174	1035.024
2193.887	972.6238	2216.2402	976.67334
2213.2683	1055.175	2224.1575	1052.6896
2426.8843	1249.9972	2427.2646	1233.9825
2457.0747	1199.4844	2494.9458	1193.6478
2770.4905	985.14136	2768.684	953.0741
1735.7494	697.9714	1798.6884	714.20795
2591.5325	834.728	2576.886	806.0583
2762.1926	746.04913	2757.16	765.78577
779.9756	1653.4369	791.394	1632.6669
838.0199	1509.0537	816.9896	1509.4506
2005.9261	1656.0026	2006.6489	1676.9431
2399.5544	1256.0475	2401.364	1234.9454
2459.8752	1154.0835	2458.161	1130.988
2526.988	824.01544	2506.536	808.3025
274.66428	1772.9408	276.97614	1759.8196
341.32773	1579.0165	340.3211	1599.0161
1035.9135	775.8025	1026.0527	780.12036
2409.3594	771.14844	2406.9116	744.09845
2577.67	333.7268	2521.836	308.36136
3070.3962	1398.9965	3070.6887	1432.0028
1805.7008	1614.0215	1803.5405	1583.8895
2397.8694	1023.4185	2382.2102	1026.9359
1750.7526	816.4163	1765.0504	824.9152
1952.1523	1385.7997	1942.596	1378.5311
2293.4417	1246.9541	2295.8364	1270.017
1679.6051	1474.7773	1685.1818	1489.9331
1902.123	828.0083	1901.924	807.00073
1904.7366	855.0242	1902.8097	834.01746
1989.7214	1577.0138	1988.3373	1548.9834
2439.3083	1138.0225	2438.7886	1121.9745
2572.7437	810.09564	2580.478	830.82166
2753.6804	950.9239	2769.1025	946.3452
2217.0005	1647.789	2204.9985	1647.7653
925.3094	1875.8326	941.714	1909.1409
2186.9192	1272.0648	2186.0115	1256.9393
2697.9377	468.83994	2684.088	474.2263
1688.4835	1028.018	1687.7513	1006.9739
2177.273	1355.5514	2194.5632	1366.0743
2305.1008	1290.0337	2304.8364	1282.9688
2552.3662	836.3131	2560.189	827.1615
2568.496	1240.091	2565.1912	1221.7849
2853.4172	1577.7162	2858.0288	1616.9966
2504.7427	851.99243	2504.9565	872.99023
177.00732	1640.001	175.82114	1648.9763
1459.2848	1553.9923	1458.7716	1601.9976
2874.7808	1429.8833	2880.344	1467.098
689.95355	1952.6594	801.9923	1948.7777
2315.8845	1762.0084	2318.423	1797.0417
2726.9314	384.8418	2737.1711	380.3939
1465.4135	585.01575	1465.9099	571.9966
2207.3665	1092.9902	2206.937	1121.0144
2387.1235	1538.9885	2390.6392	1577.0333
2987.5798	333.05682	2985.9324	320.87393
780.95544	1747.143	799.9784	1753.0695
2106.395	753.97327	2115.8057	893.0131
2283.7932	1271.0331	2279.3281	1243.1074
2442.354	1164.0581	2440.7224	1145.9349
2677.643	1180.9297	2660.2566	1021.9719
2136.872	1819.0786	2142.5254	1828.2911
2155.8877	1745.8015	2153.3691	1721.856
2847.0037	1765.7671	2773.9902	1764.6089
2942.0347	1508.1412	2936.3022	1468.9558
2304.9504	1266.1685	2300.6262	1239.2205
2497.479	1123.9446	2499.8018	1144.023
1535.883	893.9794	1535.6979	904.0129
2781.9998	942.99854	2790.11	941.6739
386.89658	770.81525	399.01694	764.0303
2336.9363	1240.0051	2338.6245	1261.0302
798.2511	1655.0226	799.2382	1644.0214
2322.879	896.0269	2323.4011	878.9816
1779.9764	1795.0468	1778.7422	1768.0575
2448.1177	1045.8375	2437.1045	1037.856
402.10068	1190.9371	415.63495	1212.6034
2273.4478	1251.9413	2276.4648	1274.939
1934.0205	1799.0428	1932.6168	1766.973
2208.629	1003.1265	2203.117	986.96014
2338.0244	881.4358	2349.987	880.7678
2169.0051	1748.5426	2157.9954	1748.4218
2248.468	1279.8916	2244.3608	1262.148
1991.2399	1618.993	1990.4889	1592.9858
2526.963	843.05054	2540.1638	852.7776
1697.0928	1283.0583	1695.6758	1261.0209
2254.9172	1260.0122	2257.572	1278.063
2846.671	802.9849	2846.1177	815.0513
2253.5552	1570.143	2250.0698	1559.299
2934.7283	1692.0465	2932.4792	1678.918
2575.7578	846.9018	2579.1375	872.9822
2532.6077	1232.1261	2536.6763	1244.7826
979.66943	1879.7567	976.8684	1872.0479
2264.2732	1731.9706	2262.5476	1715.941
