52.890335	440.80075	192.28873	459.89175
195.71124	457.5867	-0.2920818	431.834
0.95349634	436.37115	41.936607	441.50595
69.0288	411.78482	145.9886	422.08517
9.038935	425.72696	86.04168	436.7077
0.88147056	381.76114	82.9165	394.53622
0.96150666	397.259	144.07024	418.52744
0.97530043	401.16312	66.976204	411.15717
22.40752	379.47653	84.24817	389.46326
3069.6936	713.045	3025.1128	727.35126
0.9525125	432.35934	51.003498	438.97354
141.05067	447.58813	168.99669	451.02686
3071.792	208.48244	2999.3594	245.75497
0.9446754	393.3713	40.117992	399.2081
0.72840893	410.84717	93.77536	424.52786
0.9624283	405.2596	140.08778	425.39337
3070.2515	722.03375	3044.3335	730.0749
2994.7913	704.39124	3047.4307	686.3401
4.9770093	623.2713	31.128181	625.4873
45.00245	441.983	72.01723	445.88058
0.9260183	428.533	75.02523	438.8182
138.29343	414.4654	0.22259708	388.06586
35.05209	729.4387	81.11937	733.71375
81.95709	736.4808	34.885746	732.2804
85.93009	705.6927	38.904446	700.94684
495.02246	703.78656	537.08307	708.21014
48.06923	627.3716	94.06189	632.4382
31.126642	760.6747	78.08013	765.16144
0.9128232	725.7693	18.14482	727.722
3029.1794	698.638	3054.1707	691.60675
0.9809397	694.177	22.059591	696.44653
39.066044	659.36646	93.20742	665.0102
38.092724	698.0511	84.044815	702.5413
94.959045	635.3681	47.874344	630.1294
819.9345	534.7989	784.9295	536.7067
3050.714	689.10236	3014.8477	700.5212
0.8477184	469.2678	294.06155	504.48758
2902.4536	0.7285819	2222.6755	463.52347
3034.826	221.68349	3063.4272	205.9584
3069.9128	630.81866	2976.3872	661.10785
77.9978	768.0233	31.935616	763.68335
727.128	1179.9513	728.1879	1160.9547
2445.4927	308.26822	2471.481	290.2512
3043.683	130.52419	3069.307	113.46101
31.920082	628.6743	3.8404174	625.34656
47.991356	374.0544	89.066795	380.57953
785.04596	539.8772	821.05194	537.99194
507.81723	748.5898	636.9498	763.43634
2926.5317	296.12668	2818.4888	354.04633
0.92242247	757.6784	14.093252	759.1845
0.91962993	1083.399	37.030247	1085.4735
0.9655781	1005.46	47.0815	1008.9108
47.956516	1011.6823	0.8927478	1008.6829
2576.3054	217.98964	2618.3625	189.07283
2839.8508	290.7307	2860.243	279.43866
3025.662	730.96967	3068.928	716.7805
59.886635	698.86316	63.07953	672.88684
777.9939	536.813	742.96594	537.9587
2984.9897	716.97186	3018.5896	704.8616
118.96555	583.31824	0.8341428	570.5324
554.0673	903.1825	588.0837	905.9839
783.3359	975.0269	784.709	957.89655
788.3596	899.95856	789.4589	882.965
41.006397	376.95966	84.03449	383.78247
781.008	1021.95966	781.7404	1003.9488
1784.9261	1483.2155	1754.9095	1486.0391
1905.5548	704.75464	1764.429	719.55566
2884.8633	2.276374	2455.3682	285.52573
0.9516668	1117.5342	35.043846	1118.6083
128.90016	577.88654	0.8351582	563.4637
566.4375	932.9493	568.0627	914.9155
2605.0544	1276.3071	2582.8647	1280.2363
2623.561	672.9952	2602.6248	682.1411
2646.97	668.9283	2631.5776	675.3786
34.93187	1121.9587	0.9612973	1119.5447
107.00145	401.98834	127.06485	404.47726
636.0176	782.826	525.8281	771.7029
738.4551	1017.9554	739.84515	1000.9873
2875.7024	270.46982	2919.8315	245.70003
2926.1387	288.26373	2875.8499	314.71454
73.97971	663.20233	50.01999	660.8006
56.014004	367.9129	94.15334	374.04648
500.84323	839.6165	606.91235	849.9037
634.95953	775.94214	686.0971	740.13873
1506.1957	274.9754	1503.5505	468.99387
2876.6934	317.298	2926.4006	290.74994
17.977482	730.3535	0.9192995	729.26685
702.555	711.18976	472.95697	691.50165
2401.403	322.60022	2449.519	290.284
2599.3623	1260.9626	2420.9812	1293.8984
3070.2634	1178.9994	3069.9307	1548.9999
21.98375	699.1923	0.8809231	697.40936
93.022285	671.775	0.6409433	662.62524
545.98315	1229.2042	560.99756	1228.8859
564.26886	956.9231	566.2671	937.9229
569.2621	901.9376	570.70264	884.8904
746.4768	896.9712	747.52313	877.97375
2459.3342	442.86258	2442.7495	452.57193
2698.259	326.47742	2734.8118	306.6529
2887.7668	362.5464	2931.9233	339.85077
75.955826	955.5815	0.9329994	949.8819
5.047961	1150.957	29.043207	1152.0603
52.203354	761.79297	55.30035	734.9194
581.94135	962.70215	553.88654	960.3583
741.9753	541.24774	777.036	540.09705
2913.7498	184.57318	2787.8145	258.38968
68.92683	627.8984	71.10318	604.9151
95.43113	630.8059	98.38542	606.92395
543.6429	1226.9719	545.13574	1208.0107
588.90515	885.0576	559.9586	882.46136
743.065	948.9261	744.56964	929.88696
954.61395	915.049	955.89594	898.9917
3058.9744	683.9261	3069.4495	680.29767
62.91334	966.3036	0.85520923	962.178
312.9218	509.65607	0.8249246	472.46936
571.1084	878.94135	572.22656	861.9491
579.8016	1006.9026	587.1956	915.93463
781.4283	507.92456	780.22406	533.01074
782.33673	997.97595	782.95374	980.96204
2609.4844	351.1427	2500.7366	416.56207
3004.7861	237.60437	3031.5405	223.14966
3070.6416	104.26767	3040.3135	119.619415
245.86803	1534.8978	248.57964	1504.8717
706.00574	1567.7252	766.0045	1567.9946
816.97754	511.0874	747.9114	493.3451
1888.009	1005.89453	1783.089	996.95605
2570.902	1253.4333	2594.877	1249.2883
30.9876	1155.2249	4.9564805	1153.7891
0.9146739	573.78174	117.05911	586.4584
64.93452	658.8754	67.85852	633.8665
562.4392	980.94855	564.0941	962.9169
2406.0354	1309.2139	2576.0068	1281.041
3068.2505	73.775536	2985.6082	124.35968
105.83821	594.4516	0.69541967	582.7327
260.11743	1726.6965	84.13009	1738.8792
548.1127	1169.9271	549.8384	1148.9047
583.9922	939.0855	554.9607	936.4295
770.3614	1181.9642	771.42865	1162.912
1507.0282	469.01187	1509.2783	274.0032
1750.106	1459.8358	1787.1444	1455.1385
1782.929	1418.5619	1754.8564	1423.1145
1901.7794	668.8666	1771.722	682.3119
2878.8303	310.6869	2903.6042	297.2691
0.9461339	953.6879	72.896515	959.32166
56.12209	729.8912	59.235374	704.7812
131.02626	463.78668	171.03548	468.71182
555.0775	934.03	583.0586	936.26666
762.57733	1310.9738	765.2547	1267.8915
952.4546	964.977	953.1714	947.9651
1754.9854	1587.5935	1789.0492	1586.3673
1775.3773	1306.6526	1744.9105	1313.6082
2122.9592	1579.927	2196.0437	1577.1461
2892.7964	403.5945	2936.7573	381.51663
3070.634	461.99493	3070.107	500.0015
96.97815	605.17847	76.911644	602.7217
598.85333	854.4574	507.86905	845.30133
630.8994	776.8816	524.7976	764.77344
1528.0656	606.06665	1552.5525	581.5519
1752.9644	1620.2128	1793.9879	1619.3943
2666.4382	419.97537	2707.6582	397.37668
2816.8525	778.6014	2848.3518	766.9509
2966.6392	644.8069	3068.9595	613.86633
3046.7483	702.2725	3069.1765	694.5103
50.99534	978.06696	2.9496894	974.72284
37.965286	1088.5626	0.92120737	1086.277
75.4388	794.9315	90.086136	674.8885
424.9132	581.6105	458.0326	583.39514
723.5873	1236.9111	724.7824	1217.9233
935.7908	1317.9464	937.6986	1274.9423
1780.0677	1322.3207	1744.7427	1329.7819
2115.9097	1403.3955	2184.866	1393.102
2211.9136	1501.8297	2307.1323	1494.7881
2718.5684	279.28992	2661.4119	314.03226
2898.717	444.41003	2943.0693	423.14438
84.97454	949.3073	0.8888805	942.3413
521.8729	929.89526	523.64087	910.87366
475.88406	1129.9862	582.9861	1136.2384
785.1357	952.967	785.8995	932.958
2022.1532	1315.3287	1921.0453	1319.9835
1920.0083	1484.8246	2033.017	1483.6855
2715.554	393.19485	2732.8	383.63913
2922.813	163.67896	2772.562	251.24867
3020.2136	707.5774	2983.9912	720.97644
0.8532914	1040.0518	44.0614	1043.1414
0.83735436	567.5293	118.8847	580.0841
91.35723	661.7687	95.42012	632.91833
537.9795	935.2167	511.92896	932.7505
510.0282	851.70056	594.03674	859.60956
730.0305	995.5918	755.0403	997.46094
797.9393	1003.72186	771.9549	1001.5363
1577.8772	634.0336	1576.949	603.0315
1881.0125	1546.6294	1793.9872	1548.3555
1914.0118	1451.9856	2032.0188	1450.5725
1950.0151	1479.6427	1915.9492	1478.1959
2120.9202	1544.7638	2193.0715	1540.1067
2604.938	369.57227	2511.268	425.4496
2845.4321	524.88824	2796.763	548.56793
14.97204	761.8153	0.9542318	761.33453
2.0043163	1184.893	27.00399	1185.9011
0.94850844	655.89	29.143406	657.5212
48.462383	792.9328	51.723316	766.84045
459.0747	587.85565	422.96747	585.49835
740.2024	994.9565	741.18176	977.00995
773.9923	1505.7592	709.9888	1505.111
784.88696	507.5829	806.06024	511.68942
943.0265	1742.9011	911.99634	1742.1531
1746.9805	1428.8798	1789.1683	1422.0383
1789.3411	1590.027	1790.4064	1616.0243
3069.314	517.5317	3031.2727	525.33
17.00036	1452.9497	0.9868326	1452.8347
267.09866	498.15912	120.127426	480.914
482.04626	1015.35065	597.0325	1023.54407
742.1811	971.9765	742.6981	953.96265
1034.0319	882.64044	926.8094	873.15485
2356.6646	755.2865	2259.4595	800.9775
2298.1306	1334.8063	2202.0618	1350.3805
2437.1606	451.26093	2396.5505	476.27023
2982.6746	8.048546	2385.5037	392.22855
3070.5364	587.002	3070.6401	611.0015
3070.196	1100.9875	3069.0967	1172.0015
21.25577	1005.9083	24.83451	976.85645
588.17145	905.9405	591.1896	863.9418
789.47565	673.6876	636.8677	779.25433
746.81714	506.2343	772.14996	509.9877
1748.8354	1491.4978	1789.8904	1486.9995
1755.0048	1652.3788	1793.0101	1652.6664
1988.9973	1645.6976	1932.9928	1646.2015
1914.0015	1584.1606	2039.0012	1584.0094
2118.872	1437.8928	2186.1296	1430.1232
2208.6238	473.9854	2110.6345	536.00256
2577.2659	1287.6127	2404.0278	1316.1687
2570.983	1328.8921	2528.9312	1335.5657
2792.418	259.0036	2914.427	187.73111
2928.049	475.09955	2946.5005	465.98828
3049.045	732.14014	3068.3083	725.9615
3070.615	204.0008	3070.4631	321.9993
531.0416	1195.7638	565.03674	1196.9077
632.0316	804.695	525.0401	793.6127
634.9085	765.8623	581.86896	760.23486
782.76434	471.9564	781.6692	502.9883
799.953	957.4838	774.9941	955.0607
941.6538	1192.9822	942.73816	1171.9349
1746.8617	1318.3341	1777.2141	1312.0308
1751.9828	1522.5938	1824.9784	1519.4907
1831.0966	910.93805	1809.9081	909.01166
1983.0026	1512.5856	1927.0045	1512.2463
2849.29	771.0368	2751.028	798.5262
2879.3655	324.81808	2926.6855	299.41412
2906.011	816.2412	2878.9304	817.4853
2967.869	799.7907	3000.9114	802.20935
3058.0647	966.55426	3036.0151	969.1296
5.477743	621.92487	8.80111	598.8275
457.04294	580.19714	430.06662	578.7543
539.6721	1276.9724	541.3614	1256.8623
720.33234	1284.9526	721.68494	1265.9066
703.942	1144.008	804.0135	1149.7661
720.8792	861.2982	821.93494	870.6996
765.3154	1262.9507	766.7587	1242.9106
1835.019	1064.8553	1813.8593	1062.0685
2100.0	1652.4196	2199.0	1652.4188
2342.0298	263.01596	2310.5576	321.83344
2570.0486	1275.2821	2405.919	1303.5297
2566.3093	698.6703	2547.666	707.27673
2687.0012	1645.4539	2634.999	1645.5946
2731.594	298.3243	2694.4026	320.67017
2699.9695	1564.1733	2718.0188	1563.5076
3022.9775	625.90765	2946.6199	644.5404
22.092169	794.70276	75.89164	798.5252
0.9528131	1747.9556	77.02344	1744.5187
502.54413	1167.9658	504.12366	1146.9342
551.96796	981.406	579.036	983.54407
745.3512	917.9737	746.04297	900.9206
783.23645	537.0129	784.8136	508.04428
781.3471	1312.9592	787.22217	1218.8889
1785.0074	1614.3236	1758.9752	1614.9233
1763.4529	723.67554	1912.6245	708.3457
2154.867	1428.7095	2121.9082	1432.1104
2982.3564	165.95537	3026.475	138.77107
3004.9917	978.88916	3056.0796	975.06177
2962.9915	1662.7693	3071.0002	1663.968
535.9961	959.03754	510.9538	956.4467
557.97577	1281.6898	528.97644	1280.672
560.64777	1003.9738	561.98883	985.92487
557.6968	1303.9769	565.0237	1207.9255
559.09235	879.957	588.0425	882.52
614.98096	1508.5781	628.0446	1507.9883
781.9787	1243.4296	770.95624	1242.8833
780.56256	538.1262	772.8142	634.06573
818.97253	1036.352	704.9641	1027.46
933.87585	881.40576	1027.0325	889.6326
1593.9578	636.0151	1593.4506	601.00793
1773.5548	1298.0088	1764.4161	835.01154
1825.0784	1515.8766	1773.0609	1514.5723
1749.9657	1554.2963	2037.021	1550.6609
1914.9972	1651.1136	2055.0012	1651.4591
2050.6738	564.0646	2077.8967	546.83673
2564.2327	414.35593	2551.4597	422.70355
2557.988	342.98074	2829.4954	174.18832
2905.805	296.6601	2925.1638	285.54395
2993.3386	720.8921	3020.7988	710.4697
3060.001	1646.798	2988.9998	1646.8889
0.81668437	589.6114	101.11134	601.02124
240.53047	1585.1798	242.09161	1571.8933
244.11786	1552.0725	245.03082	1538.002
500.99005	1227.0712	513.99927	1226.9319
718.99744	1309.9402	720.1349	1290.8887
767.05597	1239.9542	768.0291	1219.9043
890.2205	1785.7488	922.42114	1685.8135
1771.6284	1623.0225	1773.084	1647.0554
2002.0059	1415.1779	1962.0034	1415.2858
1914.0293	1419.9531	2030.0482	1418.2155
2118.997	1508.961	2191.0312	1503.4058
2307.936	1526.289	2291.886	1527.7341
2708.9265	1322.4598	2657.9197	1329.4097
2788.003	1644.6709	2735.9995	1644.8918
2767.7988	721.4466	2706.2441	755.4422
2866.9797	319.96188	2822.733	343.49774
3070.5217	327.9999	3070.4922	460.99988
441.30435	522.93445	437.43967	563.9472
512.0157	930.76996	538.0313	932.54034
591.917	1026.1672	481.90442	1018.3442
938.0326	1270.0013	938.7748	1251.9496
1867.0884	914.1308	1843.9213	911.7746
2017.1691	1299.2053	1926.035	1302.8702
1923.9999	1617.5068	2037.0001	1617.5387
1914.9985	1517.846	2037.0063	1516.6521
2413.9768	1358.8408	2573.931	1335.5264
2642.521	620.97437	2515.5884	680.2598
2819.1135	348.21124	2868.3857	321.7174
2883.0017	812.0568	2906.0107	811.35333
1.7681829	652.97186	4.9209194	626.9904
44.985603	1211.3734	0.93541586	1209.6755
612.96344	1536.0477	610.7044	1486.9675
797.89594	1154.7494	709.9099	1149.5148
731.10504	918.76575	761.14276	921.32275
940.398	1214.9147	941.41046	1195.9153
1784.9758	1548.6279	1756.0331	1550.5089
2028.0958	1371.6609	1746.922	1379.0231
1979.0049	1446.6985	1925.0189	1445.8271
2006.0009	1479.9103	1960.0054	1479.454
2597.699	593.38776	2616.9602	583.9189
2692.008	1656.2715	2627.9915	1656.6824
2998.9539	108.92701	3054.2344	73.951
3032.686	669.9717	3069.2468	658.8086
0.9090013	970.12634	53.966644	974.4129
422.91956	589.811	458.98166	591.413
782.2927	698.4036	642.5409	799.7459
772.71844	723.6023	675.6486	792.32855
767.4845	1568.0242	768.43536	1548.9718
2207.8977	1427.1522	2299.0193	1416.1595
2333.7334	515.5536	2248.3376	566.5654
2282.9656	1528.4617	2238.954	1531.2859
2213.9988	1538.9811	2310.0193	1533.3257
2501.6963	420.16342	2610.5928	354.9905
2577.9229	1270.5857	2603.9502	1265.7324
2604.1177	1307.0259	2578.9897	1309.9102
2422.9324	1525.7766	2594.0178	1516.3243
2926.941	301.89224	2881.441	326.80518
237.04756	1619.1454	238.89362	1605.8464
491.55737	1299.9691	492.88757	1280.9224
515.93634	1000.9966	516.9018	982.8881
537.52716	1301.8729	539.2468	1281.935
575.9703	1141.4928	482.9466	1135.8862
557.37787	860.03156	553.7772	903.14844
573.8433	759.2975	534.9278	754.59814
720.0975	1020.0058	725.6314	927.0376
711.01996	1205.5912	743.04126	1207.1561
979.02234	1272.001	980.8266	1229.9497
2087.3186	448.08395	2064.573	496.73538
2254.9585	1242.8293	2209.721	1253.8546
2490.4822	277.3327	2506.9055	264.58945
2565.9624	1465.436	2505.9626	1469.4414
2797.0579	808.58	2760.8713	822.6695
0.9664795	1764.4519	109.05148	1757.8419
529.05096	1252.7987	560.0376	1254.1128
737.0019	1571.9558	706.00397	1572.0166
739.0297	1241.5063	709.9545	1239.7552
758.01776	953.817	730.98096	951.19666
1057.2047	1698.7493	1046.552	1732.5436
1561.4852	622.99835	1561.3965	596.99524
2182.973	1353.83	2110.2183	1365.3754
2422.8364	491.69977	2449.537	477.1504
2639.4763	175.24329	2675.514	150.29778
263.1591	1737.0891	173.03722	1750.2548
601.01825	1015.92737	613.8236	842.839
766.01404	1266.7374	753.9993	1266.9658
787.093	921.9474	788.13745	903.94995
798.936	1023.99615	804.2835	934.897
1768.805	767.6658	1735.9143	786.8531
2009.0125	1611.9781	1968.0063	1612.499
2080.6042	886.18945	2010.6553	920.34216
2156.9463	1500.3163	2119.9387	1503.2197
2250.8535	1416.727	2211.909	1421.2083
2275.8806	1374.1648	2229.9617	1380.7324
2218.9932	1614.5178	2315.0164	1613.1587
2416.894	1400.1251	2578.9368	1380.4783
2597.997	1251.9834	2569.9766	1256.8654
2584.4324	436.07227	2595.997	428.99524
2642.314	634.7034	2572.8647	665.6967
2830.8774	255.78775	2859.2332	239.40349
3028.8914	126.83085	2974.357	161.88876
0.98183376	1189.7802	28.989933	1190.4324
421.89197	597.9124	457.89008	599.94586
486.02515	1193.4949	519.04285	1195.1394
553.05865	912.005	545.11597	1005.18036
565.77423	1196.8973	569.7935	1148.8989
665.66034	727.22314	693.96814	711.941
714.9895	1181.053	726.98804	1180.92
798.9654	980.4291	773.88654	978.40717
2032.0829	1381.188	1746.9116	1388.6033
2460.9087	1431.0579	2417.9248	1435.2257
2416.9915	1441.9148	2586.0115	1425.1167
2707.1692	1308.1703	2656.918	1315.4319
2856.3435	666.124	2832.1572	673.51465
2905.6226	485.18115	2924.7153	476.3824
2836.069	172.73274	3059.0886	35.14378
11.435989	1082.9327	14.784516	1054.8551
274.81503	1419.7898	240.58472	1411.7732
491.05743	1141.0238	571.07465	1145.7312
579.9901	986.13763	550.9246	984.04956
711.03516	1237.1018	723.0559	1237.5728
754.0652	1207.7804	787.0245	1209.5424
949.64465	1474.6676	927.2858	1565.8248
939.1291	1246.9742	939.662	1228.9604
1824.5818	1084.0284	1824.3003	1069.974
1915.9967	1323.924	2024.1833	1319.203
2215.0066	1576.2072	2312.0347	1573.0784
2534.0125	1513.25	2475.9565	1516.1223
2689.9165	1478.9462	2713.0093	1477.1184
2760.1553	1357.2354	2867.9604	1343.6852
2774.8105	254.39468	2923.8635	167.76512
2933.9583	342.91608	2886.2874	366.57867
34.825024	1118.9777	43.021214	1054.8749
100.13076	811.97144	0.5785116	799.3154
262.0403	1645.6667	213.99585	1646.8285
493.9988	1279.0686	481.98495	1278.8577
495.5219	1004.0442	507.89514	857.90643
599.1085	1019.5481	478.95752	1010.5686
768.89624	1205.9944	769.9302	1186.9419
971.94965	946.6022	938.8466	943.834
1010.68353	944.0448	1013.4455	901.89813
1122.2637	766.41943	1033.6016	822.1395
1866.9147	772.0743	1842.9072	770.16833
1954.994	1612.0106	1916.9955	1612.2383
2117.9666	1473.6863	2189.0125	1466.1168
2175.9744	1461.7554	2139.8477	1465.5503
2181.9492	1535.157	2142.97	1537.5
2205.8694	1343.2238	2296.0105	1328.0616
2210.977	1463.7592	2305.0723	1454.7551
2287.9868	1607.2606	2242.9834	1608.068
2310.0266	1566.7863	2266.9744	1568.2396
2425.9514	1567.6594	2597.0525	1561.4438
2657.09	790.2363	2540.8235	834.53687
2713.9421	1380.4397	2681.0857	1383.8313
2764.1016	1405.0892	2841.085	1397.9098
2913.3796	191.65154	2794.5254	260.90192
3012.8508	813.03326	2953.8018	808.7029
3021.0544	1018.55145	3006.9941	1019.9414
29.021753	1188.5586	0.9421035	1187.1747
12.418497	791.053	28.14626	666.76544
441.05453	562.0951	444.57578	523.05194
754.9843	1000.1854	728.917	997.98157
759.0422	900.5512	735.9642	898.3813
755.892	977.05304	730.94916	974.49615
824.9996	1160.012	848.04114	1160.8071
976.901	1318.9465	977.8257	1299.9429
1753.3542	1588.9912	1753.556	1619.9899
2174.9382	1389.5731	2135.0486	1395.3367
2204.8699	1390.1022	2296.1277	1376.8815
2386.7751	1160.1495	2286.1943	1186.7351
2356.4438	339.6018	2379.9373	322.27054
2443.8264	1227.9823	2546.5652	1210.4521
2419.9683	1483.6123	2590.0574	1469.7002
2733.3555	386.64572	2668.259	422.4709
2792.0012	1654.7593	2731.9998	1654.8638
2831.274	391.59177	2870.2285	371.5038
2865.617	460.21808	2879.6733	453.33322
2997.8574	1174.7883	2938.9734	1178.5856
3027.2136	567.5615	3013.8635	572.64105
16.786777	1038.9696	20.802612	1010.8291
44.11055	1042.0149	52.736538	977.8302
54.653522	1205.8435	84.41328	949.81555
299.97238	1728.8676	267.9067	1735.5524
511.0249	899.6664	542.07587	901.98364
560.95166	1256.9916	529.97656	1255.4805
578.70654	1310.9795	591.46094	1128.8922
815.85095	874.62976	727.8552	866.5828
770.90015	1591.1143	767.2934	1651.0778
1026.1252	1051.3429	917.98706	1043.1714
1741.6351	414.56674	1669.3604	475.42792
1765.0236	1453.1748	1750.0262	1455.1948
1886.9685	1054.3707	1795.8623	1046.6189
2009.504	506.22714	2055.7207	476.56473
2159.0022	1573.0717	2124.973	1574.0992
2582.8967	1418.0388	2535.9019	1423.087
2628.067	582.1405	2597.366	596.768
2604.9248	628.84576	2617.7893	622.5681
2604.6953	692.56067	2625.191	683.4282
2689.6763	322.04214	2653.8416	345.29678
2726.9817	1523.5579	2694.0386	1524.927
2861.3635	282.6637	2817.403	306.73627
2921.4285	248.77022	2876.8696	273.5631
2967.6777	468.28192	2911.7292	493.39706
2981.0044	1652.6796	3070.0151	1653.9044
27.00765	1380.6865	0.9499527	1380.0505
26.37794	1184.9109	30.690788	1154.8124
0.8209168	806.97943	98.832924	815.8467
48.62041	601.06934	42.34124	657.2616
108.103004	1745.7253	1.0666058	1752.1156
457.95123	568.8114	426.94305	566.94763
458.05222	596.2357	421.94745	593.76953
512.9539	1254.9366	483.97485	1253.511
559.11694	1568.548	574.4589	1504.6301
691.39124	1459.949	642.913	1474.3379
657.99286	1150.0967	681.0885	1151.799
966.8786	1037.9945	970.97144	947.90784
1760.5552	365.25595	1750.988	396.69202
1745.8842	1333.4082	1783.0276	1326.1411
1891.9939	1166.0476	1787.911	1152.6935
2124.9897	1616.3518	2197.987	1615.1917
2170.2415	1261.0522	2128.6758	1270.587
2144.5693	604.9214	2170.0916	589.1482
2428.9858	1610.1761	2602.9858	1607.1835
2626.0393	1240.4393	2602.9553	1242.5
40.643658	669.0772	25.873579	792.22473
497.8211	1225.9125	499.30856	1205.8744
687.97327	1586.2264	698.0304	1585.8787
725.3557	1203.95	726.83624	1184.9095
707.04425	1084.0973	760.5111	1071.0037
780.9558	614.95355	782.59076	542.9907
886.01434	1578.0945	807.6964	1590.0034
962.05493	993.19415	937.9624	991.55133
1499.6049	469.5017	1131.1156	761.6682
1319.1559	894.5188	1337.9609	888.8701
1845.6721	1499.0167	1844.6292	1416.0298
1946.0048	1414.7444	1911.9979	1414.1141
2256.9185	1492.7	2215.954	1495.2704
2296.8975	1410.1727	2257.8774	1415.0107
2467.3386	498.0196	2468.6694	475.03876
2521.673	684.2946	2641.8247	628.62177
2701.0085	1607.7748	2735.9998	1608.0189
2825.1465	339.3778	2864.7576	318.53925
2903.903	154.30472	2878.696	157.82294
542.0396	1278.2157	558.04926	1279.0239
477.0401	1021.4286	599.07074	1029.9918
759.92975	1650.996	764.2795	1574.9016
918.9454	1047.6447	988.04254	1053.4976
1049.9719	1735.991	1063.3439	1694.1099
1329.0922	1637.7826	1356.0712	1634.6039
1553.581	595.00116	1553.6376	615.00104
1746.6339	375.4291	1737.1362	414.7916
1736.6016	812.8995	1745.5022	1308.973
1984.9958	1579.0768	1930.997	1579.3188
2084.2808	505.83347	2086.0452	529.9967
2182.8958	1342.3774	2111.0693	1354.4136
2133.8323	1259.276	2163.1133	1252.4888
2185.998	1609.9475	2146.9983	1610.0197
2171.855	481.76672	2186.713	472.53784
2279.8997	1450.9961	2233.9585	1455.5835
2292.0657	1323.3771	2202.0076	1339.0442
2453.0051	477.01004	2470.914	467.8322
2557.8967	361.5813	2569.9583	342.973
2592.074	1509.0312	2544.958	1512.4165
2607.0996	1321.8969	2586.9045	1324.141
2953.4636	661.4468	3070.3691	621.069
3069.7063	616.07587	2962.4172	650.16595
532.95966	982.51355	507.95685	980.54926
1389.8086	1419.9847	1392.7698	1187.9843
1501.7701	637.7217	1625.1089	654.18396
1841.8887	1317.0326	1839.7487	1244.0367
1868.4716	1131.9996	1868.464	1145.0009
1952.0027	1547.1395	1904.997	1546.996
1987.6284	1448.992	1987.2966	1422.9962
1992.8036	1290.8085	2012.9163	1287.4924
2060.9985	1652.0167	2090.0015	1651.9736
2215.8643	1259.4188	2257.1807	1249.7736
2305.1196	1488.4175	2262.9138	1491.9781
2337.1714	832.662	2298.43	846.39154
2393.1294	1202.7893	2382.912	1204.4634
2545.4604	1206.7083	2447.7903	1222.7211
2518.9683	1336.7856	2462.8667	1345.1013
2596.7817	432.60468	2582.322	440.58374
2597.395	554.8131	2612.9434	546.8889
2637.9973	1251.9612	2601.9583	1254.3784
2816.789	303.63553	2837.7207	291.51767
2808.4207	261.73553	2911.8933	202.56206
2994.8723	1188.3862	2938.749	1192.8263
3070.0012	1659.5638	2983.0005	1659.4968
527.1294	911.106	525.2593	931.02435
545.0209	903.06744	547.87085	859.9254
568.9491	1148.857	534.9502	1146.839
561.9992	1232.0184	546.98395	1231.3749
588.0884	913.0667	506.86966	905.3766
629.1915	1484.0994	632.45526	1444.9546
827.78156	1590.3079	943.9096	1580.8861
942.9326	892.72003	1015.1423	899.48004
1770.0491	1560.0598	1771.4944	1583.0319
2008.0105	1546.7457	1965.0	1547.0043
2207.161	1277.8258	2265.8806	1266.3876
2320.2637	1310.4268	2216.1238	1329.6698
2459.0466	1316.3016	2521.1082	1306.6997
2526.1243	1305.8215	2579.803	1297.6981
2871.2034	374.38773	2826.454	397.86548
2921.9106	707.63684	2933.9226	704.6852
3045.575	48.338108	2995.623	80.412926
37.00112	1372.9543	0.94915605	1372.068
30.80844	1152.9768	34.578327	1121.8279
310.4647	876.9468	321.29333	768.0292
546.0287	1193.9061	547.9616	1173.8997
730.5184	1658.092	735.6837	1572.9202
787.644	1208.9791	790.33905	1162.9613
801.06116	1325.6239	685.0681	1320.4678
1580.4457	601.9912	1581.0779	633.9985
1832.8099	1476.0182	1832.5797	1460.9911
1879.0052	757.9101	1791.9531	752.7977
1883.0027	899.96716	1792.8699	892.58966
1880.0721	1306.001	1880.9409	1242.9441
2400.0942	1353.6285	2307.23	1367.5361
2372.0269	1201.1093	2358.8398	1204.3474
2466.953	1516.3323	2422.9604	1519.4395
2489.8577	1384.735	2433.8906	1391.0273
2573.9426	1555.4735	2511.9548	1557.7994
2585.1016	1282.6656	2606.0713	1279.4675
2621.3481	969.07404	2588.5522	979.7038
101.73551	814.8641	127.10762	578.79663
535.72296	1005.0616	543.7482	910.8933
771.79144	930.9867	765.9861	1022.06287
783.0014	1590.6997	770.9971	1590.6447
922.9078	1589.3883	829.86914	1594.7133
994.8127	1321.9915	999.0287	1228.9108
2010.7966	717.6488	2066.6091	685.3251
2175.1357	1279.6276	2124.8914	1290.4976
2363.9414	903.8472	2273.578	938.50653
2251.4846	569.1366	2335.1262	519.2113
2467.2637	539.534	2452.0293	547.0591
2526.9084	1424.0642	2467.887	1429.8458
2682.9082	1380.0254	2703.0125	1378.1322
2720.9453	1646.9565	2792.995	1651.0847
29.454403	657.0584	36.806435	599.8466
0.6232334	1674.9546	36.933945	1373.8715
0.8541717	814.62024	99.04877	823.4582
368.0085	1644.4149	333.9818	1645.1124
473.6021	690.1617	478.24762	644.1259
519.8213	952.9834	521.50543	934.8611
653.02045	1629.8179	625.98737	1630.4939
709.99756	1628.7914	721.0016	1628.7688
805.0783	924.93787	807.7093	885.91296
958.937	1218.0402	960.9082	1171.9961
2106.1372	1400.915	2040.2689	1410.7935
2092.582	1619.0669	2086.7258	1495.013
2498.8984	1470.6667	2440.9302	1475.0818
2627.174	1007.58405	2591.3733	1018.25287
2662.2473	956.7979	2636.2651	964.85504
2733.9973	1658.9127	2764.0305	1657.9847
3012.978	853.36066	2969.8335	850.7338
0.8589636	1446.9867	5.6841464	1395.7817
242.76653	1568.0688	243.7715	1556.8895
557.00183	1658.5148	522.99475	1658.3856
753.12103	1217.0074	747.2203	1313.075
763.7365	922.0433	766.26416	879.0155
971.4923	941.0231	973.4604	898.97473
1006.57886	1041.0269	1010.7516	950.9422
1028.0184	1054.9647	1034.1626	883.934
1400.5564	1573.0067	1405.2094	1184.9905
1826.5975	1140.0227	1825.8031	1125.9547
2022.3284	706.56995	2003.3049	717.52924
2218.242	605.7456	2171.4204	634.0411
2215.7207	1241.818	2249.713	1233.7854
2263.7783	804.52313	2355.0415	762.0894
2298.0942	1319.5049	2321.0405	1315.2166
2328.9563	1211.7539	2310.9902	1214.9446
2397.4028	506.66003	2411.1604	498.26276
2452.9211	1346.4758	2413.9019	1352.3483
2474.994	1603.2797	2429.997	1603.6647
2532.357	1183.1849	2425.2363	1207.6576
2557.9062	1376.1963	2498.892	1383.0735
2659.051	350.36786	2683.5054	336.14935
250.83025	1485.0618	251.80309	1471.9854
239.64096	1404.4957	279.50443	1414.0646
412.0933	761.11035	392.42123	956.0425
514.9938	1230.0966	486.9812	1228.292
682.5399	1088.0414	665.4879	1131.8004
715.7674	852.98376	703.408	1030.168
721.91284	1260.9122	723.5295	1240.8813
750.8938	878.997	750.3885	896.98285
763.99243	1575.2217	741.9933	1575.0853
772.88934	1548.0879	771.0781	1587.0037
1018.9925	894.0774	938.9672	886.3386
940.99506	937.04987	968.125	939.73834
981.35236	1216.0159	982.1663	1197.9624
982.15546	1194.0073	983.0488	1174.9554
1863.3778	974.91644	1864.1781	988.1105
1868.8357	1321.036	1868.401	1306.9875
2099.614	1232.637	2027.3163	1253.1165
2258.973	1569.1913	2219.9832	1570.5005
2454.8726	1188.4221	2494.1672	1179.7583
2627.9878	1660.2278	2664.0042	1660.5887
2670.8223	995.37805	2639.389	1004.3611
2655.9458	350.96674	2642.7722	372.47305
2683.9556	1423.4795	2718.0488	1420.5714
2944.2344	426.499	2897.262	448.55795
3022.9917	969.8862	2996.0596	971.82794
0.7936128	538.7267	272.10098	571.1552
517.7356	976.9738	519.5302	958.85443
524.9314	935.076	523.3853	954.03143
737.06506	673.72705	708.2506	706.11273
719.0725	1154.887	790.09686	1159.5133
756.98676	1021.9991	763.1506	929.8763
771.0837	999.0192	798.0579	1001.3211
849.87115	1160.9927	850.7895	1144.9308
926.7831	873.044	917.05255	1046.1154
1549.9971	1714.1005	1407.9985	1714.5652
1828.864	1296.0297	1828.4973	1281.987
1833.3181	985.0192	1831.3152	914.04755
1892.9478	1232.3721	1800.7999	1219.4237
1881.6141	1324.0289	1881.2999	1308.9938
1995.289	1647.0311	1994.106	1619.9954
2220.9985	1652.4004	2624.0042	1653.896
2374.8577	1304.8673	2400.9482	1301.5883
2402.7017	467.19693	2427.8525	452.4545
2647.4443	821.19104	2618.0579	832.15485
2794.9817	219.64383	2763.0295	238.72406
2885.0312	1032.1945	2866.858	1035.1161
2859.8496	501.26138	2897.7065	493.55786
2585.9294	1728.0471	3068.9753	1744.7174
356.0991	1460.0101	351.35666	1506.1395
493.4891	1274.9512	495.411	1254.8481
468.84293	817.96356	848.13544	848.3072
695.95966	1659.1215	678.9496	1659.9022
705.9792	1657.3275	727.0054	1657.6573
735.9936	1290.1124	706.97375	1288.4609
738.0054	1265.9153	708.99457	1264.0864
760.1096	1182.6299	771.0396	1183.5046
771.66376	509.09305	781.4331	505.47095
805.012	932.9014	769.92505	928.6135
785.722	1004.1591	783.973	1023.0899
954.28796	1321.0121	958.27795	1225.9277
1772.4341	356.70273	1764.4257	398.891
1922.8334	1513.0035	1922.2986	1487.9723
2298.9204	819.808	2284.4973	825.7876
2301.9023	1448.1012	2285.9817	1449.8326
2446.39	547.7225	2403.475	570.8806
2503.9692	1558.1567	2446.9722	1560.2427
2581.9294	1113.6194	2559.156	1117.8414
2611.362	512.7144	2590.6218	523.22687
2771.946	1454.2803	2847.0483	1448.6455
2860.3586	419.77838	2874.214	412.50317
3012.4136	239.77826	3068.1018	210.19139
381.41473	1279.0385	390.8802	1176.8962
574.08215	886.0073	572.5513	903.1386
744.8214	1206.9885	747.83636	1159.9254
785.9968	1187.0571	759.9658	1185.6177
1238.2562	1545.3354	1216.7922	1561.7279
1612.8223	592.546	1623.8682	575.9125
1768.8347	1494.0044	1769.4469	1517.0148
1876.9716	1146.0289	1874.9438	1074.0298
1955.2393	1479.9889	1954.0803	1454.95
1993.6293	740.4158	1964.099	759.15607
1987.1163	1308.495	2019.2229	1300.9485
2009.2609	1455.9906	2010.0574	1477.9979
2138.9714	653.9503	2095.408	678.96906
2185.9707	1424.6637	2160.9	1426.8566
2193.9585	1571.2102	2167.9778	1572.5785
2321.325	320.10547	2362.3533	289.14288
2433.55	445.96674	2432.5186	428.90817
2555.8691	1166.421	2957.1719	1075.7605
2958.127	1062.4982	2853.5498	1089.1571
0.9023076	1213.6271	51.08166	1216.6399
0.96197474	1206.0514	49.00763	1207.7891
322.68942	755.0557	326.32977	710.0267
565.7101	987.05676	564.26764	1005.1013
569.7966	1511.2733	563.7452	1528.9126
623.00336	1675.7238	692.0053	1676.5636
682.9657	1651.7399	695.9833	1651.3856
785.1248	1657.3682	730.0144	1660.273
736.92474	873.82043	807.96924	880.3355
775.17474	922.4177	804.15265	925.6179
999.3087	1221.0155	1001.63135	1174.931
1599.8253	600.02795	1598.5061	638.9833
1730.3362	394.81787	1723.9772	417.99374
1795.5046	339.83505	1789.7534	391.9728
1874.9243	1504.0457	1873.3937	1467.9833
1924.9713	1306.6235	1981.9888	1309.2446
2211.3257	562.52356	2274.2476	523.3981
2336.116	332.99445	2338.1301	375.08948
2431.695	931.02625	2408.2893	658.9751
2452.183	1216.8649	2506.0947	1205.4478
2613.9548	717.57355	2557.635	741.83075
2615.6418	465.369	2540.128	508.22552
2885.2625	992.32104	2896.8643	982.834
2938.7827	384.55844	2891.8186	407.6641
3013.9592	826.68463	2952.997	823.0474
3047.9517	1022.41315	3062.021	1021.25323
1.0487539	1175.0038	2.6947982	1153.8982
494.59082	832.15314	477.1554	1013.3037
520.4934	1651.0479	514.766	1710.171
658.26184	1132.9381	656.8266	1150.0692
706.0895	1573.063	701.06506	1660.0038
764.89185	928.2703	726.9118	925.03595
1614.7709	635.0083	1613.2535	592.99084
1711.8223	666.0386	1713.013	578.9865
1768.4115	1431.9916	1768.8428	1452.9827
1752.9476	1398.6198	1787.261	1393.8964
1810.3318	1118.004	1810.497	1145.0092
1836.2797	1461.9667	1836.6984	1478.0339
1852.8464	323.6008	1844.9875	365.9977
1887.2323	1507.0184	1885.3324	1428.0642
1900.4796	1739.0254	1898.0193	1592.0499
1887.0016	1389.5916	1947.0007	1389.8209
1914.1284	819.96173	1930.1014	1291.0643
2048.0908	1357.4095	2030.831	1361.2385
2495.0583	489.99393	2485.7825	400.91852
2624.1985	544.38226	2594.4375	559.8423
2678.8909	1252.2573	2697.086	1249.5842
2865.8733	512.53687	2964.8494	478.4679
2958.135	949.83734	3070.102	945.89557
3063.1394	442.15872	3048.2283	455.2598
512.9896	1710.327	404.0155	1712.0059
738.4746	1312.029	744.3473	1215.899
789.76465	934.05444	788.409	953.1003
802.29346	1328.858	812.0416	1142.9497
1752.4214	407.5263	1767.9474	355.78397
1788.0358	1524.9983	1789.1871	1549.9913
1791.2147	1657.0359	1793.0874	1697.996
1829.4075	1107.9847	1829.5602	1122.0156
1836.9502	1481.9534	1837.7374	1498.0128
2058.2253	573.9233	1906.6721	670.4853
2397.09	1366.5807	2317.3027	1378.953
2567.2505	449.44022	2553.9907	456.9836
2598.9614	886.88165	2585.1233	891.3794
2642.911	999.66626	2660.0247	995.0919
2661.846	1209.77	2696.9285	1212.8217
2895.5505	838.8076	2857.9727	864.4267
2.3759606	1151.0544	6.7514167	1120.8193
349.41656	1628.0408	360.09705	1518.9116
381.81705	1445.7434	357.56314	1439.7754
500.35794	1191.9425	502.24762	1170.843
629.0142	1508.9297	626.6636	1541.9048
743.878	1504.1051	745.8989	1467.9944
736.9837	1651.7847	758.99316	1651.4901
953.9467	935.9983	954.4634	919.98267
977.9187	1296.9963	978.8177	1276.947
1399.3236	1670.9901	1400.6982	1576.9956
1451.4464	535.6282	1480.3639	492.57278
1643.3247	1521.1007	1653.3444	1488.7966
1838.4695	1142.0404	1836.3815	1063.0692
1927.5864	1647.9775	1926.51	1619.942
1989.6221	1514.009	1988.9788	1487.0005
2143.0156	1703.679	2105.9573	1701.8842
2398.5566	570.1718	2409.603	564.25854
2734.0037	1610.8877	2695.0002	1611.054
12.453595	599.0597	9.409048	622.1855
51.988693	1204.0814	0.86300397	1196.9873
75.22591	606.0252	72.65293	629.0729
239.26285	1602.0214	240.172	1590.8512
281.44122	1410.3428	239.6708	1400.3802
513.7978	759.1514	321.7424	502.69516
551.98145	1171.4966	564.96375	1171.0175
775.0677	880.9537	772.9773	923.0485
820.1548	1039.955	829.4862	864.9193
1012.08844	1332.3016	905.973	1328.8229
925.9925	1247.2911	938.991	1247.1532
1223.0369	1035.0968	1242.8298	1027.5536
1558.0554	711.6268	1350.7249	680.8542
1386.2677	1698.0037	1389.4077	1471.9779
1735.8428	747.9933	1735.6099	788.00354
1873.9955	1069.0366	1851.8386	1066.3131
2084.1624	1015.4018	2028.3842	1037.9503
2086.2117	1485.0425	2083.0278	1425.9985
2109.1494	1372.9679	2176.0974	1362.6311
2199.0005	1646.0378	2173.0	1646.0261
2605.4724	684.71027	2620.4253	678.5946
2697.9397	1260.6156	2676.9846	1263.9019
2730.9963	1567.3289	2698.0027	1567.5062
2752.6846	570.56616	2764.816	561.74677
2786.7268	584.5015	2818.1506	567.27466
2856.2922	244.52692	2837.0972	255.17519
3033.2551	139.43962	3012.7727	151.33095
3070.4521	637.9964	3070.62	659.00305
0.85663384	790.20245	11.069143	791.42004
470.72696	1304.9788	478.6532	1202.973
729.6862	927.0423	724.0731	1018.06616
730.0858	972.0967	756.0415	974.56287
756.6393	1160.9785	753.8391	1208.1093
773.99243	1586.4976	782.0057	1586.3768
1332.3429	632.3672	1216.5344	705.2604
1558.0514	671.6799	1334.8585	635.8824
1755.2141	1656.0002	1755.1671	1696.0002
2099.7239	535.1062	2100.9702	514.87494
2226.0234	1353.1594	2275.9724	1345.8121
2457.49	287.23926	2343.9158	261.36963
2540.0037	1601.2432	2483.9863	1602.0703
2610.08	835.20197	2572.4402	850.1115
2728.3735	341.0535	2731.382	320.05475
2849.9736	1037.845	2832.7896	1040.7595
2785.0117	1603.7452	2864.0078	1602.4923
522.9422	1146.0098	489.93588	1144.1196
511.91333	858.9375	509.60767	899.0349
571.07806	915.06934	569.7934	935.051
696.68616	1135.978	683.52856	1324.2466
767.0257	1242.238	755.98895	1242.4673
766.99945	1023.00757	797.9789	1025.287
784.9854	504.0652	785.9068	475.99695
786.8108	1557.046	785.83344	1638.0221
831.2834	1487.9612	826.1898	1582.0103
879.1152	1570.2194	904.0477	1510.0198
926.0003	1227.0	921.48114	1319.0728
941.0783	917.00385	940.14636	936.0072
1349.9417	676.4245	1563.0399	705.70917
1758.0145	1700.6912	1795.0267	1702.4319
1829.9268	837.0198	1828.6908	770.0426
1868.6477	1303.033	1868.2817	1287.9932
1872.4229	1308.9805	1872.602	1322.0192
1920.6819	1447.0154	1919.5137	1422.9266
2103.9849	1411.8997	2047.2128	1420.4182
2133.9446	1276.7567	2172.016	1268.0706
2424.0012	1649.0557	2324.999	1649.1636
2770.9246	723.04425	2802.9927	721.808
9.118742	628.016	5.721656	653.23193
382.2694	1169.9303	372.1558	1275.9194
420.44556	865.9529	412.2864	961.93933
417.0317	610.724	457.1909	615.3388
576.0981	1316.6163	453.1005	1311.5566
495.5826	1249.9604	497.48758	1229.8567
484.05115	1250.9198	512.03577	1252.2448
565.9545	1174.0458	550.98285	1173.3949
608.01544	1709.8613	555.9843	1709.1555
1749.2786	1401.9912	1749.9452	1423.0017
1829.5996	1315.0073	1829.3237	1299.994
1868.1414	840.00073	1868.5045	767.97736
2054.9504	893.0028	2048.6558	781.01935
2190.0403	1497.513	2164.959	1499.4779
2309.8752	500.79907	2369.0354	464.05704
2401.9907	1294.9436	2377.9885	1298.9312
2878.1565	983.743	2860.1143	987.5427
20.088915	947.7402	67.99146	951.121
350.3222	1515.9346	339.4995	1628.0482
509.99753	1280.0405	496.9852	1279.2411
521.08374	1196.0061	524.6876	1146.0496
534.06506	1147.0044	530.717	1196.1171
521.9982	1304.3143	557.00275	1304.5105
705.87726	1466.0519	702.51117	1523.0302
711.59467	1503.0564	712.27014	1483.9741
917.08527	1053.8257	1026.0916	1061.738
951.93665	1448.929	950.6591	1468.0441
1409.3993	1707.9711	1415.2557	978.994
1615.0273	576.7189	1551.9438	570.577
2162.0017	1646.3939	2127.998	1646.5404
2263.0012	1646.5166	2222.9988	1646.4083
2511.0	1646.395	2454.0	1646.4021
2578.2432	568.505	2564.9539	574.9041
2618.5305	707.4743	2650.1843	714.1223
2804.3225	551.57196	2831.5588	536.2172
3001.5386	775.3233	2967.8755	798.28375
7.1310034	1116.1514	10.91666	1087.8551
310.89886	755.8946	300.27255	866.93036
391.66104	1166.0521	395.05545	1123.0044
541.7455	1251.9004	543.32886	1231.9468
719.74884	1565.0226	720.0817	1553.9723
813.02014	683.0104	823.8947	661.9457
1128.1025	758.9266	855.0158	732.83466
1824.9828	1103.0426	1824.3517	1087.9852
1829.4968	1126.8783	1830.5736	1140.116
1899.9536	759.4263	1928.0558	762.48755
2027.7681	1042.4216	2084.815	1019.53876
2102.279	750.9303	2130.03	1260.0529
2586.124	813.33	2612.4143	803.44275
2590.8108	1193.93	2622.0713	1188.4027
2751.9102	814.849	2781.2395	797.4027
2882.0002	456.0006	2837.3843	477.78677
3070.5212	699.004	3070.6396	713.00305
67.08265	672.1291	63.749466	700.08936
379.47253	1127.043	364.86185	1287.8966
529.93695	1204.9948	521.83636	1303.1515
656.98303	1417.3373	637.9769	1428.9623
731.68964	1160.0273	730.8188	1181.9531
764.17566	1532.7574	718.0942	1530.2614
1008.93475	1166.2772	924.9495	1161.9882
1569.3002	1724.033	1562.3038	725.01886
1752.2946	406.85245	1815.6958	392.6428
2722.9307	1480.0546	2688.9668	1482.5461
2867.5635	319.04614	2859.3223	241.07162
2876.142	415.27704	2832.7822	437.52454
2885.7341	476.15387	2868.2373	332.21426
3049.1206	449.0997	3058.5872	437.6584
413.5634	803.04584	409.9885	846.9991
418.43076	851.9572	420.1549	829.01166
458.00912	609.89124	415.9693	606.3662
699.05505	1550.1993	684.56146	1585.4078
875.10345	1509.8691	877.02124	1569.9993
900.58234	1438.8392	897.25824	1468.1427
931.31323	1566.32	952.8395	1477.9609
1409.0146	1188.0001	1404.3894	1572.0167
1815.829	1068.9756	1817.8895	1139.062
1925.1177	1579.0153	1924.7029	1554.9879
1931.0366	1291.224	1974.0353	1293.2502
2200.7961	623.6238	2221.2834	612.5231
2318.002	1646.6514	2271.9978	1646.3888
2329.8245	531.7068	2259.0483	574.0809
2355.9849	766.96704	2266.875	807.72687
2599.0027	1600.1628	2551.9824	1600.9418
2584.4722	475.94684	2613.261	461.52103
2807.4395	580.2806	2781.1082	589.3151
2969.0095	489.0119	2952.9512	501.9392
779.1686	1067.1294	754.32544	1062.3191
879.0005	1603.71	852.99976	1603.7007
855.9444	735.0542	927.5119	808.5012
979.1621	948.9644	975.3387	1039.0568
1832.3911	1282.9706	1832.6882	1297.0277
1847.7573	990.00836	1845.3752	920.98706
1960.2219	1613.9601	1959.3715	1587.9552
2051.0806	662.1303	2096.885	633.81384
2127.217	1294.0166	2177.2834	1283.3278
2306.7659	629.0167	2302.3425	567.04694
2350.0322	1710.1311	2303.0225	1708.3906
2573.4587	483.04907	2567.025	412.0884
2582.9695	603.9432	2569.9685	610.9417
2863.113	528.25476	2884.3652	518.8232
3033.053	442.56387	3012.9487	444.45404
488.10715	1145.0071	484.92358	1193.0612
697.64514	1096.7327	708.80096	1086.9097
725.0421	1262.235	738.05774	1262.9512
799.58984	1593.0532	803.6318	1472.1884
1105.2349	850.9651	1079.329	1419.0605
1785.6979	1397.0078	1785.8177	1417.0071
1819.0044	1241.9999	1821.013	1314.9996
1828.9397	769.73016	1807.918	767.99255
1832.8107	1457.0337	1832.3839	1441.9608
2084.2114	1026.5181	2030.2241	1048.5492
2101.4336	514.5287	2117.972	500.96567
2261.0627	1262.29	2205.8335	1274.2296
2499.0544	1738.8429	2224.955	1725.9559
2346.2627	1159.058	2335.4817	1022.1195
2385.0432	1713.0629	2383.9224	1696.0051
2455.8013	1206.9502	2533.0623	1192.3292
2542.5017	241.25836	2564.6042	226.41087
2837.5095	430.9745	2858.492	420.9378
3070.4775	174.00171	3070.5757	204.00139
317.59247	692.05493	312.49634	747.046
543.53674	1505.6583	550.05804	1534.987
741.5189	1471.9675	739.35394	1504.0239
924.1766	811.83307	791.98456	672.01465
966.6025	1225.9824	962.3589	1322.06
1017.73065	902.0346	1010.90845	1045.9956
1842.1953	173.99785	1842.1016	209.00563
1992.3359	1580.9891	1991.4952	1554.984
2067.1252	1104.994	2064.3083	1046.0331
2092.0063	1708.8163	2195.0227	1712.3367
279.18024	1106.1194	266.85403	1227.9852
313.56967	647.0616	289.55853	869.16846
511.92206	1302.9935	520.09393	1203.8429
616.7464	1590.9795	612.2898	1646.1042
618.79504	1548.9398	616.9432	1586.0471
710.0309	1216.0018	705.9734	1285.9984
754.3753	1664.2633	711.98816	1703.9185
726.10815	924.00604	728.1272	888.00714
746.9683	1159.6324	716.9435	1158.1299
788.21106	958.01495	786.9276	976.13654
790.82025	1221.05	785.94403	1300.9966
985.748	1472.4974	995.5758	1457.7179
1960.0195	759.80884	1900.9216	753.76697
1952.1173	1392.6514	2035.1954	1386.7521
1987.4109	1293.0264	1966.2312	819.03436
2016.6293	922.2191	2079.6633	892.2908
2082.107	1686.9237	2083.15	1702.0586
2098.6167	1654.9575	2101.8564	1702.0099
2294.2869	1222.9816	2293.389	1208.9751
2355.6394	367.97687	2354.6965	341.93857
2609.7903	1009.27686	2625.6187	1004.6851
2945.5825	604.22205	2956.622	598.2961
2956.0142	1695.647	2861.9646	1691.8888
3035.151	581.4129	3015.2517	588.68866
3064.02	1015.21954	3043.9133	1017.04315
3070.4814	730.00006	3070.503	938.00006
3.3290844	666.9382	0.92817044	692.9934
83.136604	1728.3331	42.05559	1732.5425
557.25806	1498.4468	543.72845	1506.2612
705.7185	1289.9769	704.06934	1310.0876
732.0155	871.07916	731.0703	919.0408
981.794	900.04767	979.2724	942.07635
1076.4557	872.02185	1050.2012	1420.0096
1813.8754	1137.003	1812.407	1076.99
2011.7358	1522.952	2013.175	1545.0537
2046.9974	1643.1407	2120.0095	1644.4795
2135.7834	721.6338	2107.2834	738.47974
2130.1196	1341.9906	2126.433	1294.8878
2576.1155	1337.0619	2573.8699	1304.9392
2631.881	833.70996	2648.0354	827.0866
2635.0051	1649.7339	2689.0046	1650.7511
2802.9995	1654.5177	2869.0005	1654.578
2947.4963	469.06567	2901.2766	490.59396
2959.9507	721.0221	2919.001	722.0433
3069.721	579.7305	3042.5576	606.53845
468.36258	1121.0319	451.30527	1315.2025
508.28836	908.02515	500.09036	1002.09503
658.9975	1612.5286	638.9979	1612.434
1833.9484	1496.0419	1833.3496	1480.9861
1867.5831	1112.9973	1867.6477	1127.0016
1871.3818	1269.9697	1871.7114	1285.0063
1905.0193	1377.3771	1989.0007	1379.9773
2056.3594	1053.9161	2057.5964	1073.9633
2267.3545	811.5572	2358.3745	770.837
2317.838	767.01227	2308.0212	637.1496
2382.91	1613.0829	2371.8823	1468.0089
2561.856	742.52106	2533.342	783.8563
2573.2043	668.48096	2643.419	638.633
2653.5469	719.7598	2609.2563	708.9493
2543.782	837.42676	2655.9238	794.7996
2901.3176	759.4547	2886.304	778.24286
2950.6375	611.1227	2965.9207	604.8078
2963.9998	819.61145	3013.0002	819.63934
71.90083	634.225	68.955345	659.11304
278.37567	1231.9353	290.39893	1115.9377
291.37036	1103.0288	295.6447	1047.9724
353.1859	1427.0204	328.14148	1655.0155
565.8931	1206.321	527.89905	1203.2479
553.99634	958.0512	581.0725	959.9851
590.94415	916.99536	584.01105	1001.0009
713.0008	1701.596	611.99725	1701.3999
766.9688	1651.4583	779.9833	1650.7091
962.0953	1467.0143	947.08044	1567.0121
1828.4884	1089.0083	1828.7302	1104.0205
1835.9275	1441.9645	1836.5812	1459.0161
2017.5798	1656.0118	2018.7626	1698.0348
2064.1672	1206.9347	2065.5125	1230.9713
2255.7913	1464.0168	2258.1343	1492.9891
2285.9746	781.0771	2271.0244	582.1485
2334.4692	1012.09174	2330.45	945.03296
2583.6978	851.1841	2607.1792	842.48376
2864.9536	1379.8104	2885.0024	1380.9554
3008.1099	492.96533	3028.5034	475.4228
0.9868247	1384.5901	23.012936	1384.3843
63.93953	815.7114	25.958937	812.4831
59.112434	736.01215	56.28433	762.13904
394.70618	1694.9756	467.58203	816.0483
569.474	939.1297	567.80725	958.07104
707.01117	1510.2677	777.01013	1511.3333
912.8784	1147.9932	902.4329	1333.0808
927.6816	1162.0161	927.3624	1215.0143
1612.5803	1525.0054	1613.0297	1559.9996
1802.0643	816.99725	1803.0105	839.0425
1825.7188	1121.0283	1825.4088	1106.991
1963.8115	1698.0067	1962.2413	1653.9558
2293.0415	1708.2681	2251.9468	1705.9424
2832.0234	679.0913	2847.058	675.22626
2836.1262	574.5483	2868.2632	567.1426
479.01266	1199.0885	483.21518	1151.0188
969.14655	1172.0469	967.1857	1220.0485
1820.7437	947.0715	1819.997	933.9433
1854.153	1072.9956	1856.1913	1144.0232
1864.7908	1144.0476	1864.275	1130.9498
1957.7579	1548.9762	1956.8469	1519.9734
2001.7924	684.66046	2040.4109	661.03687
2140.3586	1584.0541	2142.6414	1611.1146
2161.9573	1545.0026	2163.6233	1573.0223
2165.4001	1618.9655	2167.9072	1648.008
2250.2341	1234.0494	2218.2751	739.0468
2251.3542	1388.0504	2253.619	1417.0298
2360.1758	918.4589	2283.6787	947.7715
2403.0205	1326.1033	2453.0269	1316.1348
2482.0212	1715.4558	2423.9539	1713.1771
2622.044	1193.2877	2581.0803	1199.5278
2728.0059	1650.7195	2695.002	1650.5662
2751.1685	834.30426	2785.2473	815.4469
2779.931	1052.4452	2769.8384	1053.7015
2842.3	471.5921	2855.9126	464.8242
2860.9841	872.4299	2903.918	842.8807
740.52386	1575.9728	736.17896	1652.0673
790.0002	1161.9951	757.96967	1160.8417
911.53937	1489.0344	914.35065	1444.9586
926.0422	1216.2034	957.06116	1217.8447
970.0118	1218.7633	998.09155	1220.1613
1165.0393	1430.4518	1133.9126	1428.2178
1242.9731	1026.0051	1243.2316	926.0058
1670.5154	476.76602	1712.1422	527.8842
1739.5311	781.99884	1739.4407	740.999
1858.7196	1247.984	1860.3398	1321.0369
1864.1703	1125.0255	1863.7385	1110.9773
1896.0511	1418.7198	1806.7433	1402.405
2047.8623	774.0052	2045.8301	720.0064
2073.83	1231.0088	2067.7158	1113.0148
2096.6274	684.8009	2089.0308	699.01636
2144.14	1655.9893	2147.854	1704.1654
2187.415	1582.0376	2189.2732	1610.9824
2292.0813	1199.3165	2388.1692	1174.6597
2358.891	1215.4154	2374.1082	1212.5798
2370.8994	1455.0737	2366.1353	1383.991
2231.9407	1714.5134	2524.9993	1726.0186
2591.9648	727.86444	2638.9478	727.3389
2640.2341	586.0655	2623.2317	387.15115
2651.739	806.3156	2551.5789	844.5177
2664.5664	315.93005	2711.7349	287.20667
2691.999	1488.9524	2704.9934	1488.6816
3010.0586	615.52576	2972.0764	616.9855
3070.0864	523.999	3070.2576	539.0085
361.10056	1506.1154	366.25928	1456.9224
483.45706	1202.954	475.04526	1302.0887
708.2793	1551.7299	705.86066	1567.1351
724.99634	1019.0498	754.0602	1021.17755
808.5985	933.9743	802.76324	1025.1129
954.0319	1444.8358	908.79706	1436.0443
1010.9396	950.62085	979.9412	947.6037
1048.3198	1458.9255	1040.7345	1528.19
1395.3743	1293.99	1394.5383	1346.0087
1734.9808	732.1608	1581.019	713.84
1810.618	327.98395	1791.9943	334.9847
1817.2322	1314.0425	1815.6469	1248.0325
1833.2828	1301.9844	1833.442	1315.019
1917.0209	1703.9083	2083.0557	1707.0809
2062.9714	958.5194	2037.9556	968.89294
2183.0378	1508.0828	2185.4363	1535.9624
2285.1172	1500.9917	2287.1697	1529.988
2325.9937	1323.9562	2306.955	1326.6871
2389.9895	1619.128	2414.0103	1618.8362
2557.205	1112.9802	2539.1218	924.9883
2980.169	751.4376	2962.2812	777.86707
2973.2776	786.9136	2995.911	771.8661
45.9363	1053.1205	0.9679454	1050.5638
263.4162	1613.041	279.85535	1446.0842
507.65808	1146.0793	506.60495	1168.0768
523.1032	959.1118	521.1763	978.11926
556.3042	1537.9501	554.0708	1569.0768
748.3239	930.028	746.5842	950.1371
755.3162	1554.0238	754.4837	1565.1115
786.6996	981.0354	785.7887	999.0399
973.75183	1504.9388	981.47577	1473.624
1813.721	1290.9899	1813.4906	1320.0039
1821.6913	983.0514	1821.1769	969.9538
1823.5854	916.98376	1823.4359	930.0165
1797.9626	1380.9644	1898.0488	1377.3547
1844.109	840.022	1842.6791	781.9833
1858.6459	932.0344	1858.3135	918.96655
2172.779	638.8914	2165.4788	653.7438
2276.8374	941.575	2363.7417	908.32465
2373.6472	1695.0214	2374.8	1714.0121
2482.455	965.95953	2468.5864	809.9479
2581.0017	1646.4276	2520.9988	1646.6569
2603.9888	885.9833	2603.4583	918.0242
2639.9438	959.77	2651.9607	956.83875
2666.3376	951.1582	2663.095	917.0861
2897.948	695.2247	2912.0188	694.28204
2969.4468	618.23987	2955.537	628.364
3070.2559	1560.9994	3070.4678	1648.0013
278.214	998.2446	251.72588	1237.9697
260.88312	1225.1108	264.52698	1196.0662
319.31635	502.28787	299.87155	498.69525
299.25208	832.02515	306.83707	755.98376
1877.2913	1468.9731	1877.6256	1485.0286
1886.219	1531.9279	1887.2323	1549.0454
2274.9038	1349.008	2277.0063	1374.0834
2392.8584	478.19672	2390.1665	448.89285
2451.1018	1195.4507	2503.1558	1183.6892
2548.6077	659.0408	2524.9285	431.2153
2591.9785	974.9167	2603.017	972.06616
2628.1865	915.5712	2661.2527	904.7742
2952.9385	490.8252	2965.4932	486.39883
2989.6987	126.51164	3062.848	81.3742
507.03876	1168.3516	519.0556	1169.0698
619.8357	1650.0732	623.60693	1607.0532
1016.45154	1336.9774	1023.96027	1154.9572
1393.4374	1458.0065	1389.8771	1698.9982
1820.751	1501.0059	1818.9974	1426.9763
1863.2625	1427.9606	1865.6057	1503.0435
1876.1339	1430.9598	1877.4104	1466.9855
1952.8682	1522.0734	1953.7273	1547.0438
2035.0173	1621.9988	2036.7686	1646.0168
2090.1494	1702.0542	2089.2537	1687.9839
2100.9705	1451.0024	2098.9568	1426.92
2191.487	1656.0376	2195.2256	1707.0568
2280.124	1422.9897	2282.507	1451.9583
2517.1262	1205.7162	2535.0967	1202.5491
2563.2024	732.9042	2618.767	711.76013
2635.1682	1619.0745	2609.8462	1336.0138
2671.2375	991.1997	2667.3706	957.07135
2825.039	1013.0932	2839.0906	1007.2166
2774.958	1504.1627	2851.9644	1500.2915
2854.1821	593.6699	2838.949	597.8121
2897.995	1484.3789	2874.999	1484.0824
2926.022	1142.0667	2941.9412	1136.8215
2994.861	887.36676	2981.836	882.4328
7.1448517	1155.0199	3.2541847	1183.31
264.7093	1194.074	273.79922	1106.979
403.7295	909.9424	402.8652	928.9939
829.69196	866.2701	715.6676	855.5283
787.9361	1217.927	751.9005	1215.444
959.3776	899.9523	958.2162	915.0933
1307.9877	1851.7032	1272.9984	1851.0896
1404.2714	1579.0039	1402.8292	1678.0121
1630.3016	1481.5016	1615.017	1490.6914
1827.6171	1257.015	1827.4652	1242.9841
2049.9263	1413.5167	2102.9116	1405.4211
2260.5725	1540.0377	2263.2996	1570.9736
2538.9885	717.965	2529.079	721.2395
2604.442	512.05817	2601.2148	481.08182
2694.0642	1339.7074	2676.031	1341.3419
606.7994	1648.982	604.11926	1679.0106
751.42816	1565.8942	752.29913	1552.9529
768.8126	1268.987	767.4298	1289.0297
850.8301	854.7323	1058.985	875.1536
1711.2001	528.95544	1712.9858	577.03766
1819.7191	929.0309	1819.4039	915.9661
1835.402	1423.9832	1835.5828	1439.005
1863.6415	1107.0325	1863.3048	1092.9688
1968.7874	1022.9704	1978.9442	1293.0021
2014.1945	1287.0361	1993.535	826.0208
2039.2849	752.9962	2039.5514	773.006
2064.9883	799.045	2064.0505	777.9533
2077.8074	1498.931	2078.7637	1523.9708
2133.0957	637.1652	2103.5708	654.25854
2132.8662	1441.0858	2134.9043	1468.0072
2165.8293	1252.0096	2136.698	735.9606
2290.9365	1191.7432	2388.1704	1167.6884
2597.2017	920.0718	2599.1235	887.88794
55.411636	767.16144	52.437443	793.1644
315.89624	662.0904	345.67606	696.28217
520.82947	983.0542	519.5894	1002.0385
751.98846	1553.3248	739.0048	1552.8644
791.8513	904.06415	790.41626	923.10675
1270.4032	1848.1895	1298.5577	1838.6451
1394.4489	1349.9906	1393.2365	1421.004
1806.1516	836.97534	1805.1025	788.0192
1831.2968	1243.9712	1831.6307	1259.0082
1840.0651	319.18967	1845.0519	291.18732
2069.6606	884.0086	2069.1006	861.97205
2107.0156	1585.065	2105.3662	1560.0417
2136.8367	1512.944	2138.52	1538.099
2209.9534	1328.0554	2207.307	1278.0897
2339.853	841.0279	2299.077	852.8031
2426.8726	1289.0085	2423.3796	1236.8407
2589.5479	637.0464	2574.6733	492.13617
2605.1565	478.0811	2608.2324	510.0738
2607.6887	795.9258	2612.9756	773.7557
3026.818	490.69882	3016.1008	497.16718
63.14534	705.01843	59.83185	731.10565
712.3913	1151.0558	711.5035	1205.0248
770.1058	1243.0552	769.105	1263.1051
774.7879	1162.9939	774.2054	1183.064
915.5253	827.4593	794.5526	702.43286
1106.8563	1460.0474	1102.4302	1540.0791
1820.792	966.00616	1820.3755	951.98883
1822.794	1421.0056	1824.8237	1496.0319
1812.4897	332.14508	1834.1895	303.9143
1861.3617	1510.0201	1858.8737	1430.9725
1878.046	1489.9578	1878.6558	1505.0543
1952.6758	1415.0182	1951.3834	1391.9785
2045.7546	871.0114	2046.7777	893.0103
2056.247	1656.0482	2059.068	1700.1237
2066.572	1629.0209	2056.8677	1430.0065
2359.8254	341.9453	2361.0916	361.06018
2468.8801	1484.0107	2471.926	1518.0066
2595.5752	1013.49506	2607.9968	1009.98895
2650.0361	1277.002	2652.3955	1232.9677
2827.017	397.77722	2831.1267	434.98602
2831.539	438.0533	2840.3186	513.96313
2907.1343	1039.6249	2898.8713	1041.402
236.22415	1503.9457	235.37823	1516.0265
294.77213	1116.8722	282.46558	1235.0485
370.1253	1458.0118	364.8302	1513.8892
451.98474	1323.4382	577.0074	1327.7876
548.9677	1208.1768	547.16925	1228.195
1808.0782	774.9973	1810.1653	836.02856
1811.2839	915.01855	1813.0708	984.02405
1872.8939	1445.0347	1872.4229	1429.9868
1873.6403	1465.0305	1873.2577	1448.0167
1904.1858	765.9599	1908.2795	784.9397
2196.0251	1723.4015	1921.0464	1711.8926
2265.1184	1617.8872	2268.154	1647.9845
2304.249	742.8358	2306.231	769.98315
2321.868	1059.9281	2319.4758	1031.0435
2521.3196	1307.9679	2524.2444	1337.0759
2552.5952	424.94907	2554.9958	453.00037
2558.9775	1342.1149	2563.0225	1378.1099
2587.0112	1462.9501	2575.0012	1463.0931
2580.9358	931.81335	2613.2395	920.69617
2813.9216	355.12726	2804.006	271.1173
2839.148	257.987	2841.8572	288.8369
2908.711	313.0353	2913.087	348.86728
2955.251	573.63763	2933.6604	582.1377
329.9707	1655.735	366.02084	1654.8998
364.1698	1519.9197	353.42343	1631.0409
613.13727	1567.1326	615.1454	1549.9004
707.306	1539.0846	749.7453	1531.563
1080.7958	863.18024	1103.0964	848.14294
1847.0763	208.06348	1844.6633	172.9544
1849.7124	918.0084	1851.766	987.97754
2105.3542	1553.0305	2104.1724	1528.0392
2232.8413	1505.9418	2234.7837	1534.015
2289.8247	1577.0135	2292.3662	1609.9718
2302.194	771.9865	2300.2483	744.05237
2306.1243	846.37317	2333.1272	837.3824
2531.2988	425.51077	2600.572	384.97766
2602.4995	971.0501	2599.2874	938.9712
2598.027	734.41797	2635.1328	736.13947
2633.9966	738.63306	2594.9812	739.0025
2656.9644	778.9073	2642.7588	784.3734
2656.9963	1319.9713	2706.946	1313.5784
2817.635	307.84488	2820.7827	341.0206
2890.4495	836.36584	2906.5273	816.6152
749.97644	1499.1603	768.00964	1499.5261
957.9822	1831.9652	977.5011	1821.9795
1028.969	909.96875	1027.3916	962.01184
1848.2164	1122.9629	1849.0414	1149.9988
2122.6284	1292.0431	2124.1672	1341.0261
2179.2234	1435.9868	2180.7598	1462.0142
2347.9407	1627.0042	2331.1843	1390.9869
2352.9856	1619.565	2379.9888	1618.6636
2365.3496	1611.1345	2362.9753	1582.0021
2379.899	282.85565	2324.003	322.00403
2309.8977	1371.3135	2398.8582	1358.0483
2411.0479	1713.3602	2389.9417	1711.7803
2524.6445	1175.0326	2468.2234	560.88763
2613.061	551.0885	2616.078	583.0869
2627.645	1006.14276	2619.5242	929.0501
2671.2026	1424.9816	2663.7454	1343.0232
2707.9856	1654.4204	2728.014	1654.6246
2813.8113	191.32007	2830.8835	186.58083
2882.4097	326.1753	2886.3665	362.06985
3070.63	119.99859	3070.4429	168.99788
41.967484	796.32465	22.06694	794.3316
676.7574	1659.9528	682.2365	1631.8512
780.43585	1511.1775	783.65137	1467.0475
885.51373	1502.9506	873.29834	1509.5521
906.03796	1469.9991	906.4859	1488.9885
1797.1344	1701.056	1794.4767	1659.9691
1831.8549	1436.0312	1831.4984	1422.9863
2062.5781	1176.9712	2063.7732	1200.9615
2071.067	996.9827	2066.4565	979.14044
2075.2722	1524.0847	2074.089	1499.9467
2076.2283	1458.9678	2076.8855	1484.003
2111.0503	528.0614	2111.876	513.9343
2154.4028	1402.9073	2156.1216	1428.9259
2353.827	968.09283	2351.6062	940.0311
2559.1003	651.18756	2568.953	645.912
2578.7554	641.52545	2587.4958	637.02167
2612.27	584.30365	2609.023	555.10864
2617.3005	589.96936	2620.4468	620.8526
2842.3284	295.07108	2845.8044	327.91486
2898.9233	222.93011	2901.3484	254.97363
57.416637	976.2279	62.588264	966.7747
312.52054	1039.6749	280.395	1016.8516
325.56152	768.9575	314.99612	877.99963
394.7773	1176.9795	385.1867	1281.0172
521.9408	1203.4064	482.92575	1201.764
746.8287	954.987	745.52637	972.116
1018.02814	1550.4391	977.0415	1549.6997
1424.8114	707.6637	1555.9403	722.52716
1816.5814	1478.01	1816.75	1502.0017
1827.9164	1069.9501	1828.7362	1085.0144
1856.309	1318.9752	1855.0212	1250.9807
2041.1891	788.01794	2041.6533	809.0077
2078.9321	1529.9366	2080.6382	1555.0247
2081.9324	1591.9198	2083.0142	1617.9994
2158.3418	1474.0375	2159.8757	1500.9501
2337.0073	619.013	2281.2017	650.589
2358.495	758.11304	2339.9424	511.07944
2433.5854	1445.046	2437.2363	1477.9738
2552.0237	619.8903	2555.5654	652.9394
2597.2158	396.97943	2599.9807	426.00183
2600.715	431.02554	2603.4795	461.8674
2650.534	730.3026	2616.16	719.49146
2831.1348	1058.2668	2843.1096	1052.2169
2782.9692	1552.9929	2856.0232	1550.7609
2854.4907	239.10632	2832.3975	251.69746
2936.4253	586.5359	2957.6833	578.1931
2998.9634	919.10156	2984.9836	914.0455
745.9237	1215.5464	708.9151	1213.7203
749.7276	900.9935	749.2989	919.00714
792.76965	884.0589	792.23694	900.0744
1565.5756	684.0229	1564.764	668.95886
1790.0485	1392.0903	1880.0121	1391.0254
1966.36	1661.9536	1967.5188	1695.9482
2031.2051	903.9876	2020.9558	733.9424
2058.1404	1079.9972	2058.627	1104.0076
2076.5847	1554.0709	2075.3809	1530.031
2032.644	1263.6582	2101.3782	1245.4259
2105.2957	515.9971	2105.2285	532.001
2266.5173	1566.8741	2264.4436	1541.8802
2292.9114	859.9421	2271.8203	892.22943
2293.7197	606.0217	2295.5032	629.0385
2302.211	710.05396	2303.9844	736.00104
2320.569	984.89056	2322.5964	1013.95844
2377.3574	1150.0822	2375.8538	1120.0073
2586.4082	1426.1841	2576.4346	1339.9497
2647.7559	869.2481	2632.1067	874.32837
2659.7842	316.03323	2655.2834	286.80237
2726.4763	1519.1586	2722.7053	1482.9266
2832.714	521.14923	2813.7808	358.02545
2901.995	1363.2076	2844.9797	1361.8566
2918.2651	432.96188	2913.82	402.02585
294.65598	1113.5347	275.051	1100.9208
426.12906	813.013	421.29608	861.0298
617.5543	1417.3386	609.73566	1422.6077
809.83673	1587.0564	815.6971	1500.047
1846.0996	1508.4885	1825.8921	1504.554
1904.0879	383.67612	1889.1113	333.37143
2061.7605	1232.0162	2060.1406	1208.0581
2227.5264	1429.8715	2229.813	1457.0157
2301.6128	1029.0262	2296.6663	956.02264
2313.0176	1606.3853	2297.0054	1607.1155
2396.5706	1499.1073	2394.3088	1468.9768
2449.0215	1285.0638	2445.4285	1229.972
2491.244	1352.0713	2494.4497	1386.0519
2652.0437	867.9939	2651.8333	901.0117
2903.051	261.78085	2906.6877	295.81967
2954.0508	1135.8151	2970.051	1134.8171
299.58926	1048.9727	295.59738	1108.9733
517.01776	954.75134	536.0635	956.11053
1396.6161	1186.9956	1395.4402	1290.0165
2010.6897	600.01764	2008.0132	552.9424
2058.5771	1173.0265	2057.132	1149.9292
2074.724	1429.9263	2075.751	1453.925
2103.7625	1521.0521	2102.7524	1497.0525
2175.3152	1366.9718	2177.2827	1388.9747
2323.625	1029.8628	2326.0012	1057.9999
2353.8757	1456.0084	2351.6924	1424.021
2389.4067	1162.0408	2376.3496	971.976
2377.1428	603.8227	2426.631	1201.865
2406.9907	1578.555	2391.9973	1578.8671
2555.1367	457.08585	2558.111	486.98895
2588.1624	980.80035	2591.3171	1014.9707
2595.216	428.1273	2593.071	398.06628
2715.007	760.01373	2766.261	733.5046
2924.7563	438.7993	2928.7688	473.91214
3041.4336	477.1697	3068.9524	458.39603
356.76926	1434.0797	384.0205	1439.904
626.9889	1620.714	657.0213	1619.5502
751.1109	1533.7833	772.62006	1544.7881
790.1304	1589.0073	792.61957	1544.922
795.012	1634.8251	843.12836	1638.1332
943.74115	1227.9888	942.9121	1247.083
1570.9033	724.8588	1732.9872	743.11365
2019.4619	1008.9058	2023.1453	1026.9703
2043.348	896.04175	2041.9329	873.94025
2083.2637	530.4053	2011.8999	518.60504
2106.0896	1347.6456	2091.8096	1349.6295
2295.025	1656.9359	2298.405	1711.0371
2329.307	1161.11	2327.4187	1132.0377
2331.7327	1131.8538	2334.184	1160.9
2329.977	815.9411	2345.0217	810.0554
2338.4998	754.1417	2336.0388	728.09076
2367.6633	1151.8695	2365.408	1123.1249
2402.3052	1574.1233	2400.0452	1543.0695
2614.1882	739.2141	2634.2354	744.01843
2667.885	438.90506	2702.0059	756.9994
2731.0786	1562.0963	2727.207	1525.0829
2922.7822	863.2129	2885.1948	893.48376
458.92282	810.0782	383.6724	1698.1417
459.03348	615.39404	475.5995	643.6485
502.97812	1205.9371	501.7368	1226.1069
553.6706	1149.1223	552.13104	1170.156
853.47363	1574.0637	856.6673	1450.0687
998.99414	1228.0894	966.9356	1225.978
1003.4238	1227.9712	998.52527	1326.0262
1012.7731	1588.739	1035.2804	1569.1722
1711.5758	506.76685	1763.2341	467.98004
1817.2465	1599.9645	1819.7587	1687.9784
2033.784	1450.0178	2031.2323	1419.0632
2048.9805	1241.0509	2039.8893	1058.9556
2064.6616	692.4449	2011.517	724.84796
2174.2869	658.60394	2211.167	1244.0525
2362.1274	1082.0657	2359.9443	1053.0795
2426.7375	1362.0278	2430.1255	1393.9867
2573.3599	532.6902	2561.0544	539.10455
2574.355	1521.9668	2577.7197	1557.9326
2728.7974	377.7653	2718.5361	386.62112
2867.0232	1415.7205	2889.038	1417.539
3025.0427	610.0108	3021.4822	624.1217
229.46507	1571.968	228.74428	1584.0444
551.7845	1174.1462	550.0682	1195.0875
738.9966	1558.0409	738.71	1565.0292
912.9619	1441.1976	951.67975	1448.6614
1820.3704	773.9889	1820.7614	787.00714
1848.5585	282.94766	1851.5748	315.13358
1867.3085	1093.9939	1867.586	1108.0082
2057.0962	1143.9943	2055.7646	1121.8937
2016.7024	929.36664	2081.4438	898.9444
2082.308	881.06506	2079.1025	846.99036
2223.039	1357.9966	2225.2393	1382.8905
2296.6802	515.77527	2304.9707	503.9795
2318.3665	950.90936	2320.2944	979.98047
2439.91	1529.921	2442.698	1562.0262
2534.407	433.9687	2536.7188	464.02164
2570.7644	612.0253	2574.0828	642.88354
2622.9568	680.9008	2603.6875	689.28156
2658.0012	1675.9495	2616.9768	1674.9492
2813.8652	269.01202	2816.8914	302.92044
2812.9636	701.0428	2830.6887	684.6631
2923.8838	476.01703	2919.1848	443.9729
2919.3394	396.96072	2923.3894	431.95493
3000.6182	887.9243	3003.5718	912.0524
11.291086	1122.0358	7.7065225	1151.2097
482.95627	614.9729	458.8588	569.07416
767.5123	1291.0935	766.21094	1312.1367
767.3363	681.5144	788.0023	668.00354
946.65283	1172.0453	945.19336	1193.0828
1866.4067	1074.9801	1866.6055	1089.0056
1872.2843	1289.9702	1872.6102	1304.009
1955.3917	1589.0206	1955.6874	1612.0168
1964.8278	711.67554	2018.9697	682.943
2034.7489	750.00586	2034.2598	728.99396
2306.0193	1538.3285	2271.9602	1540.3173
2296.7783	646.9214	2299.308	671.9689
2299.4668	678.0425	2301.5325	703.9576
2328.9285	1097.8572	2331.0127	1125.999
2325.9436	330.4376	2336.8909	331.84747
2399.0044	1504.5979	2386.9949	1504.4637
2454.602	1319.0461	2457.861	1347.1322
2505.0757	1526.0953	2508.4753	1559.0541
2585.216	1034.0779	2576.1606	942.88477
2584.855	488.01553	2596.299	594.86084
2609.4844	421.0489	2604.5623	369.1363
2796.4949	541.0562	2773.9832	338.7793
2866.5188	1.2513535	2868.389	12.273364
3068.9324	1725.3007	2577.8857	1710.8926
28.674932	977.1723	25.589571	1007.1635
724.9318	1266.9973	724.1731	1286.0468
811.2021	893.9485	808.86975	930.05615
909.07635	1445.0133	906.2855	1461.0497
1598.0502	638.84546	1554.0275	637.8198
1852.1788	1144.9751	1850.7833	1078.9834
2196.5913	1517.91	2207.6704	1713.9622
2291.23	575.8853	2293.483	600.0482
2318.2622	1015.9228	2316.4333	986.03467
2372.1396	492.08093	2369.7732	466.92725
2378.4106	585.06476	2384.9607	580.9377
2394.9497	1418.8798	2396.9346	1451.0657
2582.7588	1611.9049	2587.4158	1649.0732
2603.5808	936.7084	2607.326	969.85016
2699.6382	1293.855	2674.8462	1283.3633
2686.2217	1092.4272	2696.1455	1087.2805
2857.337	428.07684	2861.1511	460.98248
274.9061	1092.0845	279.01767	1048.0016
285.02347	1037.0846	280.14926	1096.095
331.14932	709.0128	326.2632	765.93677
386.67868	1436.4524	355.6488	1429.5874
544.85065	1257.0615	543.3358	1278.0243
546.9604	1232.0682	545.4719	1253.0334
668.99286	1567.9993	663.49506	1624.2439
728.7789	1217.9021	727.2398	1237.0994
1026.8043	967.0303	1023.8347	1045.9938
1809.3265	983.0442	1807.7148	922.03394
1829.0791	1277.0872	1827.7393	1262.93
2042.3795	815.97723	2043.6366	836.96185
2044.1604	843.95496	2044.9779	865.00085
2173.1814	582.3047	2207.8086	561.6786
2236.9148	1579.0068	2239.31	1608.9752
2369.059	1121.8927	2371.9194	1150.1095
2390.6143	1414.099	2388.395	1383.0432
2440.2976	1233.979	2443.9038	1285.0774
2446.509	1612.9484	2449.971	1647.1042
2579.3206	902.97034	2581.461	853.97644
2592.5598	519.18823	2604.3472	512.7962
2609.3127	514.15936	2612.3254	546.0637
2960.0417	601.0935	2946.5012	607.125
3013.8828	582.71344	3031.251	575.6141
208.94766	1659.7542	256.07455	1657.7745
399.90463	1118.9913	395.2058	1170.9281
786.28973	1585.639	776.99915	1552.4406
1395.9625	1708.4637	1410.9592	1707.4166
1824.4624	952.99414	1824.6282	966.01746
1862.7145	1088.0057	1862.4524	1074.9708
1870.6946	1249.9524	1871.727	1265.0187
2306.3281	1456.287	2298.2502	1381.0806
2312.888	1168.0946	2301.3865	1032.9672
2359.3662	1048.045	2357.3062	1019.0493
2356.18	1422.9349	2357.9495	1455.0028
2359.895	1538.095	2357.407	1509.1368
2364.3525	1544.8887	2366.8308	1575.0139
2413.0027	1655.9998	2417.3909	1715.0453
2443.1055	1228.5258	2421.7612	1232.8102
2.0977056	975.02527	1.4768039	1002.011
945.9681	1567.3564	891.9522	1570.0369
940.0264	1167.3292	956.04095	1167.9606
986.63135	1175.0184	986.1062	1193.0613
1641.1589	1509.0245	1643.4912	1493.9214
1846.6868	776.00684	1848.0626	839.0423
1862.1293	919.9563	1862.6732	934.01263
1863.4003	957.98035	1863.5688	970.00604
1964.7454	754.9692	1963.0503	713.9566
2038.2722	812.9868	2037.252	791.93933
2037.9087	726.9675	2038.6229	746.94196
2061.089	1147.9957	2062.1824	1171.0388
2101.8723	1481.031	2101.1838	1456.0225
2136.3447	688.0424	2138.9358	666.99207
2241.3254	1656.9764	2245.0154	1708.0712
2326.226	1063.8129	2328.5908	1091.9503
2335.376	721.04816	2333.3704	695.0486
2364.7754	1117.017	2362.594	1088.1061
2475.151	1568.9844	2478.8855	1605.0118
2535.41	1478.0698	2539.9033	1516.0115
2542.8184	1567.0215	2547.3052	1604.9639
2560.148	504.07825	2562.896	534.0096
2563.3132	769.0445	2560.1704	791.16626
2584.8613	891.00824	2584.7114	925.00757
2605.5205	861.9701	2604.456	879.02844
2735.6228	1606.1423	2731.797	1569.1243
2873.9893	1452.1765	2890.0515	1453.1569
2915.8948	978.4562	2928.0212	976.11
2971.0652	1141.6936	2953.0364	1143.3877
2948.031	633.13306	2970.224	627.9615
212.80733	1627.7942	207.24182	1660.0417
436.18292	804.8546	414.90054	778.07904
1005.7677	1176.9893	1003.50214	1226.0232
2048.1626	1121.046	2054.4312	1235.0312
2059.7415	1119.9663	2060.742	1142.0117
2080.5618	1560.973	2081.762	1586.0114
2206.9856	467.08582	2086.8237	447.05746
2274.6736	577.4471	2329.6018	545.0193
2316.0007	1303.0038	2296.9377	1306.6771
2353.6646	1123.8743	2356.0164	1154.9988
2351.4734	1655.9595	2356.3674	1713.0542
2403.8782	1542.8562	2406.266	1574.0562
2398.5627	479.28827	2435.8489	456.38168
2461.5044	1399.0518	2464.948	1432.0055
2497.8389	1439.0188	2501.6758	1472.0377
2697.3572	1376.1937	2693.335	1342.0784
2550.7944	1796.5576	3069.91	1826.5576
15.127616	1088.013	12.158565	1117.2195
723.75995	1291.0442	722.65454	1310.0381
2027.3197	731.98285	2027.6187	754.99194
2056.7344	475.00394	2005.0232	409.80887
2316.0076	981.9996	2314.4565	953.0291
2398.0012	1467.0823	2400.6387	1499.112
2416.674	1240.0171	2419.2383	1289.0398
2567.0183	1431.9016	2570.4128	1467.0566
2655.39	995.0539	2652.4734	962.0465
2943.1042	1199.1432	2988.9055	1194.9653
2968.5325	755.36816	2987.0244	741.6819
3004.555	919.93256	3007.099	940.86646
30.011059	1045.8733	45.976643	1047.2675
294.70667	873.3304	329.6697	904.372
781.22217	1636.0127	783.7971	1590.9313
941.8292	1275.0574	940.4483	1295.031
1727.7404	418.94458	1732.61	396.13022
1823.9893	365.99918	1826.2012	337.01535
1852.251	1298.9617	1853.0786	1325.9976
1926.8888	372.6427	1911.0256	333.1856
2036.216	776.99036	2035.2743	755.943
2028.2789	724.4942	2062.9565	704.9231
2054.9888	1106.0005	2053.8801	1082.0055
2078.0525	1585.0521	2076.7332	1561.0697
2327.0012	1127.0773	2324.8357	1099.0901
2356.126	1002.9153	2353.9568	974.0785
2384.0837	1503.9929	2386.9832	1538.0864
2590.9236	789.4303	2603.1067	787.7963
2618.5024	915.153	2610.4329	836.1601
2652.0557	920.73895	2656.384	954.8243
2852.5261	386.94717	2855.9458	421.00543
2517.9277	1838.9335	3069.7944	1881.6567
629.61365	1604.043	630.4584	1591.9622
733.0586	1181.3611	742.07446	1182.1879
960.00006	1169.9103	996.001	1169.9271
1316.2035	1827.0243	1328.6298	1800.2927
1856.5751	289.28723	1847.4564	212.30127
2073.661	1484.081	2072.1995	1459.9274
2075.1648	1111.045	2081.4639	1227.975
2087.6394	1194.9586	2086.083	1170.9298
2201.6233	1720.0262	2202.0547	1758.9994
2275.876	1345.8796	2301.9985	1342.9879
2334.227	660.06836	2336.5232	686.0422
2357.0098	1502.1229	2355.206	1472.9255
2386.6487	1541.0343	2389.9673	1575.0032
2399.326	1536.1147	2397.2656	1506.0503
2468.437	1427.8925	2466.4216	1400.9684
2513.0117	1612.8932	2516.9294	1650.0074
2528.0176	1391.8805	2532.0232	1425.9973
2606.0322	1009.0898	2603.063	977.0869
2607.6733	975.03766	2611.467	1007.94617
2633.4006	841.0132	2632.447	870.0147
2651.472	955.2744	2647.8735	922.12225
2914.1812	355.86026	2918.2175	389.97427
2996.333	855.8403	2999.2246	879.9731
45.131706	1713.9596	25.944157	1716.5931
624.8495	1546.1433	615.1034	1535.9016
730.2131	1185.0122	729.06274	1205.118
942.6573	1251.989	942.0767	1270.0667
984.95135	1229.9961	983.34265	1250.1074
1920.9735	1558.9943	1921.0801	1577.0055
2041.6509	868.02325	2040.1832	845.9878
2130.0479	631.99945	2129.8867	617.9898
2287.7285	604.0116	2286.6582	579.01465
2297.872	1377.0084	2296.1628	1350.9893
2316.399	1134.0526	2319.1003	1164.9037
2369.3796	461.98203	2384.7617	452.60886
2373.0522	1821.3914	2508.1736	1832.9764
2413.1648	1364.905	2415.783	1397.0177
2482.1748	1598.9862	2480.0435	1571.9966
2482.4077	1657.961	2488.0457	1716.9956
2542.7075	1508.0083	2541.9363	1480.9733
2599.1636	463.06607	2596.875	434.08884
2598.851	882.98944	2600.979	852.92773
2616.2644	622.09064	2612.9268	595.00903
2686.2434	1565.9722	2670.2993	1426.6224
2945.9866	836.9462	2931.8674	840.4687
280.9731	1403.108	237.67007	1392.325
256.57144	1657.7972	262.6953	1644.8558
420.3814	572.78644	416.77774	600.1026
468.99203	1318.2563	572.95386	1321.4857
684.1696	736.7755	674.4367	729.422
2036.6486	1410.9711	2045.319	1605.0304
2079.5024	1617.0786	2078.1877	1592.0426
2144.2852	618.8712	2185.7693	1355.013
2351.4507	1418.1136	2349.2458	1388.0553
2350.8157	1580.0177	2353.9917	1613.0009
2366.9126	1581.8104	2369.8171	1611.1172
2401.0435	1505.922	2403.3005	1536.127
2535.0752	1418.913	2533.944	1391.9603
2656.4749	960.06885	2660.9075	993.88104
2662.283	334.96503	2660.3044	318.96234
2690.9937	1616.7289	2732.9937	1615.7352
556.2923	1510.9663	555.4318	1529.0681
723.96295	1022.50757	749.9703	1024.4067
945.03467	1195.9647	944.3021	1216.011
1630.5299	1514.0682	1627.7445	1494.8918
1825.2483	971.99567	1825.4574	984.00946
2039.87	840.007	2038.7366	818.9603
2089.233	1224.0577	2087.488	1200.888
2293.1934	676.02563	2292.3354	649.0211
2579.2178	1057.777	2611.226	1048.8063
2596.5737	597.8149	2600.3682	630.07434
2654.116	1301.9803	2650.728	1282.0463
2868.066	480.17288	2881.083	475.21823
3000.2231	941.203	2997.716	919.261
508.03857	978.4636	534.04785	980.3347
836.9557	1578.7075	877.09436	1572.6223
1859.214	951.0193	1858.8943	937.9781
2186.935	1358.9425	2196.2834	1511.0441
2361.2305	1017.908	2363.3335	1046.0498
2366.3206	1000.9759	2360.1658	919.0627
2400.069	1287.3397	2382.0024	1291.0122
2563.2695	539.0757	2566.469	569.9514
2566.8418	576.0177	2570.1992	605.97766
2603.9917	1260.9033	2634.9348	1258.2423
2809.9575	1045.6659	2799.8662	1046.9468
312.95694	777.9953	314.27325	765.9208
775.1351	1468.9225	773.3331	1489.0299
809.36926	1501.9666	804.90784	1586.0482
902.24835	1458.0835	903.31866	1442.0883
1148.9745	1561.0548	1187.5442	1578.9807
2059.8782	1202.0414	2059.026	1178.9622
2271.6052	944.95483	2286.9868	1151.001
2406.7695	1581.0178	2409.0874	1611.0704
2537.2986	465.90027	2539.7654	498.018
2631.5364	875.02	2631.1067	908.0144
2664.075	408.02173	2659.1448	425.04193
2847.436	346.06165	2851.2412	380.8643
3004.065	913.47235	3019.0566	911.4132
19.289938	1054.9116	15.643059	1084.2046
25.113281	1011.0155	21.122375	1040.1537
288.56943	876.4837	329.81897	913.20337
556.18475	1707.0984	560.7665	1651.8976
754.37024	1442.4182	775.1561	1451.6484
771.92535	1219.9227	770.4732	1240.106
1242.9873	1397.2968	1215.9512	1396.1387
1639.6115	1496.7213	1636.1383	1514.0277
2045.3489	1054.9846	2047.7251	1109.0121
2053.052	715.9983	2054.751	768.0081
2053.8118	1076.0121	2052.3398	1053.0424
2355.6116	938.02997	2357.8428	966.93494
2409.0212	1777.7609	2315.05	1769.4355
2551.3203	1656.8768	2557.2183	1720.073
2659.8328	895.0108	2658.0198	866.9987
2717.3196	1419.149	2714.031	1382.0859
2753.6416	576.75037	2743.808	590.86633
2765.6094	977.9363	2750.7546	835.9211
272.44168	572.4606	459.2783	798.9455
335.10062	902.00696	293.3549	864.7223
1015.6888	1789.0996	1003.43304	1750.8219
1131.0337	1424.4569	1099.0052	1423.7587
2055.943	778.05945	2062.1282	887.9928
2094.2537	1494.8978	2098.5176	1588.9766
2333.2837	578.03845	2331.8835	551.9526
2548.4058	710.6913	2565.4348	702.95764
2979.6907	487.65057	3008.771	501.48157
408.98553	605.01044	416.26694	615.0842
617.7729	1677.0343	618.4413	1661.9752
982.7501	1276.9795	981.0977	1297.0902
1059.5759	1418.9799	1085.5629	871.97925
1823.5662	934.89813	1824.421	948.03766
2029.8296	792.9497	2036.2631	899.0447
2229.0	1531.9998	2216.98	1532.4016
2324.18	1093.0557	2322.2795	1065.049
2342.4424	684.0418	2340.56	658.95795
2392.8052	1451.0609	2391.1733	1419.0421
2623.5789	1070.3741	2632.3284	1064.4882
2652.2527	839.9991	2652.1355	808.0032
2712.531	1484.1382	2715.7178	1518.0265
2769.0056	1070.0082	2776.0588	1065.0842
2822.5166	358.0521	2826.493	394.94687
2926.8816	659.211	2894.9993	663.99493
542.9627	1281.997	541.25006	1303.1014
1423.744	1356.0233	1421.1837	1327.9833
1867.0319	1263.0359	1867.5199	1248.9833
1887.0079	1515.9596	1865.842	1511.8046
2008.4098	519.0059	2008.6129	505.0089
2063.1013	1429.9485	2065.7224	1486.013
2072.0999	1454.042	2070.9758	1429.9545
2084.1267	1134.9943	2083.1267	1112.9489
2085.8293	1164.0504	2084.8782	1141.9622
2277.169	582.9878	2281.3027	640.05054
2332.7075	688.02313	2330.7327	663.0211
2353.4998	1386.9592	2356.0283	1417.9977
2886.8318	366.78033	2891.1873	403.09747
2891.8262	407.76773	2896.5688	445.05484
505.6658	1172.0344	504.57858	1193.0299
771.99994	1240.4974	781.99994	1240.4962
793.43353	1175.0988	790.81903	1213.0564
958.0045	1225.8615	925.9733	1224.8188
940.7266	1298.9785	939.2273	1318.0962
1206.0153	1397.185	1179.0068	1397.5339
2028.3579	756.96625	2028.9556	781.0011
2328.2556	586.9791	2330.2983	611.9756
2361.7559	1507.9456	2363.9814	1538.8573
2374.6943	1382.9469	2380.1204	1453.9143
2455.998	616.0002	2464.0024	714.9998
2875.0105	269.99872	2879.8318	309.77798
2992.1475	879.1234	2988.9253	856.866
3023.5957	939.0476	3021.2314	918.9728
594.33624	874.0286	591.52277	907.04456
1628.3629	568.4992	1593.0597	542.91766
1711.3347	521.97485	1710.2786	507.90402
2323.4927	583.0258	2322.2656	558.93555
2326.6147	613.03345	2324.5386	589.12695
2324.0017	1642.3282	2425.9993	1641.8306
2359.1494	1471.8322	2361.5085	1502.0383
2747.024	592.9362	2760.0618	597.8359
2897.8354	1026.0393	2892.4778	1003.6464
752.0774	1608.0094	750.85516	1618.1035
1831.6045	1263.9752	1832.1403	1277.0353
1954.9415	393.73993	1941.1167	343.69156
2066.477	826.9725	2065.2104	805.0456
2202.506	1282.0194	2204.2324	1325.9908
2336.207	609.9852	2334.3545	583.97473
2388.0125	1381.2029	2379.0461	1381.7533
2413.109	1475.9965	2411.9473	1439.9695
2565.9778	1122.8961	2580.9392	1119.7139
2596.0063	1554.1497	2582.9873	1554.6975
2650.082	291.9913	2654.7485	336.02664
2713.621	1376.1514	2709.5476	1339.0497
2925.9905	1558.3373	2881.969	1557.1038
226.38567	1604.0416	224.76239	1619.0823
1651.3928	1489.0431	1636.7107	1480.4971
2116.9036	1358.3997	2165.9229	1350.5199
2204.898	1357.3639	2221.9402	1354.628
2295.8296	708.0104	2294.2454	681.98505
2366.2512	1087.8735	2369.0027	1115.1008
2541.2366	512.9764	2551.623	617.0376
2701.7646	1419.1265	2698.2786	1385.0739
2921.003	900.00214	2912.5625	911.416
3070.4185	663.99274	3070.6968	680.00525
473.0289	1302.8394	511.0551	1303.7859
537.07654	1169.9546	548.0907	1170.7607
686.60406	1591.0997	684.80365	1620.0499
752.66113	1593.0221	752.3266	1603.011
770.0695	1264.149	781.07776	1265.0482
1236.0952	1526.9878	1231.4581	1490.941
1860.2625	811.9756	1859.9298	822.03076
1862.4579	938.96954	1862.7305	952.0265
1868.2203	1282.1187	1867.3445	1268.977
1947.741	1395.0669	1948.7504	1414.0664
2071.6458	1044.9653	2074.6016	1100.0214
2090.6484	1425.9644	2093.784	1483.0118
2311.4138	1066.9056	2313.4207	1096.9719
2345.744	1507.0214	2348.498	1540.0419
2357.9722	971.9359	2359.893	1001.073
2362.5847	1575.1077	2360.2983	1545.0533
2387.5964	527.9442	2389.2922	546.0662
2392.3958	1384.8824	2394.7664	1413.0197
2401.0078	1541.8693	2390.984	1541.2673
2698.5242	1341.0466	2701.9624	1376.1018
2719.9717	1605.0966	2716.6882	1570.1232
2860.3105	854.937	2863.7883	816.8892
279.9296	1010.10223	315.55823	1034.6414
2093.2085	702.9788	2094.8503	719.11694
2100.0588	726.00183	2099.377	748.01166
2337.0657	692.99475	2339.2197	720.0621
2707.3362	1476.167	2703.8079	1441.0193
2820.589	674.2798	2811.7527	692.88257
2827.809	703.5106	2801.859	713.63824
2949.0112	653.6445	2929.967	653.04535
3016.991	886.9202	2999.9927	886.7548
46.026245	1045.64	10.9937525	1043.0857
2019.7213	1041.0125	2022.5872	1105.0184
2092.063	1349.234	2079.8982	1332.3527
2109.9683	1594.0022	2110.8713	1606.9392
2120.8135	482.03806	2162.7175	489.571
2282.706	653.0976	2291.9775	776.0017
2305.8977	988.9411	2307.8699	1019.00854
2324.5596	730.8744	2326.9065	760.00757
2516.0037	672.99963	2499.1316	496.8916
2715.496	1561.1454	2712.2124	1527.1729
2848.1816	1010.9828	2850.6572	1037.1272
2989.2979	740.4399	2961.6685	725.74316
622.9796	1601.9978	624.0664	1592.0072
1125.186	1675.5326	1143.77	1722.6965
2247.315	573.97656	2262.2083	773.9845
2403.953	1462.5414	2341.8877	1468.9038
2468.1418	744.98737	2480.5266	884.0422
2635.6328	965.81165	2639.683	1000.9212
2914.5647	532.608	2894.2593	539.7384
2996.4912	910.1983	2993.581	888.05505
749.98773	663.305	779.9784	662.776
1884.9989	335.6265	1897.419	368.84338
2063.0735	761.9965	2062.0786	741.04376
2067.9333	855.0031	2066.9048	833.00446
2290.9995	1658.1241	2248.0002	1657.942
2325.711	556.0258	2327.854	580.01306
2340.0215	651.9982	2337.9001	626.0082
2339.7983	942.0134	2344.1855	1007.9877
2572.7693	850.94763	2576.1108	900.0605
2587.0625	857.0028	2585.6982	887.03174
2584.4475	942.8572	2587.809	976.92017
2590.9548	1328.7671	2606.3457	1325.7834
2689.627	1608.0342	2685.9653	1568.0032
2722.394	1476.0541	2719.093	1439.0809
2934.4297	788.05194	2931.5947	756.9458
1034.9791	1526.9689	1023.6919	1534.5408
1154.0819	1551.6022	1187.1233	1558.401
2124.7126	669.48145	2140.429	660.77423
2234.9932	1608.1232	2220.9941	1608.2316
2295.277	1604.9197	2293.766	1580.8889
2299.4175	739.06757	2296.416	713.18365
2313.8252	1100.0847	2316.056	1130.996
2331.932	628.00476	2333.8203	655.0126
2363.7917	1052.0161	2365.958	1080.0033
2629.5972	1094.1135	2623.86	1073.7576
2931.0098	847.0443	2951.1306	842.59033
418.03973	777.1025	437.0343	799.1072
727.0078	1241.0793	725.43085	1261.1127
789.54297	1535.2856	759.4625	1518.1863
983.4014	1253.0708	982.3942	1273.0199
1837.3832	921.00287	1837.4506	959.001
2065.983	1497.9126	2071.2764	1618.0319
2365.5366	844.60596	2338.6685	834.2633
2683.298	1243.7074	2660.844	1221.1553
2882.9966	1525.7491	2898.0073	1525.5463
2938.0261	833.2751	2918.0168	835.1773
410.42087	1107.7744	388.63724	1091.4851
560.0988	1524.0228	563.1482	1510.8035
1881.4319	1391.98	1882.081	1405.9962
2082.1296	1095.0419	2081.0679	1072.9487
2290.1536	634.0513	2288.6946	609.95795
2380.0989	1297.8251	2356.1975	1274.7592
2611.0042	1659.2885	2564.0	1659.0123
2659.7505	1284.7837	2667.6362	1275.6847
2909.7163	545.6196	2923.9836	534.9781
3020.3171	713.8232	2998.4775	722.2391
733.07874	649.034	726.1061	665.18225
981.2449	1300.9485	979.94055	1320.0642
2369.929	866.3131	2363.9836	858.27264
2555.8787	729.23694	2540.7485	721.491
2635.0	1632.0016	2607.9924	1631.2837
2931.0735	755.75684	2917.0117	757.1204
343.27594	702.5714	316.38013	668.4892
430.43558	983.51556	395.72552	952.30524
684.0124	1331.6873	801.0664	1336.3229
985.659	1199.9872	985.01794	1217.0757
1266.0887	1556.3265	1295.1119	1560.1498
1859.6597	968.0374	1859.3235	955.99097
1997.3152	487.89157	2000.9521	532.00397
2312.0737	1532.9955	2310.0127	1498.9993
2347.77	1055.1006	2350.3706	1086.8878
2575.8423	938.01776	2566.962	859.0043
2787.046	993.2291	2806.0835	989.4163
2909.0266	938.9973	2906.5928	915.0414
2913.1147	911.9298	2914.3806	932.039
3019.6982	910.15906	3016.8699	887.0159
500.8479	1230.0461	499.70483	1251.0383
1839.3083	819.9435	1840.2172	840.9906
1860.0825	987.01056	1859.9445	974.98914
2511.9026	1552.112	2509.4468	1528.0565
2763.1863	1055.2108	2756.009	1027.516
3013.2673	462.14288	3007.3591	473.192
3015.406	878.18835	3012.5537	854.05273
658.0511	1629.4031	663.8532	1643.0624
1977.841	399.03546	1974.6763	384.84912
2077.9937	1342.0027	2085.936	1360.6003
2308.7832	1033.8635	2311.0134	1062.999
2369.6096	1046.0236	2367.7927	1015.9521
2372.2659	1080.0522	2370.1907	1050.9152
2453.4956	1643.0385	2451.5051	1616.9614
2584.7273	1218.3868	2600.738	1237.3778
2667.2666	1080.1936	2661.8765	1059.7687
2702.8108	1384.0189	2706.4006	1419.96
2821.1978	986.10596	2841.0981	982.5491
2899.9595	1521.7545	2879.9634	1520.6803
333.36887	881.0348	351.0976	692.915
1360.6656	1728.8147	1352.0076	1697.7195
2310.1953	562.9836	2315.0776	621.0775
2341.0283	801.07	2329.843	805.61346
2340.2769	1423.8993	2342.8896	1457.0087
2348.5	1544.0381	2351.0073	1576.9994
2381.482	1468.0405	2384.1345	1501.9895
2421.3826	1584.9774	2418.0146	1527.9401
2631.3442	926.8529	2635.1875	961.9795
2658.9648	744.0295	2649.816	733.15485
2769.9614	606.7518	2785.0632	604.40796
853.3844	1448.7456	831.035	1414.9768
984.01776	1835.0884	962.00665	1834.659
2071.9873	1624.6736	2093.993	1623.8192
2330.2688	655.97485	2328.044	632.1829
2343.3538	1471.8949	2345.9238	1505.0059
2648.5896	1086.8517	2643.3813	1066.1556
2679.3372	1220.63	2688.2366	1228.7406
2708.0144	1439.893	2711.8037	1475.8097
2735.3918	686.12384	2741.4856	666.83746
2877.4868	575.83136	2882.043	588.9851
472.0785	628.951	462.0812	612.9493
1104.8262	1796.3763	1053.6538	1772.7499
1264.3395	1564.2722	1295.1627	1578.6512
2108.638	1560.9556	2110.2366	1583.914
2220.707	1761.0177	2218.2844	1720.9828
2346.911	752.00757	2344.5278	724.0402
2579.9065	1551.9957	2579.775	1524.0011
2892.0012	922.7452	2894.838	945.0206
2896.8567	449.69366	2902.6638	484.89044
2999.9932	880.8871	3010.0168	880.27545
3025.0718	453.01984	3022.549	462.15167
481.98276	1276.6171	492.9605	1276.1229
497.25803	1281.0249	495.4123	1300.1364
773.7505	1187.982	772.37933	1207.0989
1756.5472	689.94104	1726.7163	675.5897
1751.9352	710.98364	1756.9862	690.9965
1854.6685	786.0343	1855.1343	776.95557
1986.6118	722.02264	1987.1687	706.96924
2303.9314	955.9056	2305.4019	985.98035
2375.063	1114.9955	2372.9075	1085.0066
2477.008	1659.3812	2426.0037	1658.7166
2475.0798	1514.9288	2473.1711	1485.9888
2545.0005	1659.6549	2492.0005	1659.5884
2720.5298	1568.9421	2724.5857	1606.0453
2875.6975	878.96045	2923.9417	843.9196
2926.4417	1161.71	2913.5505	1151.5715
1090.0726	1676.8114	1124.3732	1690.0319
2468.0	1570.9977	2432.9714	1571.9584
2528.8818	1729.1016	2537.2205	1738.8107
2938.8384	752.9271	2941.5432	784.03973
2316.4573	634.96436	2323.7117	728.02246
2394.432	495.99243	2394.6455	479.98193
2574.224	760.2791	2584.8193	751.7748
2618.171	1074.967	2622.45	1097.1063
2719.0122	1520.1942	2726.9805	1519.6906
2764.9834	714.0444	2751.9465	709.1424
2345.574	886.135	2339.174	865.9448
2350.8276	1089.0735	2352.888	1121.9443
2564.7798	1052.4972	2578.7063	1058.6633
2711.9927	1066.0021	2704.8623	1041.0393
2716.3376	1526.8457	2720.3994	1562.0692
2835.455	595.26276	2840.8523	585.9147
2909.2341	880.97754	2911.057	899.9945
1821.7284	808.99817	1821.7532	819.0006
2367.1128	1010.3184	2342.0686	1019.1935
2611.5112	1015.90094	2613.4512	1025.9126
2659.9497	1228.0466	2676.835	1246.2245
2813.816	1005.7718	2819.8928	1000.8672
2882.5312	1002.04144	2885.0974	1031.0797
3033.1106	532.4845	3052.0374	528.1633
753.24384	1580.917	753.65155	1587.0233
2590.9783	1018.8405	2593.4375	1033.9287
2935.01	510.23743	2956.0085	510.06955
2971.137	542.90564	2973.541	571.87213
904.0016	1339.9375	1014.03284	1342.6844
2389.0137	1587.9985	2390.8	1604.9155
2572.646	1182.8594	2590.9915	1193.2491
2687.5347	1073.8773	2682.486	1051.8884
2969.9995	831.02045	3012.9932	832.23926
1339.9982	1654.0013	1327.9132	1638.0658
2337.8008	1388.9349	2340.321	1419.9739
2415.4998	1611.0339	2413.3943	1579.9733
2555.0056	1434.0645	2509.9976	1437.9724
2888.9924	893.9091	2890.834	914.0152
2002.1143	410.24734	1955.382	341.0665
2288.0046	835.0103	2298.984	829.9649
2705.2686	1014.96075	2740.0645	1005.2307
2891.0112	779.58716	2904.0288	779.94086
2848.8362	1447.9104	2853.5688	1492.0463
2852.3132	632.87427	2849.3818	648.88684
2888.6765	786.7977	2882.6626	796.4144
2913.3792	794.3662	2896.0134	783.9774
298.59726	1250.8708	257.96405	1232.0778
2061.9275	734.0039	2060.8506	713.9543
2353.6375	1275.8032	2336.0408	1281.1349
2617.3406	832.8768	2623.961	904.9117
2755.021	1001.0864	2771.0464	997.19086
2947.9495	802.9164	2962.9187	793.86566
1179.483	1396.6633	1152.8513	1375.9077
2271.0696	1641.903	2269.1648	1620.8944
2857.945	979.7715	2875.1514	975.62915
807.7745	1096.4125	815.395	1106.4589
1721.988	672.02356	1710.4331	666.14813
2001.3066	542.99023	2003.2196	603.02484
38.00296	1692.0615	17.00348	1693.0723
366.07724	1293.8298	399.08392	1308.8151
1210.3391	1303.0287	1209.0713	1318.006
2224.748	1706.0151	2221.8047	1656.9518
2316.712	1601.9409	2314.8098	1579.0157
2866.0005	1602.9999	2870.2893	1644.9705
1011.05884	1454.5262	1025.9534	1456.3757
2345.2583	1021.0541	2347.6582	1053.952
2637.712	1068.8701	2641.9321	1092.0123
2696.9578	1047.0068	2700.708	1070.0475
2340.2715	725.0267	2341.2593	751.9905
2345.5232	716.0491	2342.9468	691.0055
2551.326	716.6233	2563.77	710.5304
2686.2625	1626.1038	2683.8406	1608.8818
2859.9207	1040.0492	2861.3154	1013.9634
2996.125	507.80234	2971.7505	492.39462
2654.8074	1062.8632	2658.5447	1084.9076
2675.058	1054.9893	2679.342	1078.1218
2900.967	636.01135	2896.5413	623.158
2905.1807	907.0817	2902.8801	884.01196
2356.645	1233.482	2344.5667	1224.5885
2412.9402	1574.0045	2410.6208	1542.8793
3030.9019	520.9238	3038.752	510.80746
1858.5679	778.04535	1859.7208	789.0293
2530.0059	1569.1694	2485.9888	1570.6698
723.3461	1834.1744	746.42883	1847.0259
2401.2979	1412.9758	2398.2148	1374.9825
2001.9435	722.0619	2006.9797	808.00116
2828.9321	652.8174	2818.84	656.5702
2550.6272	811.076	2548.1182	798.772
2752.8816	626.00366	2752.9692	604.9999
2827.7356	1044.9257	2825.204	1019.8783
2028.5554	1023.085	2025.2783	1005.9468
2712.8767	851.8974	2728.7002	987.15204
2811.8594	1017.01373	2814.5078	1044.0482
1820.5472	1720.971	1821.2908	1734.9846
403.0485	1296.8953	370.97568	1282.0526
2737.072	643.27545	2731.398	665.3592
23.990505	1699.5708	0.9796451	1700.0798
2048.9697	1252.8868	2089.9697	1241.8868
2860.0771	1549.8871	2864.8074	1595.0201
2952.9402	669.8273	2972.0708	663.2048
2597.1238	746.5561	2611.1494	750.4638
2776.756	1025.8855	2780.6968	1051.8944
2898.9717	988.0043	2900.315	996.9527
2314.4407	1568.9735	2312.7527	1540.9547
2373.0903	510.0	2373.0918	497.99988
2793.4263	1052.9688	2791.523	1026.9617
2363.8481	545.0067	2364.4265	558.02545
