118.07735	410.2963	208.96846	420.28696
144.00017	420.99832	185.99197	425.0825
164.94873	426.48822	207.9991	431.0086
143.08585	404.40494	241.7634	418.64014
242.99503	435.05597	298.9975	440.02814
104.967384	383.32416	189.12155	391.79208
126.957596	426.4281	212.01456	434.853
93.12669	389.7358	185.00565	398.94363
233.01117	404.89188	274.9767	409.2254
214.98207	399.1732	252.9888	403.10815
162.96083	400.33646	248.95953	410.34756
154.05513	391.5517	212.03903	398.6826
213.98526	720.2096	167.93173	716.97076
169.06602	714.1336	215.1035	717.64185
79.76114	412.3117	139.16023	418.44928
210.91919	751.2033	164.92517	748.11414
165.04977	745.294	209.0426	748.39575
695.5162	935.95575	697.4379	914.9486
95.02047	397.76025	133.99248	401.08807
107.09258	709.73413	152.0714	713.02386
225.9329	619.81396	180.90912	616.10236
172.04195	683.4161	218.02022	686.7186
217.96762	689.4498	171.91829	686.1352
3031.0059	166.00903	3068.3635	141.55539
0.8509393	445.66388	414.02878	482.67892
999.83777	509.30487	964.8709	512.6511
121.08617	608.0589	164.09189	611.99634
3032.6396	656.1301	3069.3774	640.9112
152.01274	715.8285	106.96409	712.48364
299.06055	452.3809	360.064	458.34555
112.02545	678.6696	155.0781	681.98627
181.07812	613.128	225.08325	617.07074
735.4347	984.9535	736.91907	966.9111
155.93585	684.8575	111.88315	681.562
189.86948	362.43463	249.91833	367.8977
957.9436	513.16205	923.89594	515.45416
2664.474	111.599785	2712.5017	73.634705
148.93279	746.9475	103.94634	743.7564
3041.7954	659.51544	3068.163	648.3864
246.96991	567.37036	98.97204	555.34406
227.01222	589.81683	208.95914	588.61273
965.07935	515.90594	1000.0736	512.83997
164.90784	614.9744	119.93187	610.72034
104.073586	740.9186	148.07399	743.9128
192.01143	947.8199	62.896923	939.6238
294.02618	454.7467	199.89482	445.0176
63.02919	1060.449	83.02605	1061.5084
163.97052	1134.7299	116.966415	1132.8314
200.57889	613.8352	203.47972	588.82367
252.03906	447.61047	294.11734	451.8296
426.85992	486.589	0.9086316	449.03638
364.0461	461.54788	298.9076	454.90628
914.72534	948.9844	915.69666	931.9258
81.03105	1094.9705	103.04119	1095.6344
116.046715	1129.843	163.05083	1131.7411
24.876772	426.0802	56.1542	429.64832
2081.2795	635.0205	1931.0958	656.7507
3070.3337	440.89352	3054.8752	446.66592
256.03793	561.5493	91.854256	547.73175
223.02649	655.6459	106.92793	646.9636
171.05492	645.2058	223.15155	648.8083
222.22191	644.89734	225.51553	619.9361
675.86523	821.79987	779.9557	829.59216
911.98804	995.9446	912.9738	977.9438
2595.8818	1271.3914	2777.0464	1236.2395
99.95586	1131.955	53.96168	1129.829
121.05868	1096.5728	141.02493	1097.3937
157.02647	989.01086	179.03748	989.60004
192.15596	683.02014	195.54094	656.8116
213.8901	717.8668	217.2588	689.7911
3032.5679	66.363625	3068.8237	41.740494
103.957855	1098.8796	57.919804	1096.6738
170.9563	1068.8983	125.96548	1066.7097
217.15562	685.88763	220.7552	658.83435
234.91512	579.00946	109.79082	568.48755
140.70872	608.8607	143.08904	586.7939
724.0008	1150.9102	725.9791	1128.9082
961.43933	483.92398	960.16876	510.0082
2640.452	131.52907	2659.3386	115.39643
3070.0754	528.35004	3048.0232	533.10754
145.0105	1097.7484	168.05383	1098.7094
179.93927	993.004	157.9592	991.6746
99.85353	558.8352	245.9604	570.4962
392.08853	478.03824	300.13144	469.57227
697.52216	911.96436	698.9436	892.92114
1111.5345	1295.9808	1113.3058	1252.9714
54.05706	1126.8049	99.04999	1128.9531
94.08136	774.4768	145.09605	777.20166
204.95535	936.71844	51.92487	927.20905
2775.1577	1219.7662	2601.8875	1255.4534
3071.9	422.08865	3055.458	428.22696
122.93164	956.1044	74.92986	953.13306
72.05954	983.8404	116.04627	986.09875
136.05092	987.2451	155.03201	988.5253
167.96436	1101.8026	121.966255	1099.7599
183.95006	959.7712	161.97745	958.3483
225.83546	614.84705	228.59732	593.8158
884.6238	690.27423	648.0547	676.08826
679.84265	1147.9912	681.0112	1126.9451
730.05176	914.4742	742.03406	915.6539
737.2601	961.02277	738.75824	943.8914
740.895	913.9154	742.3529	894.8739
2864.6104	261.4161	2937.5054	212.7572
59.013313	1093.648	79.022514	1094.4048
106.94669	1065.9193	61.92412	1063.3086
158.98071	1357.6682	0.9680278	1353.1078
754.9922	966.18866	727.95575	965.0682
925.9732	518.6079	958.09656	516.41394
955.58484	975.9258	956.5292	957.92285
1128.8219	888.9942	1129.4066	870.9807
2582.7605	174.70872	2621.1353	143.16454
3069.4868	880.8774	3054.911	884.65625
3070.398	1035.9977	3069.6777	1225.995
116.94517	989.10016	71.957245	986.8578
155.95721	991.2416	134.9477	990.51746
119.16756	576.01227	230.05397	585.3598
196.9333	643.74854	199.96011	618.8735
657.0066	996.88446	770.97736	1003.3963
743.8731	882.9403	744.827	864.93787
916.28015	926.9852	916.691	906.97314
956.9087	951.9949	957.9748	932.9426
960.5631	515.12256	954.44336	593.1915
3070.2527	97.00406	3070.47	137.00288
150.07285	1064.81	170.05916	1066.0336
691.93536	982.93933	693.018	963.94403
807.049	753.06696	859.00604	715.00824
919.5166	873.9907	919.88184	854.9785
997.14215	484.81937	964.0203	480.83124
2778.259	1243.3395	2595.9253	1278.6138
214.91971	930.21844	43.93729	918.95166
136.86626	639.7524	139.86974	613.86884
157.0707	778.7703	207.95998	781.69617
720.0098	1207.9176	721.6759	1187.8899
944.38617	1160.9692	945.43933	1139.9219
1927.9946	1575.7438	1962.0216	1575.0281
2801.9219	189.8932	2685.4348	275.2285
2820.8933	550.7878	2798.5183	562.0425
2845.6362	544.2671	2829.646	552.29486
160.00497	957.8641	135.96397	956.9841
188.43661	714.80756	191.63393	688.83185
739.3126	937.95624	740.46234	919.9021
1105.9144	854.26196	1187.9443	859.82104
1956.9053	1465.1472	1927.9296	1468.3656
2604.5115	365.19202	2656.026	334.0427
131.80305	678.8636	134.76724	652.8595
684.1083	833.54425	767.0955	839.7156
755.9412	942.8416	727.9381	940.88654
1115.8716	1191.9951	1117.519	1148.9434
1955.8809	1396.339	1926.9203	1401.5575
51.88259	930.849	202.03914	940.3836
931.0708	931.1178	904.9182	929.01855
961.1495	591.9423	962.6456	517.99286
2620.219	319.29416	2576.2761	352.02832
3056.427	3.1940181	2978.452	58.635418
86.03935	1061.9678	107.04694	1062.7687
181.24922	776.81616	183.98187	750.78815
184.58363	745.8225	187.96126	718.8698
210.08731	748.88715	213.67973	719.83673
716.23596	1257.0209	718.016	1236.9128
991.0738	1012.82117	878.016	1005.74493
1113.4047	1249.9767	1114.2274	1228.9307
1114.625	1224.9957	1114.8414	1205.9868
1201.1099	1025.247	1091.9746	1018.40497
2310.961	1570.0408	2384.084	1567.0686
175.98126	1190.4314	13.939461	1183.3939
154.48288	988.82	158.03484	958.8855
627.01587	570.8016	593.98193	570.3646
610.27954	506.84702	606.61566	548.05475
734.27875	1283.9496	740.9916	1187.9294
793.3609	1405.9287	790.1016	1435.1229
963.0278	513.00165	964.7296	484.04288
2076.688	596.8268	1939.5009	616.5237
2529.756	124.88605	2498.1238	192.59058
3070.5012	53.001034	3070.5842	93.00086
3070.8853	452.99927	3070.4075	526.99615
127.86829	709.8614	131.05031	683.88367
730.06226	884.0028	762.06244	885.9997
803.95795	761.51495	694.9502	752.60944
959.86456	897.91705	961.1783	879.93994
1927.9828	1610.6676	1967.0021	1610.1625
1933.4409	659.8344	2093.2466	638.386
2610.0037	1610.9315	2586.0	1611.0247
2643.0505	308.0741	2625.4033	320.12622
2759.8877	583.7873	2738.5093	595.06995
2926.9927	1218.9316	2907.9976	1220.9766
3061.2466	363.42807	3007.7297	394.26636
3003.9736	679.9242	3058.0637	661.18414
3071.6238	251.59445	3049.789	265.2606
3070.5098	622.0011	3070.5525	641.00104
1.002708	1723.1487	205.0261	1719.432
593.99133	574.4035	627.0017	574.5224
723.9796	1209.3849	736.9984	1208.953
754.80194	986.9855	761.4725	895.8881
774.34644	1001.88745	786.53217	822.83203
1951.1544	1294.627	1917.7191	1302.8594
1923.103	1440.6926	1959.0519	1435.3486
1923.989	1540.4584	2225.0237	1538.3192
3070.916	201.93547	3042.8286	220.26927
128.05424	1021.03876	176.01439	1023.74506
295.04053	469.59702	255.14243	465.58398
693.77814	958.9119	695.1507	939.8667
683.95776	959.7208	709.04736	961.1916
772.89343	834.3511	682.8227	827.2485
954.29297	998.95764	955.43414	979.9062
965.88464	483.59058	984.93896	487.31244
1687.192	211.99396	1685.6885	412.99768
1922.891	1474.087	1962.0493	1469.4133
1958.0007	1604.7792	1933.0042	1604.6991
3017.0032	1658.3256	2942.9954	1657.967
3058.3335	456.79172	3069.9558	451.89487
3071.061	642.00433	3069.7925	659.98535
120.17095	772.896	123.56819	745.8204
1128.1095	909.97253	1128.6953	890.9906
1653.9764	580.23425	1783.9698	593.30054
2095.9895	1644.6293	2386.9917	1649.4958
2398.9304	1485.1571	2497.8335	1476.9854
2870.9119	1460.7365	2888.9636	1459.479
124.993416	1064.2157	142.99214	1064.0646
234.04564	379.6056	264.10596	383.08432
708.04	1176.1288	742.0143	1177.6885
901.0379	1159.9232	902.71484	1138.8975
938.4162	1268.0289	939.95166	1245.9271
941.4695	1217.9833	942.0679	1198.9393
2513.6636	399.5378	2426.8118	462.74146
124.05886	741.76953	127.261505	714.7936
699.8987	879.9144	701.3722	860.95123
714.4109	1281.95	716.1178	1261.8402
737.9979	1212.2272	723.99005	1212.101
911.9905	1245.1611	884.96655	1243.5665
971.9461	956.96344	946.9683	955.56696
1208.9614	853.55634	1098.867	845.91705
2039.9944	708.15857	2013.9563	707.2412
66.99947	1018.01135	115.035225	1020.2413
230.43831	796.8361	255.00049	562.79016
767.9295	1006.2244	658.9454	999.9482
930.05	954.2357	903.9002	952.5256
958.35925	929.9833	958.88245	909.97076
1930.0138	1644.5718	1966.0087	1645.7333
2100.0125	1467.3411	2221.0298	1466.2277
2339.9783	1405.8433	2305.9417	1410.5802
2877.0007	1646.2932	2798.9988	1646.486
11.018694	1423.1764	132.02444	1425.923
138.99857	1372.0524	12.983116	1368.6199
206.72829	776.96356	210.22209	750.89575
62.979717	786.29	227.87253	797.8225
228.18692	792.43445	63.043503	780.4029
409.06253	1703.2184	213.06549	1713.2761
594.9922	566.42487	626.0022	566.59503
675.0986	1206.9338	676.5681	1186.895
741.5596	1176.8877	745.30524	1128.8678
770.01843	1598.5118	795.02203	1597.6115
962.66705	450.94803	961.57367	478.98337
1925.0029	1507.0597	2000.9706	1503.3907
1920.7695	1407.7683	1960.077	1400.4119
2093.0325	1397.8835	2218.0815	1395.728
2095.0376	1294.8351	2211.2073	1289.6089
2198.0208	1533.5132	2150.0024	1534.1704
2096.9988	1609.1705	2229.9993	1610.0942
2200.74	426.96524	2252.4727	387.31192
2368.4067	368.50455	2278.6836	440.84793
2388.97	1312.8491	2484.1882	1293.9476
2610.0034	1418.0306	2790.8452	1397.6274
2813.9895	1183.8865	2775.9473	1187.4348
2941.003	1652.6598	2883.9985	1652.1868
2916.1829	1281.177	2841.9553	1292.7124
3053.7188	258.59134	3068.3574	248.51945
111.02243	1163.3716	160.03137	1165.1212
181.44588	587.83093	175.53464	642.16693
913.47217	971.9824	914.03864	954.968
937.2147	1290.0161	938.6541	1270.8987
1124.2971	987.01733	1125.3527	968.904
1741.8151	575.0434	1740.6407	542.97656
1947.3901	1277.3896	1917.6462	1285.7397
2057.0164	1532.9154	1964.9923	1534.5686
2009.0771	1020.1169	1984.9121	1018.007
2304.8938	1416.2208	2372.1433	1407.0514
2479.9407	1288.7091	2388.0925	1307.453
2579.459	455.15475	2612.8584	433.77875
2605.8518	1326.1254	2775.8818	1297.3031
2820.93	558.8706	2798.4827	571.04645
2935.4958	217.73997	2866.829	263.745
92.54843	773.0651	107.28859	648.9155
609.8803	547.0803	613.45074	507.9499
648.37604	676.12463	652.7287	628.066
713.9901	916.1784	700.9747	915.4558
1203.2288	1028.9487	1208.2908	853.9795
2131.0168	1392.4148	2091.0212	1391.2637
2539.376	660.91565	2440.0437	718.07605
2881.2156	4.2746835	2571.4282	247.27116
2919.2415	96.97053	2857.0928	142.76892
2914.932	1554.9789	2939.025	1553.3722
3019.654	67.51013	3068.8438	32.77876
3070.5283	309.00055	3070.592	363.0005
104.093346	552.82385	247.14468	564.177
396.38803	1463.9313	399.40662	1437.0457
722.2269	1174.9352	723.9904	1153.9153
893.95526	838.6114	993.0101	845.8627
2065.0242	956.6267	1949.9905	949.1464
2093.0083	1431.9263	2220.0159	1430.8037
2272.6243	351.0631	2250.4587	405.78076
2331.9495	387.93863	2357.7375	366.68167
2508.2388	1274.088	2399.965	1297.8406
2586.8445	1274.9955	2564.906	1278.394
2631.4075	424.61612	2582.5984	456.9045
2977.2585	589.8949	2895.7258	644.59143
2918.9941	1604.3943	2946.9822	1604.1271
3070.9414	869.9996	3070.8186	885.9986
592.96045	582.7773	625.9886	583.51245
731.7856	841.06354	728.303	884.1054
651.8938	1111.2571	757.0374	1116.2054
837.596	1490.8875	830.88434	1514.9678
893.37317	997.02057	898.3959	905.91156
1126.4064	939.9729	1127.1826	922.9627
2304.981	1454.8423	2375.0442	1446.365
2839.5974	489.55533	2704.5835	567.01715
2857.7847	680.53265	2733.0154	738.03314
2858.9512	1351.6672	2876.024	1349.1622
105.967964	1167.8027	159.96178	1169.9576
146.77632	775.9732	161.63063	651.95575
727.7274	892.0571	720.3389	986.10516
762.3626	885.9554	765.2348	844.9464
896.33276	1239.9507	897.742	1220.9069
928.9852	978.129	903.9691	975.2704
946.07996	952.8083	972.0302	954.5496
998.0397	1137.3137	1021.0783	1138.6458
1124.105	1009.0031	1124.6376	990.98926
1778.163	532.1102	1794.1769	508.44302
2302.9282	1378.5721	2370.8596	1367.1641
2723.249	1265.3291	2780.1262	1254.6741
147.98383	1429.8043	0.9628304	1426.8492
92.317314	983.9092	96.04772	955.8733
13.966088	1179.776	179.99863	1187.0315
71.08116	948.6059	185.16026	955.2472
183.72948	1195.0831	213.73027	931.8553
735.951	1237.401	721.9681	1236.9117
783.6138	1541.0403	788.53107	1466.0348
948.4889	675.64404	812.60736	778.80005
898.05597	1215.9448	899.1704	1196.893
857.725	1390.8949	985.9533	1382.3032
970.9448	980.67847	945.9475	978.64484
1936.6123	707.45746	1905.6855	729.56006
1919.9398	1290.7684	1949.0514	1283.1974
1917.7594	1306.9913	1954.0782	1298.3281
2213.9285	484.90936	2249.128	457.16232
2576.58	1106.6477	2471.4075	1139.312
2514.0386	1166.1893	2496.9333	1169.6722
2817.9897	1197.8658	2774.9365	1201.1724
2625.0117	1604.8733	2810.9778	1602.359
2899.2324	151.87143	2941.2136	123.31413
0.9906399	1739.6249	236.06885	1733.7592
669.3304	1279.9471	670.9045	1259.9924
831.0334	1129.4456	854.0703	1130.8322
972.29614	1002.0165	977.4236	909.9679
1691.2179	550.3903	1713.216	522.1683
1723.6829	565.0019	1723.5205	537.99084
1957.0396	1534.7609	1930.0088	1536.1678
2278.714	432.75824	2307.5256	405.61975
2485.1675	1384.2094	2444.8333	1389.7957
2755.8872	266.85535	2741.2227	278.2857
49.18381	446.1883	0.8694793	441.28647
127.17892	1033.0219	111.26885	1163.2771
137.05223	1129.7583	140.51921	1101.8163
173.7788	654.9742	159.61906	776.18915
895.1755	1264.9585	896.13574	1245.906
899.94574	1182.9973	900.8675	1163.9452
1115.9587	865.5345	1192.1223	871.41675
1689.1469	413.00732	1690.4358	211.00278
2003.0007	856.98926	1977.9131	855.2625
2093.9944	1573.5487	2228.9998	1574.046
2306.9158	1493.052	2377.977	1486.7416
2312.991	1609.406	2385.0046	1608.3031
2393.1255	1403.9098	2488.1106	1390.8008
2487.1682	1300.882	2387.1804	1319.9462
2771.1016	1229.5011	2597.7324	1264.6809
2687.907	277.87234	2803.0369	194.05063
2870.0051	1508.1588	2894.9468	1507.3531
2914.166	1265.0251	2839.0317	1277.1967
3009.0015	1646.8556	2946.9976	1646.2692
2957.4282	423.65826	2973.4856	413.20947
2981.8743	61.827404	3067.1123	-0.21954672
41.95214	1165.3751	96.98989	1167.2905
133.07878	1162.8833	136.63393	1134.8269
709.01575	963.8093	682.946	961.65356
719.9838	1259.4386	733.00183	1259.0629
761.91876	865.103	735.9858	863.1935
773.0956	999.4207	654.04736	992.21716
958.58276	647.8029	807.8672	757.19476
930.5846	999.0353	936.1484	906.8882
1141.5896	1012.0247	1145.4055	920.9332
1145.9034	913.99603	1147.6654	870.98627
1164.533	1010.99664	1164.67	991.9976
1278.4066	731.28925	1214.6184	784.54297
1536.2523	1320.9832	1537.8381	1155.9889
2070.9473	1127.4478	1957.98	1114.1704
2094.0012	1502.2644	2225.012	1501.6742
2368.1648	1323.8643	2296.297	1337.5591
2464.7847	1344.7236	2415.8289	1352.9858
2549.39	824.8469	2455.8748	867.89984
2545.9023	707.7882	2533.723	713.3985
2561.186	1152.7153	2546.8547	1156.4408
3068.0796	158.88437	3071.4626	248.98264
126.99195	1448.4037	4.9806347	1445.9714
74.00562	1161.8761	97.04893	1162.9209
163.01355	643.0017	170.33374	585.7868
207.06264	589.11926	204.25386	614.14075
711.40717	987.0325	719.0774	890.8467
753.9696	1291.998	765.7908	1108.9219
754.9455	737.6282	806.98755	742.1433
936.9791	905.3014	900.87524	902.8033
935.774	1724.9292	948.2628	1685.0824
956.29333	1292.9626	961.3102	1197.9108
970.01605	1132.6699	883.92773	1128.487
1153.6072	1297.9974	1153.7296	1278.9918
2063.9941	1008.0909	1965.8904	1001.67694
2000.985	706.73114	1976.9746	706.23944
2194.0012	1461.7617	2145.9998	1461.8419
2410.9817	1650.3591	2878.9922	1653.9948
2495.1846	1469.9529	2450.9185	1474.1377
2397.9578	1443.6147	2494.9985	1432.9862
2625.9973	1648.2516	2512.9783	1647.0459
2609.8186	1371.7057	2780.823	1347.7378
2785.7222	245.61351	2771.0942	256.13095
2617.0645	1511.0803	2800.069	1500.1595
2883.0017	1658.347	2807.9937	1658.7249
2856.689	182.53856	2881.755	165.63635
3039.22	154.88844	3057.6643	141.94687
626.97156	552.68665	596.94025	551.4416
750.9058	1121.8306	658.94336	1117.1007
845.1884	707.31946	872.964	690.93896
958.80914	980.0392	957.8867	999.0914
1134.252	1196.0106	1136.265	1148.0111
2075.9673	693.4089	2108.0813	695.9854
2176.0042	1568.2773	2111.0063	1567.9054
2366.9387	1311.6981	2296.9792	1325.8977
2371.974	1400.8119	2345.9185	1404.409
2475.886	1514.0913	2427.9377	1516.9573
2401.9941	1525.911	2500.0916	1519.3737
2980.8857	592.5838	3017.978	591.34393
3005.3948	62.143284	3068.4287	17.606897
48.00569	1160.8619	72.00611	1161.8519
82.490135	1060.8212	85.8021	1032.8582
122.08608	583.01013	115.574554	638.1858
145.0402	1064.0049	148.50574	1035.8163
671.77014	985.82117	683.5469	838.9637
719.82965	890.691	682.9022	886.97064
718.063	1231.9161	719.8543	1211.8975
800.8952	756.0913	693.9213	745.819
838.00964	1486.6128	817.99713	1486.1146
938.85834	702.8097	853.9846	765.9794
965.0214	900.7491	977.1041	901.7821
1094.9706	1023.4933	1187.0017	1028.9705
1145.9586	919.7481	1113.8907	917.9755
1194.9579	865.5631	1111.899	859.3503
1744.2948	540.98987	1745.4657	574.98395
1925.3905	288.8282	1917.4159	317.11725
1941.0376	1410.0098	1941.2719	1432.9972
2053.9783	692.83954	1959.9635	690.412
2293.0105	1886.4056	2222.9795	1885.1555
2403.0083	1566.2653	2503.035	1563.1094
2559.1262	473.18326	2568.7087	466.57758
2638.119	140.25067	2530.961	123.245834
2734.9958	1496.9252	2672.9614	1500.289
2714.2673	72.33079	2753.008	41.009865
2858.8977	666.7857	2839.9255	675.8442
2934.1426	116.823494	2893.5615	146.39835
141.02826	1096.751	144.6639	1067.9575
626.0088	579.7481	592.97925	578.5927
748.9988	862.065	762.013	862.31104
885.0165	1185.2461	917.023	1185.9447
893.9828	1289.9642	894.6859	1269.9539
939.9338	1242.9968	940.87823	1222.9471
1471.7487	573.45966	1282.9	726.877
1703.9889	612.08716	1491.8641	585.0668
1759.1553	576.0002	1759.1477	541.0002
1923.9652	1375.778	1957.0911	1370.5806
2390.8916	1363.362	2485.0635	1347.3743
2636.7656	1179.8577	2744.7354	1157.7101
2896.952	1395.5549	2923.0789	1392.7281
2947.004	1607.4745	2880.0002	1608.0211
108.330894	644.151	115.27911	582.9182
673.12164	1230.9281	674.85046	1209.824
739.0261	1515.0098	750.01575	1485.6318
652.939	1003.07605	773.0634	1009.8806
901.004	1162.8048	889.00433	1162.865
964.6707	480.06882	965.9077	450.03738
1535.3159	1397.0132	1536.0367	1324.9904
1680.3547	413.26245	1496.8353	573.8117
1944.9067	1268.9785	1933.1155	772.0684
2170.0044	1426.749	2106.0068	1425.6176
2199.9978	1604.2809	2152.0005	1603.9255
2261.6516	820.4096	2192.6638	861.1248
2246.837	468.79526	2082.4937	599.62024
2293.17	1375.9703	2226.2947	1387.6821
2364.9336	1441.4236	2325.876	1445.9237
2467.879	1428.9686	2420.9385	1434.4762
2663.911	1500.7306	2617.927	1503.9604
2711.1765	1153.8518	2734.983	1148.9172
2840.426	505.7837	2760.5598	549.1903
2843.7893	873.38135	2856.964	868.8948
2904.0283	1458.2787	2929.0742	1455.7303
175.54898	1022.58136	188.42094	947.2179
61.058678	794.1038	227.99774	805.03455
410.00662	1623.0386	350.99628	1623.415
665.1232	1121.7568	746.09863	1126.2046
733.99945	1262.017	703.9662	1261.0558
926.9543	483.46286	952.0063	485.9362
958.9438	932.9309	946.9272	932.20496
977.9838	901.9369	980.52747	860.97064
2058.1567	1276.0386	2057.3787	1259.0284
2136.0178	1534.3083	2079.0042	1532.8376
2133.025	1461.4888	2094.9204	1459.6267
2308.9128	1531.6259	2379.0745	1527.1749
2440.1968	1201.6952	2395.7905	1214.2593
2401.1763	1220.6274	2442.9695	1208.891
2393.3687	1240.5654	2451.9463	1226.7721
2413.944	431.55167	2735.116	197.41551
2612.944	1464.3875	2795.8828	1447.7141
2606.1785	1256.9028	2761.2454	1226.2415
2620.948	1557.5149	2804.967	1551.0623
2810.5112	319.28323	2728.935	374.90482
2807.9856	1662.3055	2883.9985	1663.1398
2892.0383	144.47528	2849.9402	179.14183
150.33647	1019.9069	154.2858	991.75946
802.0398	783.52	695.9402	774.7216
904.98303	973.21326	929.06934	975.1273
944.5744	907.97577	939.3319	1000.0758
1939.0017	1570.0471	1926.9813	1570.4749
1962.1837	1579.0293	1963.1536	1606.0304
2063.999	1365.1145	2130.003	1365.6349
2359.9941	1362.9653	2319.9512	1369.7108
2437.873	1391.9934	2398.9873	1396.9001
2570.037	143.04453	2511.1772	192.21227
2643.0405	1168.1606	2707.0125	1152.0496
2652.2258	1278.2349	2718.0361	1266.1973
2743.186	1153.9258	2640.6814	1174.405
2745.0718	187.41173	3000.3677	-6.418467
2932.978	1459.6882	2903.9106	1461.7284
17.037302	414.65594	0.7945557	412.89493
69.85292	1160.8647	73.281166	1131.7972
167.97507	1350.6587	0.9493873	1344.3373
163.43332	1132.9316	167.17792	1101.9008
377.77942	1460.9801	378.96198	1447.9061
706.48517	1185.039	698.53265	1284.123
946.0317	899.7493	963.02075	900.17944
987.86554	849.97833	899.93195	844.0009
2066.9636	1491.0352	2066.4172	1474.9519
2179.0107	1640.1876	2116.0083	1639.3595
2267.1375	960.2886	2205.7295	989.5319
2510.0144	1644.1139	2462.0107	1643.3383
2429.5613	465.39584	2514.686	403.56778
2592.2327	1320.3345	2495.386	1337.2151
2776.6458	336.9601	2809.091	315.1355
2891.0645	1462.6616	2864.0286	1465.2946
2893.8118	1346.6249	2916.0789	1343.5757
2994.9783	1486.6642	3070.1812	1481.8005
147.21956	244.90091	0.8337163	229.5898
88.2602	1017.66656	91.76731	988.85
421.78864	1398.0664	377.7355	1389.3344
817.0001	1602.9901	765.9968	1602.2054
929.03375	1186.9012	961.03424	1187.8835
1175.618	1198.0245	1177.4823	1150.9795
1912.9827	299.49973	1904.694	332.9241
1960.6323	1510.0079	1961.1727	1534.9962
2104.9734	1276.7872	2169.0017	1278.9503
2481.9583	1341.7083	2469.919	1343.4358
2500.1064	1181.3965	2514.1663	1177.6185
2647.775	1311.6598	2605.9478	1318.6884
2799.202	566.53674	2820.5022	554.9207
0.9427814	515.65295	396.23715	550.29395
159.28584	1163.9017	163.27429	1134.9001
393.7244	1497.0796	395.2801	1482.9209
664.0361	1174.2635	696.0572	1175.8313
744.7273	1567.2899	843.63135	1557.3369
815.42975	1432.6884	850.241	1417.5544
917.5588	650.3278	888.58057	684.3464
943.03687	1687.704	933.1865	1719.75
1998.4547	1061.1152	1997.3307	1046.0499
2050.0947	1023.9669	2024.8485	1021.6531
2381.9976	1560.951	2355.963	1562.2668
2486.865	1284.3562	2510.1006	1279.4792
2517.5684	748.16626	2475.0283	770.1921
2652.1445	368.01532	2654.4756	346.05048
2685.0938	1353.6865	2627.9302	1361.4878
2798.008	1492.1143	2744.9197	1495.8627
2780.2932	711.6433	2810.4158	697.9119
3070.063	653.0024	3070.553	845.00116
113.66859	650.20734	98.49607	772.3102
399.4529	1432.0426	401.81647	1406.8888
1919.5382	324.5817	1932.4995	279.28452
2021.2068	1462.0172	2020.5546	1394.0139
2656.8687	1405.7222	2611.9324	1410.3423
2726.556	1128.3518	2615.9617	1158.1456
2767.9421	1443.206	2703.918	1447.8734
2859.051	1399.5428	2883.9255	1397.2064
2896.0562	1510.6821	2869.904	1512.837
2902.0417	1559.107	2870.0496	1560.3124
3070.5664	984.9968	3070.4934	995.0036
74.18926	1126.9011	77.61118	1098.8307
78.27131	1093.905	82.056305	1064.877
160.01207	1167.6963	106.01789	1165.5498
719.9911	884.05975	722.6496	839.9789
831.42914	1111.9578	830.1612	1129.0859
918.24164	894.9721	918.90485	876.92303
962.01605	1188.0007	964.1012	1140.9159
1130.1099	1300.0042	1133.7389	1203.9524
1158.1848	1171.0057	1158.8011	1150.9631
1168.437	912.01624	1169.0325	895.9641
2146.9702	692.4429	2075.956	687.65265
2245.668	600.5545	2226.2654	615.0144
2322.6638	512.8955	2349.8223	492.7604
2318.8037	1241.2904	2356.2568	1230.9283
2507.86	191.8523	2544.833	156.82364
2547.1143	1168.4464	2564.0298	1164.1168
2574.0037	1611.113	2552.004	1611.0231
2772.1724	1289.906	2727.8733	1298.3342
3068.0994	1380.9283	3071.4475	1478.9847
199.20172	657.0236	196.01555	684.23596
374.07178	1494.009	375.7396	1480.8403
711.9883	940.1337	685.9253	937.8541
868.0	1545.9977	883.0001	1545.9995
906.94635	926.7229	931.0363	928.5105
904.0669	896.06866	935.12213	898.29944
961.68524	934.0506	960.2847	953.021
976.2545	1308.9181	985.0763	1120.9567
1099.3092	846.0156	1090.4677	1021.1246
1101.0624	1193.829	1132.0809	1195.482
1927.2998	1576.9902	1928.369	1609.9556
2057.9785	843.42804	1961.9192	838.61194
2049.3154	1278.9667	2049.6973	1294.033
2059.8008	1296.0813	2058.7126	1280.0195
2212.2808	624.9241	2183.4585	644.1899
2181.0862	608.72266	2305.0298	520.04175
2234.0144	1330.0507	2215.7837	1335.2401
2283.7598	1194.2855	2212.4258	1218.2662
2319.8687	1221.4579	2348.146	1214.602
2354.8335	1223.3888	2314.5532	1234.3591
2375.996	1602.8285	2334.9966	1602.9639
2445.3113	720.77374	2537.881	668.7882
2672.9924	1597.1875	2625.9966	1597.6244
2805.994	1594.5543	2754.9897	1595.2667
2797.4084	462.06274	2813.1006	452.15958
2800.7527	573.52466	2822.9783	561.95807
2855.5098	601.61395	2811.591	592.23315
2852.0767	185.04346	2836.611	212.3461
2875.9998	1555.6687	2899.9988	1555.649
3021.16	428.36465	2991.583	441.32983
136.98265	777.2636	93.04127	774.37274
132.30693	1425.0367	138.56468	1372.828
167.50652	1098.9397	175.20862	1035.9033
572.3799	742.1331	553.57623	937.0556
688.0081	880.89636	717.0652	883.1656
913.0547	1293.0598	918.62177	1194.9219
936.7312	899.0359	938.84674	855.94336
997.46	655.14685	1003.2284	637.0729
1166.1053	967.0037	1166.7765	947.9569
1171.5298	1300.9813	1175.3529	1204.9344
1182.0913	1015.0037	1185.7819	923.9506
1906.8695	754.8932	1918.3414	1277.9706
2361.6267	1243.5035	2310.325	1256.3024
2345.9192	1483.7753	2308.9482	1486.2183
2445.8945	1474.7301	2402.9417	1478.2981
2501.0415	1555.9841	2455.9531	1557.8885
2565.0176	1267.1152	2592.1519	1263.0009
2578.685	384.5716	2593.6716	373.55347
2641.1516	1144.5703	2699.0479	1129.1802
2718.2651	283.3764	2793.8271	230.17497
2872.057	1305.3376	2849.846	1309.087
2877.205	1352.766	2858.9863	1354.8815
3044.7427	568.4701	3013.3474	583.71545
3046.1873	541.5494	3069.541	533.58704
97.99362	1165.157	43.003212	1162.921
146.61745	586.9584	144.20538	609.1311
370.81766	1529.0856	372.39178	1514.041
748.4131	865.08984	747.2689	883.0807
819.0535	1566.739	745.8582	1572.0433
1180.9794	793.2067	1099.8892	785.1105
1155.1041	1251.0039	1156.7306	1207.952
1186.0303	917.0416	1187.7297	874.9487
1532.2125	1688.9908	1535.0383	1447.0005
1917.9435	326.09277	1984.7379	308.03088
2396.2585	508.0047	2350.2214	542.2971
2514.7878	1288.8856	2491.8577	1293.252
2820.3833	407.6213	2788.7124	427.1552
2906.987	1469.141	2921.9988	1468.9144
2944.9993	1661.9061	2977.0051	1661.6475
3044.5046	215.26773	3065.1877	201.2776
585.46576	596.1175	582.7509	629.98004
571.81854	1673.9861	639.2054	797.0158
669.4365	814.039	653.338	994.2981
663.9633	1632.5677	694.99426	1629.9327
683.941	889.1595	676.2212	983.10034
699.94116	1127.026	666.935	1125.1327
698.0092	1176.064	701.12	1127.0076
702.8118	892.06464	701.14343	913.0114
762.0245	893.72675	726.85895	890.573
745.86896	896.05927	744.6377	914.1117
780.76025	1556.6874	719.43195	1567.8905
913.9789	1220.5066	885.9442	1219.3364
881.04004	1123.1184	977.0236	1127.4802
940.0334	1000.4029	971.0483	1002.13556
1546.1782	1558.0018	1550.4211	1151.9939
1964.5087	253.91216	1957.5348	292.91684
2100.7905	1426.962	2099.4426	1398.9307
2145.7625	1604.9752	2144.8176	1575.9734
2478.993	1600.7876	2432.0002	1601.0597
2490.8625	1425.9586	2475.99	1427.9235
2758.905	1343.2747	2695.9382	1351.528
2800.01	505.01505	2815.0627	495.09537
2887.901	1201.4507	2902.952	1198.7341
2977.1445	1318.9875	3069.2207	1305.5077
8.050032	1187.7756	181.08801	1194.8462
427.8932	1388.5077	376.63715	1377.7249
541.0002	1622.957	497.9969	1622.7859
961.742	477.30176	927.8974	470.5113
974.0839	1304.8298	859.9838	1300.4177
1022.7421	1139.054	1023.98737	1121.9264
1941.9011	1477.0393	1942.7595	1501.0443
2003.3774	1085.9755	2003.6447	1101.0063
2019.0272	76.996925	2019.138	113.99959
2189.9697	1393.207	2141.0063	1392.5348
2351.6858	485.96945	2453.6074	413.85843
2524.8882	712.78735	2511.82	719.65765
2595.8572	1289.373	2646.942	1277.7449
2694.8682	1449.5236	2635.8918	1454.7883
2716.154	1299.885	2656.8618	1310.2062
2880.0046	1604.7827	2906.992	1604.6261
2908.0872	1299.6279	2888.0571	1302.4109
2932.0046	1509.3551	2909.0088	1509.6582
3055.8694	419.5319	3070.4114	415.47418
743.9859	1129.2429	711.9198	1127.3824
747.0794	1842.2109	787.24963	1806.4019
805.4412	1457.8588	810.7918	1436.6946
943.24445	1184.9727	943.9326	1165.9613
947.83154	500.14594	958.0568	511.95078
992.9685	1017.95197	1001.3046	838.9676
2069.9111	1197.6882	1970.8846	1184.8932
2024.5468	234.44656	2014.9979	276.77393
2376.882	1480.6927	2351.9048	1482.9451
2533.2314	220.25662	2578.3794	179.52911
2776.923	1544.1688	2711.9539	1546.9016
91.887245	549.1147	61.608273	783.33716
377.77847	1506.9762	371.8596	1561.9849
457.97302	1705.8428	416.81192	1712.9036
454.96503	860.89886	465.99048	748.0968
671.20807	1255.9409	672.70386	1235.9032
646.93634	801.0962	1020.1873	822.7745
710.288	1127.0176	707.2994	1176.0791
765.07495	897.0811	758.4349	985.1082
887.53845	830.97076	876.31836	1008.1468
919.01025	1186.0006	921.83203	1137.9901
927.34875	1195.9644	922.0302	1293.0564
897.0275	1134.4359	964.11176	1137.7094
1167.7919	1521.637	1139.8156	1537.6782
1254.307	1824.7725	1263.6753	1796.2368
2174.9724	668.96545	2147.1118	691.1405
2369.955	1521.3477	2329.938	1524.098
2582.1094	1153.3604	2571.2034	1156.67
2593.0474	1255.2356	2568.6282	1260.153
2647.908	1135.6439	2691.1223	1124.4733
2777.5024	289.3601	2789.8274	279.77805
2800.9846	792.961	2784.2441	799.61414
2865.6816	807.1934	2839.7712	817.42053
3070.4436	301.39377	3054.579	310.96033
3069.7278	1325.0022	3070.0322	1363.0078
64.412186	1030.3116	47.488186	1161.3214
115.53637	1019.9414	123.62666	955.9528
217.96075	799.7064	158.97614	796.42957
752.0879	1296.745	631.0768	1292.0299
681.9237	740.0716	436.52148	478.51074
742.00165	917.9607	729.9385	917.4483
959.9519	957.99786	959.10065	977.0492
1998.8573	1081.0354	1998.3607	1064.9889
2045.6453	1293.0127	2045.5051	1278.0046
2189.7544	644.64557	2246.524	605.31274
2318.051	566.0733	2275.192	595.8364
2350.9438	1562.5237	2312.9607	1563.97
2454.0027	1643.4885	2412.004	1643.2665
2785.8618	1389.8381	2735.855	1395.7804
2852.796	698.5585	2746.7314	747.5824
2892.934	1655.8103	2940.0173	1657.5264
2884.0728	1644.9624	3014.9194	1654.1471
3042.9387	943.66113	3024.809	946.946
191.76994	720.10187	188.32135	746.17474
367.86813	1562.089	370.95203	1531.9951
377.54297	1382.2406	426.73975	1392.2759
449.96365	819.9057	451.7773	799.97974
648.99554	1285.9268	656.5085	1182.9641
905.0407	950.22125	930.0247	951.52704
1157.4652	1192.9833	1157.9971	1175.9686
2016.1323	1269.9944	2015.3671	1251.9844
2448.791	1222.1965	2391.3015	1237.1584
2390.0146	1327.0828	2490.0532	1309.2993
2498.0715	1511.894	2481.9348	1513.1854
2526.0464	202.9981	2527.247	232.11354
2592.8113	1247.1051	2570.941	1251.72
2726.8254	1397.3625	2664.8901	1403.9697
2762.7551	1132.7449	2796.0486	1126.2487
2810.243	734.51855	2769.7576	753.4822
2982.0457	1373.4236	3060.107	1364.9888
551.97375	1425.1265	521.61975	1418.8346
886.03754	1241.1823	912.0287	1242.3745
876.9739	1015.42444	991.0951	1022.4563
1284.019	724.7183	1028.8984	707.50604
1882.3829	604.0152	1882.9836	509.9935
1937.4308	276.72833	1930.1091	319.0189
2003.5557	1266.0542	2003.0265	1251.9614
2003.7135	1286.0272	2003.3947	1270.9916
2007.3756	1271.9806	2008.1587	1287.0953
2043.8652	1090.0087	2044.8318	1105.075
2065.5322	1470.0181	2064.027	1430.9989
2184.6812	1642.0072	2184.0215	1612.9768
2541.2896	673.5233	2446.8755	725.7749
2783.4202	1349.0585	2774.6377	1261.9357
2782.8965	754.7631	2807.4531	744.0373
2788.661	614.78345	2833.792	610.02655
74.21825	954.0267	66.50659	1017.18396
687.77136	838.9045	684.48914	881.1158
792.0539	1581.6183	768.972	1580.7183
902.4962	905.0269	897.5565	996.0844
969.1843	1813.6075	932.0987	1817.8605
1091.0372	1029.3672	1201.0685	1035.8346
1182.9651	1142.6804	1099.9783	1138.4233
2138.0203	1603.7198	2096.9988	1603.073
2172.0107	1497.5052	2108.997	1496.1327
2139.6665	1462.015	2138.49	1435.9327
2210.838	991.66254	2268.0747	964.15546
2266.2534	972.52045	2213.568	998.1673
2271.9783	414.82053	2274.1707	438.98453
2489.9836	384.97876	2565.9993	325.9991
2626.5366	926.0421	2592.55	551.95
2617.5417	430.2679	2634.7039	419.52692
2787.0002	1646.4894	2722.9993	1646.4521
2736.8745	740.72864	2857.9075	684.7996
2846.7502	1151.0844	2898.9746	1155.3141
2916.016	1348.2109	2893.0728	1349.9559
2995.5393	436.26016	3032.9692	412.95078
3017.2097	397.29962	3047.4082	376.15494
3048.9724	58.958927	3028.496	72.73737
3070.6157	259.9977	3070.3938	296.99637
136.4564	956.9365	129.06393	1020.241
143.68967	614.08673	140.53252	639.19275
421.74054	1085.175	409.57654	1206.1586
592.88556	794.9029	579.6457	946.882
978.02014	908.7769	944.9289	905.7867
1997.491	1041.0182	1997.3213	1026.984
2103.843	1497.0056	2102.8674	1469.9327
2109.6182	1641.0112	2108.7612	1611.9481
2178.924	1259.6442	2199.8247	1255.1792
2290.0334	1388.1971	2234.9263	1397.5667
2230.2861	581.382	2274.944	547.9253
2703.009	1547.2489	2642.98	1549.4526
2849.4307	716.9759	2818.312	730.7073
0.9684155	1430.4283	144.00903	1433.5914
1.0021089	1357.9103	154.03511	1361.5061
195.31891	689.0367	192.31277	715.1511
203.68637	619.07886	200.81276	644.0934
235.06375	1721.485	8.007943	1727.3097
744.0308	920.0021	742.7525	939.0505
835.69495	1511.9158	841.5741	1490.6066
962.9789	1140.4277	930.9582	1138.8458
962.6755	910.02905	961.81305	930.078
1798.3512	1515.4993	1814.8185	1470.933
2011.3373	1421.9777	2011.605	1438.0233
2056.8755	1255.9968	2058.0479	1209.8995
2408.001	1608.1141	2507.011	1607.2537
2449.9521	1558.6282	2406.9695	1560.1295
2478.0461	1144.1553	2577.2173	1114.7323
2588.9888	1334.9359	2507.0537	1349.3058
2595.0	1487.1415	2579.0	1487.1478
2755.6404	632.779	2725.38	682.0041
2857.841	872.542	2839.3337	878.96216
2930.7917	166.12695	2934.3562	143.89677
3051.842	103.766556	3030.7222	118.06667
102.30919	1657.521	127.64865	1447.9575
138.65985	652.9566	135.19022	680.15186
678.00665	1207.2844	691.0149	1207.4058
689.5701	1283.0435	697.05914	1184.9282
869.98004	1114.9988	858.48035	1296.094
959.5413	509.53568	949.3724	497.6806
1545.2599	1661.9775	1546.5531	1561.9943
1943.1321	1546.0426	1944.2618	1569.0363
2007.7988	1437.0304	2007.3926	1420.9901
2038.3999	923.98846	2038.8055	938.06323
2178.8325	1498.009	2177.37	1470.98
2181.7478	1569.0125	2180.4668	1542.977
2309.0208	1630.0056	2231.9875	1629.1995
2312.0083	1645.2847	2242.006	1644.4729
2475.7612	404.39056	2483.0674	389.54117
2513.0442	730.0866	2528.9753	721.9518
2653.4487	413.72147	2636.9783	423.96512
2710.9998	1645.433	2651.9998	1645.4486
2745.032	953.9968	2733.296	835.9706
2749.002	204.001	2759.252	184.60468
2826.216	883.5612	2788.4275	898.11053
2812.0051	885.0154	2824.6028	880.8099
624.0151	563.23956	608.9814	562.9421
964.6959	880.054	963.1402	900.08856
1118.4688	1205.9982	1118.4021	1226.0013
1247.2683	841.0108	1219.3292	1536.973
1999.6691	1100.0287	1999.3452	1084.9926
2080.265	1739.0275	2077.7961	1583.0349
2350.8496	547.9434	2344.5032	564.81305
2648.0725	1156.3246	2728.8384	1138.2767
2879.983	1614.1886	2945.9958	1612.7993
2936.9993	1557.965	2915.009	1558.4305
58.750587	1021.9664	67.38833	957.9175
162.03235	959.20703	159.07758	988.2117
132.94122	1649.1101	167.70027	1351.848
192.99283	781.115	171.01585	779.7455
390.46143	1529.2036	392.31448	1515.9045
455.28253	766.93536	457.62186	740.96594
551.21924	1260.1041	560.0274	1156.917
645.15027	1103.0123	629.37573	1296.194
742.2786	943.9414	740.7992	962.14624
812.1257	1458.9414	810.0381	1490.0696
919.1829	932.09186	917.78766	950.06116
1086.7032	1124.9845	1077.0149	1311.1049
1112.2153	943.0525	1111.3512	963.05835
1274.1915	817.968	1244.8491	1559.994
2006.525	936.01526	2004.0562	859.0624
2052.5493	1087.0431	2050.8271	1029.0646
2136.5415	1393.0259	2135.0718	1366.996
2136.1792	1368.3711	2222.2168	1361.8671
2351.0017	1642.5405	2316.0022	1642.4072
2711.7573	570.5673	2839.0813	499.14493
187.97186	751.1064	185.12401	777.12305
424.64996	1211.0635	436.0778	1094.1053
725.5698	1187.9578	723.5877	1208.1558
741.0505	1186.288	705.94336	1183.7983
796.43207	1517.0898	799.00977	1476.0006
810.97845	1491.4751	837.0576	1490.4055
1192.1276	874.96497	1186.2623	1020.97034
2106.7349	1568.0123	2105.5657	1542.927
2175.8076	1429.0054	2175.019	1401.0277
2207.1519	1651.0369	2209.106	1695.9954
2314.8843	639.8359	2286.7678	659.6707
2296.1223	1345.6726	2362.9143	1333.5292
2393.7422	548.0712	2396.0508	524.0049
2790.1746	284.26428	2774.438	294.66275
421.43542	1144.9491	423.5965	1120.9636
691.9409	1210.7781	678.93994	1209.7906
695.98083	1152.4006	668.947	1151.1077
700.76843	916.05817	699.2569	936.0195
930.59674	1139.032	928.018	1187.0547
930.065	1242.4774	939.0504	1243.5945
940.99854	1222.0818	930.9663	1221.9044
948.7053	1140.0118	948.3365	1162.0056
1189.0804	1311.1632	1079.998	1308.0695
1142.2488	1204.0099	1138.4087	1300.0563
1905.7455	689.993	1905.5613	723.0031
2044.0009	858.9816	2016.9673	857.67816
2316.1646	1311.905	2312.0059	1260.918
2564.6394	1433.109	2558.3757	1354.9698
2604.0427	1569.8746	2584.9941	1569.1521
2805.4045	686.8615	2810.2935	665.83575
40.52124	1163.0667	57.535355	1029.9407
127.492775	746.0609	124.14617	773.14166
165.97624	930.6658	198.00682	931.8089
410.32315	1616.0294	431.49313	1383.9537
673.0028	1234.8888	661.95917	1234.6085
677.9703	1172.9412	679.1686	1151.9525
634.0075	1850.6141	798.99725	1851.5057
886.2611	1129.0305	885.7471	1184.0164
947.886	856.99347	945.4243	900.08136
973.2651	1470.0471	976.2562	1453.2234
1155.5356	872.0195	1153.9696	915.0353
1556.2545	1698.9835	1561.0377	905.0062
2008.5085	1457.9956	2008.3707	1441.9882
2199.4492	863.0517	2262.628	826.3593
2250.6619	1167.023	2252.4297	1193.0388
2452.3252	755.0714	2450.9312	741.9014
2694.0977	1748.5477	2414.0176	1729.7373
2545.9924	840.98376	2467.4644	877.01215
3031.2437	452.81998	3022.1543	455.51953
437.0659	1082.0786	441.1982	1026.0146
549.2704	1150.0238	539.95703	1256.084
1049.8663	732.1324	1097.1571	779.86273
1102.7455	1145.9946	1101.7463	1193.0371
1153.5903	921.9828	1149.7699	1013.0323
1395.9573	1375.7141	1369.9905	1374.16
1462.7441	853.3892	1480.9078	845.77997
2012.951	1103.0402	2009.774	1020.04694
2017.7086	1289.0708	2016.8276	1273.0094
2040.8372	1104.0929	2039.7012	1089.8641
2053.6238	1106.013	2053.473	1090.005
2142.769	1535.979	2141.952	1505.9741
2275.384	1467.0392	2271.3635	1403.9132
2358.1072	1305.5044	2320.8752	1313.4128
2435.8245	1189.0823	2398.356	654.0451
2578.978	1608.002	2575.737	1571.0231
2798.8005	1130.9292	2751.1494	1139.8021
2777.4302	636.1123	2766.9124	642.86346
2965.2986	918.69226	2976.8706	913.7003
452.4381	794.9476	454.5821	771.961
521.33356	1607.0303	531.2431	1497.9313
684.7096	1127.0387	683.5053	1149.1365
727.7255	1154.0507	726.1928	1176.0134
899.32996	897.0514	900.6063	864.02344
1192.5448	1315.9829	1199.4976	1130.9811
1554.3533	1155.014	1550.2106	1556.0125
1988.1035	1024.9606	1990.7883	1100.0433
1997.5321	920.9991	1997.5559	935.00244
2091.2983	756.9502	2110.5605	1259.0168
2175.0076	1278.0297	2205.07	1270.272
2825.591	449.0096	2792.7317	468.2495
2990.038	1429.462	3069.077	1422.932
387.56842	1563.0634	389.03757	1549.8927
453.1988	736.0199	441.81705	849.8818
564.1976	1157.9302	555.14746	1262.0128
696.92957	964.99414	695.33795	984.1114
889.0059	1159.9377	901.0055	1160.0043
902.9179	1196.9275	901.57007	1217.0382
917.4877	956.0167	916.90216	973.0653
954.00024	1270.9934	942.97864	1270.603
1094.3619	783.64355	1023.4013	711.5896
1151.1593	1145.3094	1178.1085	1147.8489
1765.1705	540.0054	1763.9061	579.997
1961.0366	1367.9117	2056.019	1367.0222
1987.3857	246.56017	2017.7424	200.1395
2002.4307	1065.9902	2002.7705	1081.0278
2045.6111	1273.1079	2044.4343	1257.9662
2271.7822	1685.0126	2272.763	1702.0712
2282.868	1612.0591	2275.924	1479.0039
2579.966	1718.0807	2578.6233	1700.8733
389.31693	1544.0333	390.37866	1533.9347
717.06573	1485.7328	724.4384	1515.1407
794.9332	1424.8862	796.73785	1407.972
800.92615	1408.989	798.1085	1428.0161
923.6432	855.9873	923.0	874.0711
1063.3191	1839.463	1075.6998	1823.7633
1144.6577	1148.9851	1142.5592	1197.0244
1154.3798	1274.9846	1154.8768	1254.972
1763.976	579.4816	1714.9883	580.25824
1782.2996	1530.0071	1782.7765	1509.9946
2009.451	1478.0769	2008.7037	1463.0146
2150.012	1695.9995	2147.9893	1647.9584
2313.1934	1259.7594	2361.378	1247.4832
2405.135	1227.5239	2441.0686	1218.2659
2474.28	1483.974	2477.1572	1514.9854
2575.4587	1568.044	2565.704	1447.9427
2692.3218	253.58899	2676.9824	261.96783
2798.5007	831.0293	2800.6704	793.92224
383.97092	1596.9963	385.72046	1582.9651
579.1731	780.014	575.2167	829.0175
859.8569	1456.1384	846.0115	1541.8403
905.4982	853.97455	903.3611	896.0691
1417.865	931.9971	1417.3214	957.00696
1541.6212	1171.0162	1540.7072	1262.0171
1964.4618	1650.9807	1966.1824	1692.076
2014.5511	1249.9856	2016.1881	1198.9099
2028.6669	1028.9766	2030.6355	1085.0128
2111.027	1260.253	2161.0337	1262.0754
2224.6877	1615.9596	2226.1016	1640.0527
2260.3655	1193.0365	2253.0564	1066.0543
2476.377	580.0263	2475.1082	549.9954
2489.1948	526.98413	2483.6704	459.10822
2518.9907	513.9863	2463.0798	551.63336
2730.206	607.4637	2720.834	611.6265
2800.786	376.27643	2783.548	386.89026
2838.0225	1680.5261	2790.939	1678.2842
2816.0125	589.9208	2849.1362	595.1352
2985.785	468.4577	2971.9753	473.93756
44.13146	920.1548	10.184446	1168.2988
450.94754	641.05676	490.96762	678.03503
560.91095	1146.0712	564.50977	1100.0398
680.11224	1187.0072	678.81384	1207.1171
945.92377	1422.9891	933.9742	1507.1383
981.2976	910.1263	976.24005	1002.12317
1031.0034	1428.1548	1081.0232	1427.0355
1100.9163	1203.9965	1096.9536	1298.0402
1113.7833	920.1243	1112.3218	941.09216
1021.8356	829.1661	1232.0663	845.1274
1540.417	1266.0002	1540.4054	1322.0001
1774.4152	1509.0043	1774.6761	1545.0023
1789.8956	1462.8346	1775.822	1471.718
2002.2753	779.01886	2000.4012	707.0677
2000.9337	1026.9496	2001.7491	1042.0675
2006.4105	1231.9963	2006.5443	1247.004
2012.0658	1442.9584	2012.7325	1460.0105
2023.1549	1482.0354	2022.4834	1465.9797
2032.4221	1294.0149	2030.4368	1216.9888
2038.6187	1495.0586	2034.971	1409.0012
2459.8083	870.58136	2548.516	829.944
2521.866	945.075	2517.0347	872.0639
2582.9846	1614.5767	2609.023	1613.6295
3010.911	983.49365	3022.0928	981.5275
467.01917	737.0015	470.9931	687.91846
585.4652	835.0409	588.99347	794.9115
665.39	1125.9619	662.3258	1175.0204
1116.842	1253.9476	1114.8895	1297.0856
1727.6776	1718.0427	1717.2975	669.01685
1995.402	862.97394	1995.6818	878.0245
2010.524	1401.9985	2010.5393	1418.0005
2043.427	1070.9835	2043.5891	1085.0162
2172.2803	624.40295	2197.7717	606.6719
2280.0532	1701.068	2278.9717	1686.0021
2448.4297	728.94415	2541.7473	678.53204
2513.976	201.82903	2525.9663	202.17342
2577.7563	355.0335	2618.1016	325.50507
2757.6777	306.56638	2746.117	315.15723
2833.2146	732.46423	2850.268	724.5797
2843.872	1269.8762	2873.0632	1266.5552
2871.6921	863.1485	2867.3562	824.95953
176.96854	1033.6177	58.867424	1027.6033
440.4215	1093.1079	410.69443	1077.5852
511.7614	1520.0925	514.69226	1495.9626
916.16406	979.0549	915.3618	996.0642
1115.032	910.60724	1143.0903	912.88855
1253.4104	832.4572	1272.4391	815.3752
1395.5333	993.00714	1396.0337	886.01416
1904.9088	672.0078	1738.9105	656.9884
1978.9812	712.9726	1980.3239	760.99097
1992.6608	896.03345	1992.3093	881.9673
2064.1123	1516.993	2065.2961	1536.0437
2173.85	1262.0519	2161.814	994.9633
2742.0046	1595.416	2682.001	1596.0884
100.258316	956.0269	97.216446	985.23083
427.31985	1017.0267	422.39072	1076.116
475.94586	689.9949	459.73083	861.9746
575.2473	838.0212	571.1339	886.0115
575.1784	754.8085	604.21027	781.8479
660.966	1183.9204	653.4042	1282.1082
727.99713	963.20874	755.01953	963.58057
884.295	1194.9585	880.10767	1266.0063
950.1564	1044.0653	927.9416	1040.3494
965.6782	858.9806	964.5295	878.0319
1727.2201	537.9739	1727.7555	563.00525
2001.4696	1046.0371	2002.5886	1062.0288
2021.7733	943.00854	2018.8994	867.0038
2039.6456	1084.0331	2039.2788	1068.9932
2260.9949	1617.5391	2300.0012	1617.1082
2354.3179	1613.9712	2356.966	1643.1843
2478.9731	1151.9094	2577.239	1122.8068
2502.0564	676.9128	2490.4263	536.04736
2625.0544	1456.6835	2615.953	1457.4078
2718.1401	1088.0845	2654.502	439.9507
2773.1719	520.2702	2783.7224	513.56323
2795.1465	993.2211	2809.0183	984.0276
2908.867	1247.3011	2881.841	1235.3595
2964.7634	721.6495	2997.4136	699.6126
3070.4973	1252.9996	3070.5298	1302.0004
656.8754	1180.0707	660.8394	1130.987
729.60266	1129.1296	727.8211	1151.1473
1181.0325	922.4546	1153.9498	920.84454
1932.8943	1695.4546	1967.0048	1697.9342
1981.2001	1017.981	1982.5919	1106.0065
2287.736	1650.9471	2291.4067	1702.1143
2384.0422	1726.2821	2100.0825	1709.5955
2462.2034	1317.9774	2465.2063	1344.977
2608.0898	1719.072	2585.9104	1716.9269
2766.7378	341.0257	2759.1064	263.18567
2757.0764	622.12006	2811.6736	595.2997
3029.1648	498.76913	3019.945	500.7434
97.70258	1163.0859	113.89015	1030.742
403.47733	1203.048	415.35034	1084.9347
506.66742	1578.0682	509.3286	1552.0336
587.0238	595.6755	626.03394	598.5373
906.1083	1139.0061	904.92664	1160.1079
1162.5897	1151.0161	1162.0409	1171.0559
1539.5159	1323.9983	1539.2527	1399.0009
1781.416	1547.3557	1793.7963	1516.9171
1976.3539	916.0541	1977.1083	939.0293
1990.7268	1287.0071	1988.847	1215.0302
2034.8691	1235.0039	2036.0104	1273.0297
2048.5566	1258.8801	2049.7224	1274.0214
2056.3323	1472.9664	2056.7368	1489.0319
2199.7651	499.0125	2198.0574	466.9437
2238.1074	829.055	2230.766	709.95276
2245.6904	1652.959	2248.4292	1699.0339
2379.6204	528.455	2401.2642	513.3792
2425.0024	1601.7039	2409.995	1601.5786
2480.1658	1569.0757	2483.2437	1602.9779
2535.6174	1106.1173	2523.0562	958.0801
2598.0007	1528.3107	2584.0007	1528.3424
2794.0488	1439.7777	2777.9866	1440.7876
2960.7825	702.70575	2993.599	678.4576
3002.9321	909.9288	3015.745	897.73224
131.18561	715.14856	127.80778	742.10126
140.70483	1135.0819	137.44241	1163.1676
532.2779	1486.0267	537.08624	1436.0083
716.6898	1573.9716	713.0894	1613.1918
879.78204	1268.0242	879.1033	1290.034
904.8566	1163.9896	903.4092	1184.1014
920.6793	907.04486	919.3564	927.08954
950.2564	1474.144	957.034	1415.0039
1032.477	1511.0328	1034.2745	1484.95
1101.022	1528.0283	1099.5913	1428.0059
1121.4875	1149.0254	1120.3467	1170.9661
1181.8013	1153.9913	1175.1057	1307.0046
1986.4032	1100.0161	1984.5693	1031.9578
2001.5979	1225.017	2001.4153	1209.9828
2016.9921	782.02936	2015.0989	716.968
2025.7062	1544.029	2026.7915	1555.0206
2052.713	1486.0269	2052.3987	1470.9917
2053.7998	1408.8877	2054.8716	1426.0704
2098.0464	1701.5403	2274.0913	1707.122
2230.0552	701.99744	2227.3882	644.02814
2282.248	673.92554	2314.9539	1222.0028
2332.0515	1704.0918	2295.0574	1701.9906
2341.1038	1377.0573	2342.9492	1405.9393
2505.9688	1265.8535	2482.9512	1270.7715
2737.7236	280.60626	2724.1116	290.15894
2759.4832	1304.9447	2764.0776	1345.1055
2764.6013	550.1517	2842.304	509.582
2793.0618	892.19806	2803.939	888.8045
458.13696	1019.4809	417.52597	995.8134
441.00464	1095.8958	428.6265	1214.0657
719.7783	1262.0513	718.39307	1283.0917
819.6115	1469.0236	820.4216	1447.9778
1132.8679	871.95123	1132.1333	889.00574
1143.1346	1195.753	1174.0835	1197.6075
1204.0815	869.96716	1198.7206	1019.99
1980.9233	937.0022	1978.9963	869.9714
1992.3491	1588.9885	1997.0837	1732.9972
2012.3501	1463.9767	2013.418	1480.0387
2052.0142	1467.0342	2051.424	1449.9854
2328.7126	1574.9355	2331.2554	1603.0673
2345.6255	1455.8868	2347.5156	1483.0337
2574.4958	353.04782	2571.3657	320.06018
2834.9163	623.7978	2791.8467	626.79675
2831.268	823.66956	2866.263	809.65643
3006.9973	1599.5934	3071.0078	1599.1741
135.06165	684.1419	131.44595	711.19324
144.81467	1102.2225	141.387	1130.1702
386.9043	1412.8992	385.60925	1426.964
741.00415	1154.9664	727.95526	1153.3644
740.44977	967.96014	739.2092	985.0876
892.91516	1489.9956	894.7278	1455.0377
922.7952	877.9863	921.58484	896.1059
1991.7197	712.9871	1991.9531	726.01874
1993.325	1248.9332	1995.1954	1286.0405
2006.6704	1251.9552	2007.6771	1267.0216
2199.685	870.4498	2263.5173	833.9037
2248.8037	1135.9412	2250.6416	1161.0262
2568.192	1699.9862	2569.5605	1718.9596
2573.9832	1436.8376	2595.0684	1434.6638
2789.513	793.83594	2800.6545	789.1745
2932.532	206.57343	2918.2126	222.28221
77.54231	1132.0645	74.08614	1161.1292
379.69354	1443.0704	380.82916	1431.8812
451.33887	832.944	449.3892	855.94824
448.6864	721.9723	452.92166	673.9931
458.712	727.88184	460.7304	705.8835
571.2747	824.0247	575.058	782.00525
730.4479	1517.9382	731.81305	1549.9653
961.98346	1196.3359	927.96747	1194.6608
1160.5288	1208.0311	1159.3485	1228.0793
1538.7769	1450.0221	1535.8247	1688.0103
1972.5292	748.9961	1972.766	781.00916
1989.8123	251.82727	1985.3811	307.95114
2014.8324	231.18488	2022.1466	198.25467
2504.006	1599.9666	2487.9941	1600.0684
2537.008	1441.0721	2563.0195	1438.1747
2498.7998	1340.7965	2590.9138	1325.4822
2773.0564	437.0875	2758.6155	446.40387
2849.051	772.1366	2835.1292	777.345
3004.0742	563.5765	3020.067	561.52057
503.6473	1607.077	506.87274	1579.9849
898.1497	1270.0076	897.1348	1290.0575
899.9151	1246.0616	898.5694	1266.0383
1472.893	1708.9888	1473.0565	1721.9993
1982.6868	862.00964	1984.9418	935.03265
2280.046	1709.0813	2386.0312	1714.3727
2332.922	1652.0068	2337.584	1705.1243
2401.7725	1201.186	2434.974	1191.9073
2513.4016	722.8866	2524.8555	716.73114
2577.2024	1305.6559	2562.1257	1296.7861
2802.0007	1542.9918	2785.9993	1543.0029
2805.743	791.99274	2804.7224	828.02045
416.28204	1072.0248	421.2953	1014.9381
436.05023	845.9037	447.6047	731.9599
721.81335	1236.061	720.16504	1258.0125
945.71277	1197.9757	945.31525	1219.006
922.01215	1293.0859	956.00616	1293.5365
1925.5902	625.933	1897.6998	613.6833
1997.1915	1399.9937	1999.7749	1478.0405
2055.4075	1450.9805	2056.224	1468.0371
2252.5845	1057.0238	2249.0227	994.9987
2231.8262	1391.0245	2288.799	1380.8728
2261.1792	1433.1068	2259.7002	1407.9003
2275.8472	601.9346	2268.6074	618.83185
2319.562	1419.9509	2322.011	1447.999
2370.7695	1493.9264	2373.4617	1522.0515
2647.9365	1280.0084	2652.1812	1312.1083
2719.0444	1267.9951	2722.5378	1300.0504
2767.6907	397.53244	2754.968	405.9517
3039.4087	899.8593	3051.1348	894.28357
148.75076	1068.9694	145.28288	1097.1578
373.1374	1512.0084	373.93576	1498.935
428.23102	1075.9557	429.49863	1053.9711
459.0657	673.09094	454.29358	729.025
520.6076	1412.975	554.84546	1419.7778
657.5127	597.66064	627.3794	552.41327
912.0642	851.15857	977.9856	856.1891
993.1622	680.8397	959.62286	647.37573
1133.9722	1203.3036	1100.9872	1202.5999
1986.9675	1245.9854	1986.3124	1292.0044
2040.6515	1406.0127	2043.5632	1486.0159
2221.138	679.99414	2222.0735	701.9969
2228.3633	1070.0325	2225.1436	1006.9927
2299.0417	1330.2235	2362.085	1318.4547
2449.8276	1526.0157	2452.8574	1559.1046
2541.6208	897.0301	2539.151	865.9086
2544.7554	1655.0208	2550.0903	1717.9923
2547.9897	1614.3932	2578.0151	1613.881
2624.0125	1176.0648	2633.0635	1174.3308
2785.9668	683.84393	2801.1326	680.6242
152.8423	1035.8661	149.44008	1065.2822
350.18903	1602.8986	346.0327	1636.1292
517.3054	1406.1383	493.25177	1633.1327
519.9889	1494.9989	509.23715	1607.1187
493.99307	1633.6035	538.99695	1633.3802
535.66956	1497.8766	525.16455	1611.108
590.6453	558.83673	587.4848	585.0584
729.0415	1151.1775	741.06134	1151.7836
901.46014	1221.0278	900.25006	1241.0754
964.98376	1201.9429	960.4226	1283.08
1115.5579	869.9835	1114.0648	910.0397
1539.9984	1699.983	1556.944	1698.4005
1993.9235	934.04565	1993.3676	920.942
2024.033	113.997765	2021.525	76.96445
2050.8633	1424.0608	2050.0044	1407.9998
2054.5452	1429.9331	2055.2837	1446.9877
2218.8684	704.07465	2217.4854	683.0999
2350.5793	1212.9646	2321.7568	742.0149
2455.3276	1611.9661	2458.649	1644.0364
2468.8716	1398.9354	2471.1733	1429.9872
2472.3481	535.0264	2471.1704	505.9931
2793.3972	421.13748	2806.155	412.22186
2779.899	844.7535	2815.9805	829.95233
2983.006	910.19385	2994.0269	909.8427
86.00732	1066.0009	82.47058	1095.1782
370.8967	1566.9253	368.92685	1595.995
526.1816	1432.0198	520.40564	1485.0442
602.9056	787.09753	574.95056	759.04584
630.5364	792.12115	560.8408	1676.0663
886.9036	1010.4053	960.9668	1015.4839
1086.0365	799.95184	958.3245	670.6794
1836.9751	406.07828	1883.6423	455.4475
1880.4545	436.49026	1930.8594	389.76944
2030.47	1086.9215	2031.3837	1104.033
2042.5217	1050.9934	2042.5868	1066.0018
2043.7073	1231.028	2043.4034	1216.9697
2350.251	1534.0424	2351.889	1563.0062
2373.0264	361.77887	2271.9177	349.6876
2469.4126	694.9665	2451.645	476.11
2487.4985	964.03253	2482.3726	885.0407
2509.2493	998.06433	2506.675	968.02783
2776.7324	478.1774	2764.0435	486.0699
2778.0073	1506.9053	2781.6885	1546.0293
2789.4312	380.2027	2799.3674	373.1133
2812.1157	598.06805	2840.0156	599.73755
96.1343	989.0162	92.63992	1018.07697
423.7746	1152.977	421.31903	1177.134
426.8439	1122.983	424.2324	1147.0253
554.9704	1088.9971	549.8309	1140.9833
723.5577	1212.0421	721.9691	1233.0732
731.3063	1478.5679	716.7616	1486.4121
1001.8292	840.5464	887.7388	832.8947
1127.1632	1394.9868	1076.0402	1386.7505
1157.5623	1278.9904	1157.1213	1299.0247
1783.0573	514.0381	1712.0115	509.80792
1976.8257	779.00336	1975.7542	722.9856
2007.0681	1416.0255	2006.6573	1401.0367
2130.2515	1370.9822	2131.7456	1392.0181
2227.1506	833.9889	2225.3782	809.9721
2225.1526	746.9903	2226.6743	770.8934
2608.4272	1654.9652	2613.7214	1720.0227
2641.74	418.6412	2655.014	409.01935
2840.9941	1281.9601	2913.028	1271.1884
3027.4456	74.9603	3030.828	112.92624
3035.2314	110.95976	3053.397	97.5373
392.74454	1510.9932	393.06546	1499.0017
942.0554	1271.0028	941.0238	1291.1039
943.34045	1246.0165	942.2701	1268.0616
1880.8225	457.92117	1882.947	507.04553
2012.003	756.97345	2012.6926	783.0081
2022.1075	1080.9537	2023.3623	1111.0266
2038.8617	1065.0444	2038.2727	1049.9503
2077.9211	292.02298	2064.1304	244.67079
2218.7747	1222.2998	2281.988	1201.9631
2291.946	1318.6555	2277.823	1320.8712
2469.9165	501.0615	2468.3262	473.03824
2544.4744	1393.1311	2541.5447	1359.0392
2578.5742	1109.031	2561.5496	875.1056
2707.961	1099.1499	2724.1655	1103.3634
2889.0632	1217.368	2904.9375	1214.6362
177.05258	1026.0835	128.98132	1023.3255
547.0965	1058.1869	528.38544	1268.0344
541.0092	1437.9165	536.4549	1491.9541
792.11	1458.9944	794.72565	1509.8599
850.96564	1485.0472	852.83014	1446.9427
983.68726	871.91284	981.42224	906.028
1277.4304	1800.1046	1280.0826	1763.8597
1996.3688	901.87866	1997.6238	916.0334
2034.592	1214.9839	2034.3966	1232.016
2041.511	1030.9629	2041.8561	1045.0281
2244.9646	899.9289	2221.3372	911.66547
2243.3416	1031.9269	2244.707	1056.9614
2245.5112	1073.0251	2246.7964	1098.0105
2375.884	1572.942	2377.8562	1603.0094
2479.3347	614.04517	2477.3657	585.0431
2636.2134	1180.9099	2613.0786	1186.335
2681.851	921.1197	2696.1086	1057.9886
2803.087	269.08893	2797.637	213.13277
2801.229	333.08572	2805.22	368.97556
2856.5325	867.942	2852.4077	830.0645
2964.0254	963.1072	2949.8728	966.46405
3002.0576	953.2868	2988.79	955.95667
347.98016	1636.0427	405.03854	1634.8604
429.84818	1092.9816	426.8191	1117.978
509.17493	1548.0214	512.1143	1524.014
628.01764	592.55365	587.9617	590.9703
742.281	1492.0806	737.9274	1507.2659
911.63	627.09753	909.0133	644.0021
937.5872	655.82135	958.5808	640.81244
1174.9838	1205.3833	1142.9565	1204.0237
1331.9253	1530.0651	1332.8453	1516.9891
2214.9297	842.938	2202.5386	657.0974
2218.7256	1229.1187	2285.4236	1208.3607
2353.3923	569.56635	2396.3647	1203.0431
2418.9993	1517.9878	2404.9858	1518.7368
2444.1902	1443.8943	2446.9602	1475.0923
2578.6377	1488.0342	2582.0444	1524.0903
2642.3042	1243.9789	2638.056	1182.857
2744.708	282.93777	2746.9978	309.00018
2794.5728	336.8233	2782.9417	344.916
2756.9229	1738.2424	3070.9539	1757.7445
420.68582	1182.9675	418.09668	1208.01
445.47006	1027.9673	441.64584	1089.9164
654.046	623.9039	655.3733	596.92
630.0009	1303.971	752.0362	1307.8672
1120.085	1172.9587	1119.18	1193.0531
1921.0422	649.00806	1925.4401	625.89343
2073.7678	1396.2822	1978.804	1379.0822
1992.2744	1209.9907	1993.4917	1246.0172
1996.4012	882.99536	1996.564	897.00507
2023.125	864.03613	2026.1794	937.9926
2036.1421	1274.9971	2036.5204	1292.989
2221.2358	1429.0519	2218.991	1396.0006
2228.9172	807.0068	2230.8066	830.01587
2257.0469	1620.9974	2245.3916	1408.0333
2324.4478	1497.9686	2326.2761	1524.0508
2366.1062	1412.9929	2367.9648	1441.0023
2321.5547	527.84344	2369.7273	1314.0167
2380.6985	1653.0251	2385.199	1707.0668
2410.0032	1327.9998	2412.1716	1354.0688
2472.7827	469.91656	2475.557	495.94064
2472.1187	275.1424	2497.196	254.23502
2542.1313	660.07446	2523.1013	438.07706
2554.4553	391.0064	2554.6802	374.9955
2735.797	1392.0195	2732.7983	1360.923
2785.9548	513.00494	2768.4314	353.95248
2792.432	246.87144	2794.9578	275.00378
2861.7424	248.6617	2856.8223	266.95218
2884.6143	1397.1451	2874.9673	1305.0034
432.26675	1054.0166	430.77106	1078.048
459.73276	746.0551	458.15723	767.01184
968.63824	1446.982	967.5964	1468.0295
1038.1776	1539.9476	1080.2734	1557.721
1724.9352	668.7791	1903.0325	683.60956
2033.9224	1025.908	2048.9832	1027.1964
2064.9233	1500.3494	2042.8866	1495.5173
2253.7693	941.0542	2249.2783	921.93463
2272.3213	1582.9227	2273.9055	1610.0055
2309.2876	1625.0433	2298.028	1439.9983
2876.3035	902.8618	2872.624	868.1458
2906.3647	1604.1661	2901.8796	1560.0122
131.9949	1657.8328	101.99232	1658.7483
738.09344	1550.0083	740.9215	1517.993
919.94574	1194.3489	883.96375	1192.902
1991.7867	877.02484	1991.4995	863.01025
2005.2585	1209.9937	2005.6791	1227.0079
2019.6104	713.00964	2021.2668	780.0181
2026.9504	1103.059	2024.9331	1032.9731
2038.2343	1044.0223	2037.8245	1029.976
2048.4058	1237.995	2048.6033	1254.0049
2189.5586	1006.0297	2183.974	923.0017
2306.985	385.13177	2331.1301	387.83914
2474.8318	781.90283	2454.2366	817.559
2524.0088	1622.3766	2540.0198	1622.6031
2548.1672	984.07227	2545.3887	952.05304
2754.9092	1657.9113	2760.29	1713.0692
2768.841	1405.0171	2773.1323	1444.9858
3031.687	118.8284	3035.4634	155.95288
480.2436	882.0412	430.8734	846.17426
698.9098	940.9899	696.774	960.08655
1159.2351	1230.9653	1158.3259	1251.0599
1993.7021	765.99475	1993.4895	777.99097
2032.3347	713.981	2033.1335	728.0492
2037.4762	904.9642	2038.535	919.035
2080.0974	699.9772	2084.5828	719.09784
2200.5215	1255.0243	2188.2234	1012.98865
2322.2124	1247.8319	2351.1157	1240.4537
2382.8057	1502.0128	2386.8933	1564.0071
2482.6724	581.0267	2484.952	609.0039
2542.2542	1622.0566	2522.4368	1361.0427
2549.7573	1160.0548	2561.979	1156.9181
2635.405	1515.0516	2638.53	1551.0408
2665.1316	1464.9862	2669.0027	1501.9998
2742.0571	539.10425	2714.7502	292.13818
2740.192	598.524	2757.9053	588.8271
2804.0881	887.09375	2800.3826	851.06354
2901.6309	1557.0394	2896.7222	1511.1366
2921.7285	1342.1072	2918.1787	1299.985
2920.0579	1659.9935	2922.7468	1684.0283
2940.174	446.37778	2953.0515	429.2854
2812.8765	1772.3276	3070.998	1786.0354
415.5398	987.7943	462.43945	1014.96747
540.83624	1199.9858	545.15674	1150.0135
627.6654	598.4763	650.55707	627.5616
768.3866	1426.7915	758.1583	1555.0126
809.0004	1780.9926	773.00934	1778.8438
1550.5382	1563.9941	1548.9374	1690.9993
1562.4471	885.9917	1565.914	654.9837
1995.5442	1486.0138	1993.0361	1402.9989
2022.9639	1492.1774	2000.8627	1487.6738
2244.7754	1131.0133	2243.2988	1106.0415
2303.1152	368.13614	2268.5256	397.44003
2307.927	1257.0338	2309.6313	1311.0432
2486.3936	1654.975	2490.0945	1713.0577
2514.9758	523.92206	2517.2224	552.0621
2520.7556	1077.019	2523.2327	1108.9042
2619.0884	1248.0681	2614.8105	1190.7902
2627.9724	1421.8933	2631.8242	1457.0193
3055.6438	162.91096	3041.1233	173.17459
1032.813	1472.0981	1037.4039	1434.0487
1228.6262	1540.7876	1256.3726	838.93567
1972.9735	704.9996	1972.5234	732.97626
1993.453	915.0229	1992.8663	901.0056
2235.7205	1202.0157	2228.6475	1075.9636
2247.1812	1104.9292	2248.6772	1129.8995
2501.1199	1118.1705	2487.6729	969.93896
2483.964	767.9221	2516.0518	753.112
2554.2964	1060.0552	2551.86	1029.011
2560.7788	1606.108	2557.8503	1573.0132
2570.1582	408.99225	2571.0903	428.0445
2779.1597	817.0067	2781.651	757.9853
2820.2598	823.0792	2810.8616	735.22876
535.95215	1252.096	541.013	1201.9005
699.0459	1633.5952	676.02844	1635.3689
1117.616	1228.9927	1117.2133	1250.0232
1131.0247	1537.9181	1147.8082	1522.7872
1791.1992	1498.9677	1787.6362	1477.0592
1990.5771	1458.9976	1990.5336	1483.9991
2221.2283	744.0514	2219.7563	721.94965
2227.0984	776.9932	2228.7424	800.88007
2415.1416	1405.9883	2417.6282	1435.9479
2425.923	1571.0077	2428.9224	1601.2063
2438.9717	1361.0023	2441.5613	1392.0366
2475.2354	502.08914	2478.3682	528.95703
2488.336	651.03784	2490.0435	680.9975
2512.0015	1035.0836	2509.4026	1004.05005
2552.649	1451.0262	2555.1902	1485.0604
2585.9773	1391.7191	2575.0488	1392.6025
2757.2134	593.39685	2741.0488	602.0907
2854.752	1350.2026	2851.2979	1311.883
2959.683	430.78708	2948.5435	447.36523
158.33871	992.1562	154.9608	1021.11206
366.10583	1579.1206	367.554	1565.8423
434.71457	1023.9786	432.83777	1048.9878
479.99005	855.08936	496.43808	672.859
515.89636	1482.0948	520.45276	1439.048
674.9393	1259.9946	673.06934	1281.1826
702.0426	1626.1166	663.13324	1624.2391
720.9849	987.3703	754.01166	988.7138
1241.9835	1854.385	1205.964	1852.842
1931.6412	1600.0128	1931.0338	1582.9631
2217.071	677.99695	2216.0806	654.95355
2223.354	718.03937	2224.751	740.9542
2273.986	441.19794	2202.8452	436.20593
2243.3093	1099.9753	2241.3872	1075.8893
2509.4175	509.04855	2507.1692	482.06924
2518.556	1110.8667	2515.7493	1078.1072
2566.9968	1529.9137	2545.028	1530.744
2557.195	1565.1333	2554.8237	1533.0131
2575.037	1569.506	2550.9465	1571.2686
2558.9956	1794.812	2595.9763	1793.965
2587.4421	1428.0972	2585.2588	1393.1086
2559.7083	492.76	2617.768	1147.9319
2619.203	1328.9734	2623.7783	1363.8981
2687.2905	1316.9679	2691.602	1355.9333
2911.9336	1339.007	2908.367	1304.8572
682.7094	1152.0322	681.75433	1173.0796
944.7895	1222.045	943.58777	1243.0907
947.6729	1166.023	946.9898	1186.0338
1111.4457	966.98804	1111.0344	986.02234
1338.578	1517.0663	1336.7399	1533.0848
1980.076	762.9256	1981.1222	778.06067
2037.508	885.9988	2037.5425	900.0011
2267.2358	1481.9288	2268.7952	1509.0118
2387.447	1565.9172	2396.0366	1715.9979
2396.37	1295.9803	2393.4604	1241.0815
2431.2527	1654.892	2435.917	1709.0072
2504.8389	878.9303	2507.4246	910.0478
2584.5935	1386.0903	2582.6584	1355.9578
2632.7483	1187.0182	2636.8757	1244.0813
2808.8257	930.9189	2805.2053	894.0781
2854.172	752.00336	2854.2263	701.00024
2935.5383	532.1539	2924.5393	538.15576
430.03687	851.9486	476.02707	884.9623
568.9261	1098.994	564.71625	1150.977
1569.1882	1330.0494	1566.9939	1294.0004
1934.4908	741.04034	1936.0548	722.0045
2051.3574	1445.0195	2050.8987	1429.9727
2058.2068	1368.9885	2058.9888	1383.0563
2147.353	686.9811	2145.0518	643.99725
2223.0398	773.9974	2221.5322	750.96515
2253.3506	820.02734	2252.2566	794.0313
2263.9949	1407.9686	2264.7869	1433.0383
2291.6436	1463.0183	2290.25	1435.9357
2504.6553	1081.034	2507.9097	1114.0089
2546.8228	1433.1426	2544.5886	1399.027
2546.0994	1358.9921	2548.8135	1392.9349
2830.865	921.69354	2822.0305	839.1037
2842.0283	1174.1986	2866.104	1175.0469
2866.179	816.44366	2778.8577	851.6469
2910.048	1663.2855	2891.9282	1662.0673
697.98975	1183.6232	661.98303	1183.0323
741.15155	1236.0854	738.1088	1277.0823
1088.1559	1436.9972	1089.1931	1494.9966
1132.0183	893.03613	1131.4146	910.0502
1357.0042	1375.1486	1328.001	1375.2545
2034.2826	917.9906	2033.816	903.97284
2034.332	767.9907	2034.6678	780.0371
2421.0513	1488.9954	2423.7798	1519.02
2455.1218	472.77335	2510.702	432.9804
2505.3123	950.0465	2503.148	918.0576
2511.0251	764.85	2533.0076	764.5505
2573.489	401.89758	2576.6877	385.9374
2597.096	1440.8411	2536.9653	1447.6956
2656.9568	1370.0043	2660.6384	1406.9364
2862.6038	142.8305	2917.969	102.581665
2934.2625	1552.1779	2930.058	1511.0964
465.50595	683.95593	463.53503	706.0477
967.1792	1473.9108	965.2093	1492.0227
1369.6024	1307.025	1371.0942	1271.0454
2145.0273	643.03406	2168.3596	624.2064
2206.1702	652.2567	2240.384	629.5794
2212.7043	723.0865	2220.313	837.0459
2248.7021	1194.0878	2247.0059	1168.9996
2268.8162	1515.0125	2270.6519	1542.0237
2361.8174	1338.0133	2363.6482	1363.0258
2486.4155	683.9625	2483.714	654.0258
2598.8047	1564.1056	2595.8884	1531.0983
2673.1038	1559.9893	2677.0686	1598.0969
2787.7168	1606.8995	2793.7659	1650.0328
2834.3567	1229.0929	2831.5874	1209.9152
2841.8877	1022.88025	2853.7576	1011.7417
2863.0562	1013.1045	2874.0938	1007.17444
2896.3052	1508.0706	2891.7324	1463.0272
114.96725	1022.6314	63.003307	1019.9362
931.96936	1816.0565	911.91077	1805.1643
1571.9701	655.35315	1708.9213	666.9312
2277.8806	1320.4155	2265.1506	1301.2363
2275.8628	1187.0044	2274.9858	1159.968
2553.9822	1525.0802	2551.4534	1492.9644
2769.0269	652.0282	2779.7822	641.7716
2891.35	1461.0725	2886.099	1413.9889
3050.2124	360.09778	3027.4756	176.94095
81.755394	1098.9706	78.36753	1127.1643
728.9512	1490.9994	728.96313	1509.0
714.87506	1613.7758	749.1143	1619.2904
860.8988	1412.6292	833.7958	1408.2697
1099.0016	1133.9702	1154.9993	1137.0145
1171.5457	1536.9474	1161.031	1427.9006
2044.8309	1252.0637	2044.0076	1236.9452
2047.4838	1217.9944	2047.6567	1233.0155
2244.1797	613.2444	2191.8142	651.74744
2482.719	649.0873	2480.7332	619.95
2485.5222	616.95966	2487.453	641.965
2515.068	1072.0712	2512.7734	1042.0173
2549.924	895.0886	2545.4792	841.12524
2607.8035	1194.0737	2611.1885	1248.9884
2643.3516	1608.864	2647.1965	1647.0808
2681.4739	1657.9531	2688.111	1724.989
2793.7576	315.02148	2791.1833	285.98373
2855.457	139.10092	2850.407	111.924355
90.11615	1032.8932	86.57508	1062.1904
424.40918	1114.9458	426.42624	1092.9474
424.71268	856.3966	476.3919	893.8393
939.7565	1528.9487	950.457	1478.0962
1029.2432	709.72015	1051.1875	728.7842
1909.5321	722.0015	1909.3995	680.9987
2179.2422	1616.9882	2180.3247	1639.0332
2270.6245	1548.9725	2271.8125	1576.0082
2514.7976	470.09235	2512.5657	441.03336
2703.9954	1511.1078	2708.0586	1548.9938
2802.7156	1038.5388	2813.0884	1032.1434
2919.835	1710.0172	2916.4768	1677.8458
2976.0544	585.7916	2959.8523	581.5664
0.8732702	360.00253	12.073525	361.41837
851.94946	1417.9976	851.09814	1436.0046
1158.6927	1254.9843	1157.6636	1275.0852
2034.0382	750.0012	2033.6636	762.0207
2225.039	803.9974	2223.4243	779.9715
2454.2112	867.9833	2472.3438	1097.052
2479.1248	546.8632	2482.4182	573.94916
2495.616	1434.1504	2486.9097	1354.0098
2502.1165	913.04333	2500.5916	881.97095
2510.8928	965.1119	2514.105	996.8883
2544.2793	934.9042	2541.822	902.0882
2582.2246	1528.9792	2585.6238	1565.8503
2682.0186	1318.1055	2625.9946	1327.9694
2785.3298	799.04877	2784.556	836.03253
2810.6724	415.1302	2814.1785	450.88446
2866.2734	282.96866	2906.4365	633.1793
2900.1548	1211.692	2886.922	1214.6515
2877.9854	1638.9932	2948.9995	1640.0392
2992.9805	518.571	3002.0073	518.1583
579.3763	1089.0437	550.5216	1071.8005
705.02747	1258.0441	716.0184	1258.3595
1080.9971	1559.9487	1058.0143	1561.2521
2172.6836	1474.0051	2173.036	1495.9994
2202.6436	953.06415	2206.4014	973.92773
2209.33	657.9509	2210.2166	681.992
2219.626	651.017	2220.6672	673.9242
2229.4736	1500.0264	2234.2878	1596.0358
2297.0898	1574.0647	2295.2422	1548.0538
2562.1487	1572.9001	2565.0247	1605.9978
2578.9504	1431.2751	2589.04	1430.5868
2727.0144	1359.9983	2731.5676	1399.0504
2784.3098	942.8614	2775.22	856.9767
2837.731	739.0386	2835.9888	772.0522
1380.8043	1001.6518	1394.8616	993.75366
1794.939	505.09216	1754.694	478.4626
2032.2754	1459.9838	2034.2216	1492.9869
2247.6797	729.0073	2247.1318	704.9742
2474.8057	1426.9386	2472.6658	1398.873
2549.4312	950.8814	2552.0913	982.99243
2557.8762	1098.0111	2555.1035	1067.0803
2695.2546	1413.0897	2699.9243	1451.8888
2713.5571	1607.9392	2717.9302	1648.0076
2725.0298	290.91986	2727.6777	324.94727
2736.0847	1458.106	2740.9194	1499.8937
2758.3652	659.89923	2753.882	688.14
2803.7673	1018.0661	2797.462	995.86884
2814.0073	625.9603	2837.1355	630.2729
454.40744	805.0485	452.03198	825.0038
557.8392	1415.8636	519.673	1408.7561
546.1541	1137.0146	549.86176	1097.9868
848.98926	1435.5482	818.00574	1435.7775
928.99896	1524.8142	886.9891	1525.0498
964.81024	1496.666	978.15173	1500.4675
1161.7549	1174.9896	1160.9489	1194.0823
1199.9309	1131.6957	1087.8726	1127.1276
2230.9155	1004.9542	2233.8174	1063.0092
2265.2708	1438.9847	2266.7915	1466.0117
2510.6685	478.9348	2513.3052	505.97025
2551.0935	1485.1626	2548.2703	1452.0623
2548.809	1397.9279	2551.9304	1432.917
2552.0	1607.9907	2579.0068	1608.2361
2576.583	373.9875	2576.1965	355.9958
2595.1157	1522.0725	2592.4885	1490.042
2747.4907	315.04764	2750.3928	346.05682
2774.4067	849.067	2764.5715	762.0484
2857.2715	827.83704	2862.16	865.9795
2950.087	447.76135	2968.7878	454.58142
2978.9465	462.69016	2996.1252	459.72644
419.30505	1171.9584	420.44153	1152.9666
396.71262	552.2933	634.5906	785.39734
2003.1031	1245.0718	2001.9713	1230.9222
2096.1296	264.98846	2099.0654	297.99417
2236.9812	1637.9478	2308.0127	1639.3573
2481.019	1656.2384	2438.9954	1655.1816
2505.9004	474.00568	2504.4204	448.03302
2507.3337	915.89355	2509.8967	948.00824
2514.015	1002.79877	2517.12	1033.8882
2542.6907	1068.1241	2545.9033	1102.0092
2765.7178	487.03177	2769.5325	520.9401
2800.3455	788.08905	2802.472	755.965
2947.0186	973.08295	2962.8945	969.52936
3053.9397	311.9011	3058.055	350.9942
175.28004	1687.6283	157.12897	1690.7499
597.66644	964.44556	556.999	934.0013
987.0069	1489.1963	971.99945	1489.0671
1110.4844	991.97327	1109.7549	1006.0391
2371.7117	1330.9519	2382.7278	1494.0184
2507.903	445.919	2510.2405	471.97842
2752.96	367.00403	2756.2754	399.97232
2835.7188	777.98615	2833.8948	814.9948
2665.9297	1866.6469	3071.255	1910.6521
3042.926	219.7709	3048.067	262.99203
428.86935	1381.6072	373.62958	1369.7217
797.79083	1471.9755	799.2039	1459.9067
947.9875	1243.4722	955.03546	1243.6586
1192.9269	1541.1403	1229.0272	1559.9478
1294.1149	1762.8124	1288.413	1728.9305
2160.8171	307.03793	2156.1953	284.7521
2551.456	1021.86316	2548.5679	991.1346
2592.9563	1446.9198	2595.8215	1481.0988
2744.6733	1557.9152	2749.8496	1599.0189
2756.716	406.03287	2760.6384	439.92612
2795.2153	281.1024	2799.5168	314.06305
2839.442	1273.0691	2835.575	1241.8052
2929.8447	1469.9064	2932.508	1493.9437
818.3909	1484.9601	819.04266	1475.0028
880.6283	1480.0385	881.8561	1459.9912
2025.5195	192.96841	2027.041	217.99751
2182.6829	917.013	2176.0537	754.9569
2241.9568	1002.00146	2242.7039	1024.01
2260.7563	1064.9547	2268.191	1188.9885
2295.2402	1541.0419	2293.6973	1513.0166
2307.0564	405.99924	2306.7844	385.98932
2389.5547	1722.0303	2389.9324	1765.0094
2521.097	595.88434	2524.0603	623.99365
2553.3088	371.06952	2550.6892	345.03125
2591.9783	1481.0884	2589.1084	1447.9042
2977.6633	868.9259	2961.4915	724.1685
3055.044	59.99532	3058.5706	93.04583
678.64386	1210.0482	677.06165	1231.1545
2103.412	279.83575	2088.146	241.5431
2139.7334	1580.9862	2140.1274	1602.0164
2266.8235	1542.0798	2265.048	1515.9288
2316.3015	601.11957	2318.0486	582.0963
2554.178	942.45056	2494.9458	965.86273
2567.9197	1357.0066	2574.0515	1430.9957
2806.7742	761.99133	2805.932	783.9974
2805.8303	375.01874	2809.589	409.0454
2857.4783	772.9898	2856.8325	805.9967
2866.7017	1418.7952	2871.5332	1458.9358
3052.1267	444.06073	3057.9265	431.96475
5.191409	1447.1135	1.155643	1525.008
648.14185	616.69855	629.79846	594.16406
1992.2767	730.9923	1992.6111	743.0108
2152.3074	1657.9325	2153.9128	1689.0045
2210.9019	684.9727	2211.66	710.0103
2268.1814	1575.0394	2266.9734	1549.9531
2469.011	754.0199	2480.753	747.5516
2570.5627	1259.5114	2546.4058	1234.6349
2756.6477	1161.4144	2774.6917	1181.3746
2804.9834	848.76984	2809.2866	885.85065
2949.0007	1622.2572	2877.9985	1622.4689
3037.6023	175.04385	3042.2124	216.86635
534.01044	1494.9181	518.99994	1493.0005
810.95935	1827.5029	789.0218	1825.7302
883.03876	1444.2457	888.8405	1419.7257
2241.0159	1058.068	2239.3455	1033.907
2238.262	706.046	2245.6145	823.9617
2246.8008	1162.0826	2245.135	1137.9218
2279.945	647.9517	2278.9355	669.9971
2387.492	1245.0298	2390.3008	1293.0409
2426.323	472.97415	2443.3035	684.9757
2458.5662	478.87296	2463.6025	540.9511
2552.6494	989.02893	2555.2087	1020.06525
2876.4917	1513.8041	2881.7747	1554.0295
2917.9622	640.94037	2973.4177	605.6565
3027.264	169.96638	3015.6885	79.03966
2517.832	562.01715	2520.3862	587.06256
2532.745	1399.0208	2535.6838	1435.0258
2856.415	1312.9613	2859.8643	1350.0127
2876.4944	1554.1658	2872.167	1514.8715
2239.8691	1169.0089	2241.7744	1197.0154
2283.7168	1478.9108	2288.8623	1577.9552
2517.0173	1039.7957	2520.1765	1070.9822
2555.743	1491.933	2558.7266	1525.0247
2560.717	1020.0273	2557.5312	986.94885
2589.0713	1392.9263	2591.5452	1428.8937
2746.0554	496.99414	2749.8542	533.0154
2815.4304	458.94586	2819.5798	491.92703
2861.201	908.0908	2857.4478	875.06274
2862.8777	872.1283	2866.839	906.7898
2913.8528	1559.7548	2919.5833	1603.0552
2961.1313	489.14493	2949.9346	490.42892
435.03583	478.64734	422.16858	477.3403
1241.5343	1560.8108	1234.3513	1540.5216
1992.5732	748.01135	1992.8928	760.0294
2278.9675	1404.0023	2283.398	1465.0437
2517.961	504.003	2515.7996	475.93842
2632.0	1550.1855	2621.9998	1550.1888
2809.7427	891.7915	2814.059	927.8733
2872.1912	1160.0212	2850.0593	1155.6967
2939.9026	1602.111	2935.7373	1560.9254
364.328	1596.023	365.24292	1582.947
391.79852	1216.5494	445.30444	1236.1697
546.8318	1222.8693	548.1709	1210.9072
888.4571	1458.0541	886.0941	1478.0111
985.7167	1790.5237	938.8952	1765.1937
2096.7983	1473.9236	2098.7214	1494.0266
2239.0916	1026.9963	2238.097	1001.99615
2263.09	1466.0613	2261.3303	1439.9105
2265.309	1509.0518	2263.3516	1482.8988
2539.4924	1030.8748	2542.3542	1064.9702
2557.2407	982.049	2555.1038	948.9288
2599.7393	1529.8403	2602.8767	1564.0114
2605.0637	1333.0907	2608.3523	1367.0627
2761.0657	447.12045	2765.3005	479.96124
2760.887	988.7749	2768.88	984.7609
2778.8352	1206.9435	2812.8572	1204.2177
2859.6257	1398.2343	2855.6494	1357.9359
2545.634	1571.839	2549.0967	1606.9905
3070.384	1671.9994	3070.4363	1708.0009
1812.75	1471.1705	1796.5243	1461.8262
2234.4963	1075.972	2237.8154	1135.0104
2235.0134	639.99945	2237.257	696.95044
2467.8098	588.93524	2475.8137	689.0149
2552.965	932.0696	2550.677	898.0217
2600.0388	1789.6628	2515.1252	1779.9087
2823.571	1009.10834	2817.9294	986.7653
2863.9805	1165.6415	2842.934	1166.7867
2883.2932	923.8057	2922.2307	909.63367
2924.0073	1454.1892	2920.1047	1413.085
3031.0715	952.41833	3043.0627	950.3669
792.21436	1439.8553	789.4115	1455.0758
964.0805	1491.8021	953.77783	1499.7106
979.8072	1072.4287	990.55096	1087.6101
2032.7522	733.0118	2033.3234	745.03217
2036.4414	866.97534	2037.172	880.04626
2251.961	1407.0021	2255.2393	1468.0409
2566.9343	1099.7839	2550.8948	1104.6536
2558.7795	1531.8235	2562.0793	1565.0913
2616.9631	1580.0024	2612.7734	1515.9495
2872.3347	1466.7621	2876.43	1506.9562
2881.6868	1602.1417	2877.447	1562.8439
1122.2908	1492.9921	1123.1107	1522.9696
2256.7432	993.95746	2260.1177	1052.936
2437.4895	678.97546	2435.3364	635.98315
2566.6038	1096.0762	2564.7996	1063.011
2842.7527	1001.0641	2836.7883	978.0549
2860.6858	1355.8195	2865.0938	1396.99
2994.9224	509.84045	2986.0713	514.14655
3070.9307	1736.2399	2753.8608	1718.485
1987.4484	723.01025	1987.6783	712.9697
2244.1592	660.0203	2243.579	635.986
2539.476	1491.8708	2542.5537	1527.0391
2514.0347	1841.6953	2641.3223	1856.1655
2744.7817	1491.0171	2742.5066	1461.9603
2829.159	980.97284	2833.4197	1005.92834
3011.078	885.32886	3033.031	880.1311
1078.028	1319.4368	1190.028	1321.4373
1328.7476	1374.2734	1306.3619	1353.6079
2134.6885	300.80542	2120.826	251.76653
2237.9114	1137.0056	2239.749	1166.0159
2270.1375	1609.0524	2268.5527	1582.9664
2525.8345	585.01605	2523.1194	556.9884
2728.272	327.06387	2731.3337	361.97073
2737.2812	417.07224	2740.9924	454.00076
2839.84	814.51776	2851.8457	810.53467
2917.6272	1390.1449	2913.5938	1351.9374
975.4151	1511.3574	959.5679	1501.1208
2028.0188	725.05334	2028.5988	713.979
2249.7004	759.0114	2248.7463	734.0097
2255.7622	1481.9115	2262.2437	1611.038
2530.4263	806.8683	2523.3303	783.89795
2586.3582	1357.89	2588.7178	1387.0228
2596.4563	1488.8839	2599.1018	1522.0717
2793.0964	635.49396	2809.088	638.5382
2846.0398	708.0868	2780.9377	737.86395
2822.991	1030.9901	2831.3496	1023.38416
2930.7659	675.56433	2920.1448	681.2697
2926.0818	1388.074	2922.9348	1349.0052
2965.708	448.04813	2966.4614	436.9634
613.24725	1825.5054	635.64716	1836.7057
2293.3782	1506.0326	2292.0122	1479.9994
2354.02	515.99817	2352.2622	496.97577
2492.2612	921.9061	2494.7205	954.94635
2585.673	1582.9387	2587.043	1597.9961
2867.8542	1175.2017	2889.1501	1197.9908
2912.4546	1303.9468	2916.7969	1341.0238
2972.1177	894.4956	2993.1216	889.5125
839.01447	1567.6051	828.9963	1567.8448
2575.2532	1447.0731	2578.8713	1484.0126
3045.85	510.62344	3033.7727	515.4284
1989.3888	758.97406	1988.6534	747.95636
2495.6846	970.87665	2498.0361	1002.9974
2939.6682	1561.8182	2944.1768	1603.1986
3048.3987	265.81958	3053.8262	307.89343
168.00987	1666.5511	149.99774	1666.874
448.79758	1231.512	393.18863	1209.523
2543.2092	867.90753	2545.2798	894.97864
2733.5134	379.04663	2736.9592	415.0039
2743.6074	605.3848	2757.381	596.5972
922.0977	1449.7273	936.09247	1454.742
1798.2755	1480.8815	1795.4879	1497.9161
2272.6565	622.0383	2274.7737	641.0252
2542.402	1530.9628	2545.7385	1567.0242
2545.679	900.8644	2548.2798	933.05817
2563.7268	1058.0201	2561.3018	1025.0514
2744.537	1121.1294	2763.214	1132.6531
2818.3323	731.8707	2826.693	818.0298
3060.0225	939.8144	3055.1167	912.79724
448.452	1220.9519	466.88995	1010.9026
2465.351	555.90607	2467.5107	586.9645
2498.5403	1006.1106	2501.037	1039.073
2516.5803	590.0326	2514.4126	562.1233
2651.4832	1641.0488	2648.7292	1611.931
2856.42	966.4327	2868.612	954.60016
1077.019	1540.5867	1058.0066	1541.2035
2033.6613	899.00745	2033.352	884.9702
2186.762	402.87448	2189.9058	447.0067
2784.5273	856.85077	2788.1555	893.9848
2884.4956	1180.2957	2864.5312	1166.2451
2882.4053	1562.8481	2886.7483	1603.0272
1988.6729	742.0153	1988.1534	730.94586
1990.1528	777.07654	1989.0531	764.90485
1987.6676	1681.9834	1988.9323	1733.0017
2536.4705	1451.8705	2539.568	1487.0381
153.96672	1673.4623	131.989	1674.8221
2554.9805	461.9987	2553.3286	486.95557
2558.942	1064.9165	2561.7878	1097.0188
2936.921	905.7715	2954.2642	899.7621
2501.5574	1044.0402	2504.5435	1076.9507
2584.9087	1484.2185	2595.1199	1483.0239
2640.0232	1645.154	2631.0027	1644.9056
2251.5842	788.96783	2250.2598	764.9306
2265.5784	1315.7887	2271.8823	1333.043
2489.632	885.02563	2491.9272	917.93536
2603.0383	1573.0889	2605.987	1605.0012
2812.486	989.9154	2817.0251	1015.9956
2866.154	1459.2014	2861.879	1420.0132
858.04974	1311.5868	974.0468	1315.67
987.17346	1380.518	947.8647	1366.3762
2354.9128	533.02167	2355.246	518.9821
2492.0122	453.9989	2497.6572	518.0302
2759.9822	1507.6923	2714.9602	1510.3167
2917.793	1353.7948	2921.9514	1390.12
1281.8673	1640.1212	1267.0767	1623.93
2499.2405	532.98126	2504.3796	598.9704
2545.6113	426.97775	2546.3032	445.98895
3069.0015	1762.9669	2978.9983	1759.0381
390.052	1223.852	444.9479	1243.1482
948.0709	1636.8284	968.1185	1638.0421
2741.6582	457.1372	2745.4236	493.9567
2863.711	992.0702	2857.9282	968.2603
2889.95	982.01447	2883.0059	957.9983
2942.884	508.2285	2936.6316	532.4217
1121.0398	1580.9801	1129.8538	1598.5723
2508.8428	1119.53	2532.2344	1111.7004
2529.8945	1360.9285	2532.6191	1395.0304
2536.1567	993.0689	2538.9297	1027.0057
2788.8843	898.7933	2792.9666	936.00366
2791.5505	998.87695	2796.7312	1022.06006
1299.5387	1715.759	1287.0991	1687.9557
2168.0	648.09143	2169.286	634.0261
2245.164	689.0204	2244.6035	666.00964
677.04205	1235.004	674.9588	1257.0905
2779.7568	346.2033	2783.0994	383.08163
2926.908	724.6359	2938.198	721.78345
2856.8416	933.6658	2866.9426	928.8791
2870.757	1506.2267	2866.8838	1467.9106
2555.6697	1027.0258	2558.0933	1058.0708
2946.1763	966.2427	2938.7603	941.0706
732.66327	1697.5361	753.32294	1727.0747
2960.0774	488.00848	2960.2742	463.00217
3070.4436	1606.9985	3070.5928	1653.0013
569.9303	1276.1771	531.9131	1261.221
528.7173	1273.7623	569.976	1289.0647
903.00916	1137.8835	891.9205	1137.0114
2032.6614	876.9814	2032.3511	865.962
2515.9988	1639.35	2620.001	1639.7251
2731.6453	195.64044	2740.704	186.70016
2850.5066	969.92346	2854.755	998.03705
2916.1936	1485.8381	2907.0735	1474.9385
2923.9568	1414.0052	2928.4355	1450.9473
2532.997	955.91364	2535.9507	990.0043
2676.0178	1659.2507	2621.0012	1657.9436
2787.4426	762.02026	2785.9763	794.0447
2034.9039	936.05835	2034.2582	923.933
558.3064	1426.0671	560.7438	1414.9438
911.38855	1459.716	916.8616	1447.9357
2771.0552	756.9956	2775.2844	809.9773
2542.5059	1235.3324	2530.283	1238.9548
603.9991	1691.0153	585.00806	1689.8671
1496.8921	574.0762	1474.9576	576.637
2257.192	904.32416	2245.6985	901.06226
2330.0325	523.97424	2324.3135	516.7517
2941.116	557.30597	2948.3757	530.8288
1222.0098	1562.2643	1210.9879	1562.6732
2873.3943	962.10895	2878.0498	987.991
3041.3755	911.96216	3044.4973	942.9499
2523.3135	661.96405	2521.9434	650.00653
