118.00255	581.2562	191.00528	580.53033
349.02667	632.27856	386.0131	633.6457
49.00159	555.56683	131.00049	555.8677
0.9892638	544.5043	41.013702	545.35645
339.00485	617.88574	423.97867	621.5013
340.05106	607.3529	407.18542	612.65027
105.01097	593.24567	187.93492	589.54254
137.00217	606.79553	176.9977	607.2185
91.99899	588.91785	0.9881454	590.0294
384.0437	598.2258	429.01334	600.76373
192.0002	528.7491	164.99994	528.7564
198.3883	1672.7369	92.69746	1728.4258
164.05746	526.90753	206.14201	524.24274
34.00404	631.86066	125.98474	634.5264
272.01328	530.59766	296.02014	531.38885
202.0032	658.89185	556.9578	669.4222
418.98404	892.7726	380.97958	891.9869
1185.1041	646.6343	1153.7983	651.7713
0.9556067	654.83813	171.02547	658.94556
365.9906	891.4456	329.98553	890.6866
379.99298	1237.3518	339.969	1236.5531
428.99673	802.1005	390.97186	800.8669
422.9626	865.0758	382.97617	863.6854
416.00085	920.97644	377.97876	919.57666
400.01184	889.6705	419.02322	890.35333
362.98846	919.4909	326.98486	918.6439
288.01364	1232.8324	325.0086	1233.2648
340.02267	796.4129	375.04767	797.7654
341.00766	1233.5979	380.01254	1234.3417
384.0247	861.22	422.01828	862.42316
391.9968	798.0876	428.02182	799.40186
228.31429	620.91345	230.2094	605.9002
324.99188	1235.9744	286.9862	1235.658
406.8414	797.8804	409.12045	775.80597
1146.9435	652.55005	1115.807	656.46454
329.01697	888.04047	347.01135	888.3585
444.02332	754.0794	318.97693	750.911
333.02252	860.00885	368.02716	860.8045
398.00537	917.8259	416.01907	918.38275
3069.9739	1079.9994	3069.825	1339.9999
230.79886	600.9724	232.87183	585.8454
285.01276	1262.4609	321.01627	1263.3126
319.9732	754.0756	444.02078	757.1655
449.00778	646.7918	548.05615	650.5009
356.11426	795.92523	357.8881	774.9062
345.0253	1203.9098	383.02805	1204.7919
368.0088	863.7573	331.94742	862.4491
338.01956	1263.3114	374.01892	1264.3341
1149.9116	655.9305	1145.359	727.21454
326.0104	916.12415	362.0172	916.5517
374.97516	800.6148	339.95154	799.1996
249.01144	605.69336	216.98141	604.4978
291.02408	1202.7946	307.0177	1203.1141
382.9789	1207.7368	343.98224	1206.6206
349.00317	888.2745	365.0072	888.3442
390.9786	1138.9263	352.97577	1138.0483
409.9854	1087.5876	279.9662	1084.3627
943.65515	1010.93445	944.43524	994.92377
399.8328	860.8711	402.37805	837.8209
452.99054	748.356	312.95654	744.63586
541.003	652.91547	435.95764	649.19666
941.32684	1040.1127	942.7048	1023.89
944.8468	989.99133	945.7526	973.9296
377.99957	917.21326	392.99957	917.205
2155.5068	722.3446	2022.6327	747.022
373.00226	1135.7551	391.00995	1135.9213
383.9729	827.4714	425.99515	826.7266
1372.0441	1129.053	1268.961	1126.7201
381.00183	889.18695	397.00174	889.223
1154.8776	624.56195	1173.0013	625.9833
1184.043	622.5285	1153.0111	621.6217
0.9830837	902.3856	17.039919	903.08997
393.6957	916.867	396.0377	893.90186
608.9561	673.5622	198.9426	662.0435
1150.2849	624.9794	1149.5634	649.9874
264.0115	510.49515	244.97531	510.93738
321.98602	1266.0157	283.99323	1265.4932
327.98373	1206.6133	290.98325	1205.6312
348.40802	858.9345	350.84872	836.8726
376.98508	1266.9908	336.9791	1266.3882
390.58878	943.95294	393.2267	920.9115
403.9817	824.8099	406.13788	801.9188
3070.811	544.5717	3007.5874	577.2005
6.9996333	869.0746	20.004236	869.13855
360.716	1203.8632	363.38333	1178.8278
348.00073	1165.9636	387.00488	1166.761
392.99506	1108.5223	352.9892	1108.1445
217.0318	601.9802	249.03186	602.97815
418.0135	1081.5251	273.95926	1077.4355
368.37894	1134.926	371.49017	1108.8201
435.9805	763.9158	329.9647	761.6575
396.93515	888.9011	399.06995	865.91364
325.96835	1297.0452	374.015	1295.4532
279.9788	1087.7588	407.96268	1091.3357
1155.134	654.84686	1185.1729	650.0922
2641.2993	1339.1692	2582.7825	1354.1501
3070.097	834.9972	3070.0222	858.99695
257.0064	626.2228	188.99754	626.0662
335.99524	1137.4631	299.98877	1137.0927
2925.5544	716.44995	2846.4944	746.67773
169.97592	662.00415	0.9532245	657.95026
399.00076	1097.9708	289.97003	1095.1652
294.02533	1164.7867	334.02878	1165.6224
322.03134	1134.1326	336.04916	1134.6389
376.2931	1263.9143	379.4553	1237.8129
335.05548	768.9302	430.04083	771.47644
341.00122	748.94293	444.01797	751.16864
3070.7314	58.875546	3040.268	84.32102
10.017993	826.68494	28.0164	827.7129
1129.3741	1320.0223	1130.3977	1302.9042
1292.5781	1322.989	1293.0206	1305.9745
2151.2915	684.33484	2022.8392	709.1684
340.9794	1107.6628	299.9879	1106.3885
345.1266	887.9002	347.87173	863.8711
996.7485	887.6842	1046.8339	847.79144
1089.5929	1321.0092	1089.888	1301.9828
300.0026	1134.0786	315.00247	1134.1208
352.81052	822.87024	355.2176	800.80554
354.15213	1262.9141	356.6904	1237.8673
354.00082	1134.9695	368.0176	1135.3478
884.2331	1317.0192	885.8048	1297.9017
0.9769066	793.0522	31.028275	793.71173
274.08374	557.27344	187.94687	553.0953
312.02414	1203.163	328.03964	1203.6246
373.00336	947.0165	413.00293	946.88403
1423.9979	841.9982	1373.9055	899.9183
2031.9841	1690.648	2061.0154	1689.3442
2745.9233	1.2365158	2572.8638	205.03513
2899.934	761.39514	2871.8315	764.4524
3069.7422	797.26544	3037.702	793.61993
60.01248	736.3995	0.95485866	735.1722
400.05338	459.62686	0.9634073	453.31296
349.0836	660.08563	203.05635	653.70935
426.03787	834.65045	329.9732	831.9543
389.78104	1135.7305	397.9997	1098.5577
1118.9481	628.15546	1149.2025	626.298
1118.0667	659.5222	1148.2136	655.6738
10.043602	1069.9047	0.92020524	1070.3444
20.97541	871.9768	3.9861765	871.54913
49.025833	741.8422	0.98281366	740.7702
184.0388	508.22803	205.58498	504.56128
357.23938	1233.8044	360.12936	1207.7921
1150.9327	592.9818	1150.4727	619.991
1337.5153	1117.9678	1337.9056	1099.9762
2522.0225	203.32616	2500.303	271.41565
1151.7157	726.9844	1152.1952	657.00134
1301.4202	1021.98645	1302.2614	985.9594
2117.0159	795.40533	2092.9963	795.6768
2129.0024	780.1275	2039.9967	781.8271
825.04565	728.3427	799.97266	729.19556
3068.1514	521.3368	2995.8276	553.84155
350.67847	1291.9601	353.67444	1267.8353
335.02704	824.99335	375.05188	826.06885
379.67355	1233.9595	383.03162	1206.8799
382.96204	1204.8702	386.455	1176.9319
928.3654	1262.9528	929.9328	1241.9204
1131.71	1265.9846	1132.7177	1246.9321
1152.8551	651.99725	1153.3995	623.0263
1299.5206	1095.0012	1299.5607	1077.9966
2287.2527	1364.5369	2184.0159	1370.2858
2185.0232	1546.4834	2303.0413	1544.6396
3045.2463	637.79755	3066.6245	624.40076
3069.3618	683.91986	3071.4368	770.98956
3069.4023	799.0209	3070.6238	834.0131
18.002993	905.7728	0.9955028	905.8387
430.0514	957.18964	290.05072	953.2143
561.0172	666.31256	447.0135	663.4611
2294.1838	1424.3859	2020.7421	1435.8439
146.25339	1703.4755	192.45418	1678.8522
922.5618	1363.0406	924.01666	1342.9288
925.3226	1316.9523	926.66437	1297.9059
1042.7737	1562.5594	1092.9033	1536.8119
1128.2812	1343.9585	1129.3813	1324.9065
1172.9918	1124.3192	1068.0095	1121.6292
2031.9434	1656.0298	2057.033	1654.5665
2570.019	211.87796	2379.2378	433.34338
2703.0537	268.05316	2618.006	354.00604
342.09042	915.7849	344.78452	891.8631
373.73663	1293.8934	376.01154	1266.9166
298.00006	1102.9966	394.0015	1104.9263
392.4849	1321.0514	417.75665	1082.868
2222.0144	774.9992	2150.0151	773.95544
2220.9973	1540.1743	2181.9756	1539.5665
2517.99	268.14865	2566.014	211.16895
207.75896	622.0821	212.0086	582.78467
361.99945	1533.0635	226.98378	1531.9261
355.00156	1480.7905	248.99255	1480.0059
315.6333	1134.9576	318.76718	1107.8574
381.98724	1316.6826	249.9773	1314.2148
981.9266	953.797	873.9434	949.3857
940.0865	1062.0054	941.09033	1045.9431
933.0067	1013.0076	961.00543	1013.1963
955.7674	1086.0444	959.42004	1022.96643
1180.986	1242.9105	1202.9952	1242.6279
1333.441	1291.9943	1333.8636	1250.9883
2081.006	796.2579	2055.0066	796.3817
2027.9572	1620.5452	2307.0383	1617.0793
921.51764	1384.9852	922.0672	1366.9716
1091.785	1265.9905	1092.6783	1245.9412
1300.0101	1073.0327	1300.5946	1054.9546
2042.1075	1377.3384	2018.0007	1385.0023
2290.548	512.56415	2316.9346	486.9327
2181.9993	1652.6138	2311.0002	1652.771
2357.976	1726.9817	2430.014	1727.8535
201.9775	719.7238	574.08405	731.2969
510.05807	1785.6547	419.02985	1788.8499
1316.0621	1120.0015	1318.194	1031.9563
1330.5549	1391.9384	1331.3229	1373.9285
1376.9811	964.7514	1272.9714	962.13495
2151.0	780.02435	2183.9995	779.8974
2261.0095	1575.992	2196.0059	1575.3782
3069.3118	628.4288	3040.1082	644.2001
390.81946	775.9818	385.86237	825.1876
938.7314	1384.9828	944.3625	1296.8953
954.31805	1106.9515	955.6548	1088.1174
1141.9796	1045.9996	1142.2324	1029.9879
1338.2916	1075.0116	1339.0062	1056.9607
2039.1366	1360.3711	2017.7253	1368.254
2084.998	943.39557	2062.9934	943.28125
2444.01	1644.2328	2520.9978	1640.949
2748.8037	617.73584	2736.7617	626.679
2728.9944	1628.5636	2751.0166	1628.2802
2901.0007	1724.2125	2845.0015	1724.4015
2998.0293	558.0613	3069.8215	523.7173
0.97666323	744.16156	48.97738	745.1259
170.78868	1528.565	151.46248	1537.9521
372.0032	1467.7358	234.98695	1466.0798
304.18613	1231.9105	306.93915	1206.8833
315.64795	946.07104	327.9385	833.9933
365.0215	1164.8892	367.9687	1138.8832
1075.953	823.6073	854.99054	820.7251
880.9613	957.2584	974.99536	960.151
1352.0459	909.16693	1268.9677	904.5865
2184.9983	1724.1561	2324.0042	1725.5947
2484.0608	1421.2614	2446.9746	1429.891
297.2445	1291.9197	299.90625	1266.8837
888.02606	1261.002	889.47076	1241.8844
1318.9844	1030.6495	1286.9548	1029.8812
1844.9476	580.9186	1799.7217	610.0128
2024.9185	1521.5691	2052.0808	1516.4275
2178.0369	1511.1884	2300.0527	1509.1332
2583.1602	1346.6161	2642.078	1331.2994
27.019836	947.6147	0.93452656	946.2717
300.6147	1261.8419	303.47037	1236.8254
384.48453	835.9442	372.66028	945.1797
725.7721	1546.4552	703.20245	1634.309
886.4549	1283.9602	887.8466	1264.9158
1102.52	1045.0054	1102.6963	1027.9968
1081.0046	963.8546	1174.0049	966.8488
1331.8799	1345.9976	1332.7068	1305.9733
1738.9668	689.9768	1900.9833	695.49133
1842.9102	677.08185	1841.6298	660.0278
2297.1897	1434.6111	2019.8363	1446.0192
2957.5642	14.550349	2832.6313	135.61957
3003.1362	990.0258	2981.1265	992.95087
30.980433	796.6194	0.9787853	795.67145
40.998795	751.43176	0.9963095	751.3199
231.08629	515.1654	175.9613	543.92584
328.41522	831.1541	334.6439	773.96124
339.13608	943.01306	341.36478	919.8427
361.62915	946.0701	374.03406	834.7809
406.17905	837.897	403.2594	861.1581
799.99493	732.59375	826.0158	732.2693
1130.349	1288.951	1131.7753	1269.9832
1115.0068	1634.0518	1169.0112	1634.4381
1318.4487	1024.9814	1319.8308	983.9943
2027.0265	1587.4386	2089.978	1583.6354
2282.265	1347.2196	2190.9924	1351.8505
2180.0408	1477.4803	2297.1172	1474.2533
2721.1902	1298.6492	2746.3718	1291.269
197.91531	655.32324	125.95408	650.7175
307.63687	1201.9628	310.10114	1177.908
345.28946	1176.92	332.1207	1294.0135
375.26498	826.02954	381.07227	773.89667
2670.9875	1276.8528	2634.9897	1279.877
179.41194	1543.5438	172.96472	1565.9899
386.82828	1164.9769	390.3328	1138.9103
972.34064	1123.9117	981.38403	953.8609
1167.958	970.61786	1086.9347	968.5175
1300.2875	1051.0469	1300.909	1033.9603
1634.5415	1409.0002	1634.6089	1261.9994
2033.9965	1724.4109	2061.0115	1724.6407
2142.032	1040.1337	2037.0276	1036.2523
2439.951	1562.5779	2513.8835	1553.996
2639.053	1325.1926	2584.7654	1340.1486
2695.8965	1316.5895	2720.12	1310.476
2952.9048	38.90199	2847.4321	141.41577
38.99964	1785.1111	0.99682	1784.9889
645.715	920.974	647.8051	898.0735
826.02545	736.158	798.9726	736.7527
967.9989	965.0293	887.96204	962.00574
1124.6453	810.57196	1003.6749	910.81445
1293.5272	1291.0164	1294.8046	1249.9628
1363.0029	976.91846	1284.9596	974.13196
1875.839	647.2003	1891.7333	610.45215
2179.0215	1374.4028	2289.2417	1368.5532
2598.868	1494.143	2654.098	1485.6359
2987.953	998.6164	3006.0483	996.3926
865.9872	1227.5961	954.0109	1229.4929
1104.9857	995.99945	1105.6273	978.94836
1149.3151	618.3361	1118.9377	615.7242
1140.4088	1068.9832	1140.9215	1050.9694
2025.1661	1554.9723	2054.1736	1550.0165
2329.6282	490.66122	2308.6538	513.68463
2328.2842	433.1685	2325.9287	451.12186
2734.0007	1723.6113	2637.9993	1723.441
2789.5024	174.50656	2746.6846	217.68718
3035.8228	84.79535	3053.5325	69.46017
3069.033	766.2033	3024.9841	764.3864
391.05362	1307.6124	246.05936	1304.3566
415.68677	917.83716	422.24976	864.907
82.02129	1811.8275	438.02368	1809.146
812.0043	670.9198	809.0183	708.00146
927.4025	1284.0159	928.1162	1265.9651
1144.6854	1389.9878	1148.1365	1300.9666
1170.5012	1633.9756	1171.4823	1613.9746
2490.8474	1506.0045	2453.948	1511.6603
2510.9658	264.1563	2534.8503	234.878
2602.1885	1541.3297	2660.0183	1533.1295
2610.9414	1635.0828	2669.024	1631.3749
3039.9949	1728.7688	2957.9985	1728.231
3067.6768	856.0141	3066.8904	837.96124
312.2947	1163.8197	315.03467	1137.898
854.7691	820.14465	858.13226	779.0108
960.37775	1011.8918	962.8444	974.9229
1821.9171	320.00076	1823.7218	516.0118
1827.1459	516.98065	1825.3718	319.98764
2500.0994	1377.3801	2427.1196	1396.4576
2491.7231	479.72842	2466.9712	504.97177
2443.9338	1603.2189	2517.9111	1596.9502
2658.1619	1526.3798	2619.9834	1530.8586
2452.9885	1728.9283	2737.0022	1730.6195
2667.0105	1624.1592	2626.985	1626.7732
2961.7598	1190.4053	2896.6697	1196.4324
0.988793	712.3027	185.03267	719.1178
164.00157	1542.3256	180.00119	1542.2487
340.47488	773.94434	335.1578	824.1227
1026.0519	1239.3203	1047.082	1240.926
1102.0033	1067.0	1102.0164	1049.9993
1153.7579	621.01416	1153.992	592.008
1165.5302	1711.019	1168.0791	1639.9669
2437.9524	1520.6803	2510.9736	1509.8229
2583.8477	1364.4354	2642.186	1348.6892
2605.995	1587.9401	2664.096	1583.1682
2620.7546	356.75742	2703.784	272.78644
345.00098	1549.6509	241.99623	1549.367
247.0225	1528.388	348.01678	1529.7975
333.22125	834.9153	321.3289	944.2533
292.01273	958.5219	427.99615	962.1442
618.33527	1268.0259	619.9651	1246.92
915.6566	1109.0421	921.3731	1019.8957
971.0239	1119.0562	863.0427	1116.316
1090.8768	1288.9463	1091.7855	1269.9419
1126.9308	1388.9974	1127.6244	1369.9863
1204.1349	1242.9368	1205.3044	1226.9491
1291.0906	1391.002	1291.9912	1349.9998
1800.3989	610.82947	1777.3069	649.7749
2042.8999	1437.4846	2266.946	1431.1053
2183.9993	1688.0757	2310.9985	1689.1759
2615.0076	1682.5017	2674.9937	1681.5856
2741.0063	1736.1407	2667.9976	1736.548
2761.6477	754.4438	2670.6675	812.05396
2696.8088	1222.1078	2785.8923	1230.1864
2660.614	265.59055	2878.25	39.316895
2870.2966	142.24963	2949.7317	67.78039
212.9881	581.3684	253.00247	581.7163
431.72183	961.8767	452.17493	749.824
879.2546	1110.9509	888.2709	973.952
1240.3112	1637.6094	1253.9261	1578.7516
1429.023	835.5332	1211.9666	832.1358
2017.9076	1389.7131	2044.9958	1380.9872
2142.9976	1091.0624	2050.9402	1087.5829
2092.026	1104.6906	2068.9363	1102.7654
2404.0	1720.9982	2380.9988	1721.0284
2517.6643	740.56226	2444.5176	796.6747
2561.7153	1183.3077	2482.884	1215.7181
2432.967	1480.8269	2504.0615	1467.3241
2636.947	1316.8151	2590.0725	1330.2526
2722.9219	666.4061	2685.249	691.88983
3069.7886	1023.5631	3028.9229	1027.1106
10.856308	791.9789	14.842129	764.83
615.73364	1296.88	617.81775	1274.888
705.8147	1634.2549	732.4474	1549.14
1135.333	1715.0118	1137.9758	1640.9635
1354.7717	1120.9945	1356.912	1031.9739
1880.5791	1627.0999	1908.1152	1553.0428
2020.6216	798.6077	1996.68	821.70496
2037.3132	1351.0261	2018.6553	861.1274
2664.127	1263.2192	2638.983	1265.835
2998.0784	933.60364	2969.0483	937.3718
361.80545	775.0972	359.2644	796.1526
613.24634	1324.0228	615.2892	1302.0269
951.9948	1234.2314	868.9693	1232.3634
1143.9106	996.9948	1144.8401	980.93286
1174.5969	1127.9518	1180.3715	959.9784
2152.051	1278.5269	2058.839	1268.4938
2429.0264	1389.097	2496.2285	1370.8414
2741.587	564.47076	2640.856	643.0966
2712.9734	1475.753	2736.0286	1473.2648
2965.7842	1174.9277	2895.8481	1179.8387
3047.1423	984.1171	3028.9282	986.4362
3039.9902	737.58295	3068.9954	737.76324
292.12988	1176.1306	278.60034	1293.1849
249.00113	1310.9421	388.00653	1313.6674
421.6761	861.96234	424.59903	836.83704
620.6385	1240.9707	622.4234	1218.9532
813.62714	1848.6923	780.49225	1880.552
944.2495	1285.8147	949.6674	1234.6471
1308.9491	1395.0211	1310.9965	1302.9554
1356.0035	1031.7455	1328.981	1031.3687
1267.0148	1137.3173	1372.0305	1139.5884
2026.036	1457.1698	2049.0603	1452.2837
2152.0842	1209.1167	2044.9138	1198.9047
2426.2747	1317.855	2471.1423	1303.4434
2487.0137	1722.0161	2453.9922	1721.5573
2501.044	1461.2501	2470.9182	1466.534
2743.14	1568.2902	2723.9321	1570.3743
2801.531	297.56946	2763.7507	332.8049
35.98218	763.5677	0.95391655	762.4682
0.98898953	956.85974	27.984562	957.20544
176.71803	545.3172	197.17744	566.83124
321.99808	945.0736	360.02438	946.0658
643.6349	946.97095	645.30695	925.9449
1860.2981	677.9906	1859.1969	642.9938
1993.317	428.0041	2055.863	406.5996
2180.998	1581.8513	2306.029	1580.1736
2502.9958	1678.965	2465.9963	1679.1154
2511.1423	1547.0239	2478.9312	1551.505
2559.7363	1342.7899	2580.0776	1338.3564
2621.8833	1387.4921	2592.81	1394.1735
2591.9348	1401.717	2646.2788	1389.212
2842.9587	665.57837	2868.966	664.8249
2975.9954	1112.8284	2887.871	1115.1945
3026.1023	585.1705	2999.336	601.2272
1.1064351	865.0088	3.267672	838.8568
178.3112	1573.155	195.4613	1538.7316
272.45963	1295.0538	286.43216	1175.8163
1074.2616	957.01306	1065.9161	1124.1456
2019.7726	1373.3514	2040.3931	1366.121
2229.0032	1682.6127	2185.006	1682.251
2373.96	1648.1348	2423.0862	1645.8638
2449.9905	1686.4216	2525.003	1685.1842
2595.3147	402.30334	2517.0554	480.0424
2614.9973	1726.3391	2531.987	1725.7023
2641.9233	1577.3087	2606.91	1581.1864
2596.9656	1447.8306	2650.2114	1437.0437
2714.9329	398.9297	2662.2268	449.18918
2807.0447	1343.2124	2732.2083	1358.9874
2889.5315	133.49518	2910.2888	114.233536
313.32352	745.038	288.50708	956.2945
353.01282	1109.0013	347.20786	1165.2279
412.9965	775.9996	410.13766	799.14056
812.4951	707.11646	815.307	671.0239
883.2462	1338.0575	884.1295	1318.9137
1104.3538	1392.0612	1108.5596	1298.9349
1127.9255	1366.9968	1128.7278	1347.9464
1356.9982	1027.0	1357.8926	984.95514
1825.5339	679.1009	1822.9762	641.9328
1998.9795	848.8169	2017.703	1358.0109
2428.8696	1440.442	2499.9578	1423.8195
2496.886	1591.6305	2461.9617	1594.5386
2634.856	1481.856	2598.9224	1486.3837
2724.013	1578.1588	2746.1108	1576.3677
273.82697	1077.978	244.4991	1308.3182
769.53546	890.2245	753.6137	1070.0543
922.02014	1013.10004	924.05756	971.9533
929.3321	1020.02094	923.72565	1109.0457
937.56177	1105.0189	938.03406	1090.9675
1103.9315	1014.996	1104.8724	998.93396
1108.8618	781.932	1099.3845	801.1892
1116.9744	1114.0437	1120.9207	1025.9517
1173.0219	1573.3336	1149.9789	1573.7102
1272.6063	962.0215	1266.6862	1129.0952
1373.805	1132.9796	1376.6461	965.95996
1416.4628	942.3461	1427.9615	926.97125
2135.988	928.7727	2043.9791	927.3353
2362.8093	1456.2041	2407.8599	1445.415
2532.6702	901.4693	2462.897	944.8341
2699.766	288.76718	2626.9424	361.94275
2742.026	1284.0701	2697.7803	1300.4047
2707.0312	1426.2001	2727.0112	1423.0719
2746.6042	258.58694	2761.399	244.41643
2768.4153	225.39232	2739.7395	255.75388
2776.4106	228.3519	2806.2239	201.2463
3009.3955	355.54086	2961.441	390.603
3070.4705	360.00204	3070.551	381.0017
917.0082	1286.4741	945.01697	1286.9109
1106.5123	1612.4844	1094.3455	1650.47
1122.7734	1699.9446	1124.5352	1660.979
1148.3474	1290.9683	1150.5863	1244.9799
1156.2231	1115.0089	1159.7188	1027.9486
1429.8622	928.9967	1411.7455	1692.994
2023.0035	1489.0144	2052.199	1481.8055
2275.972	552.8528	2157.2222	688.19495
2197.0015	1339.9108	2247.0212	1340.7966
2312.8315	900.7899	2261.65	941.8108
2254.97	726.968	2290.616	693.6593
2404.074	1390.2736	2356.7446	1403.0548
2395.9868	1300.9647	2366.6047	1311.9418
2364.9722	1493.8503	2411.0476	1485.2552
2461.128	1278.3235	2428.4856	1291.2281
2610.9785	1255.9254	2623.123	1252.4272
2758.246	793.41693	2742.4404	802.7463
2732.9983	1679.8691	2758.002	1679.915
2830.7825	666.7784	2787.3953	710.3985
2921.4111	598.72595	2889.1006	606.4219
360.32962	1238.0309	357.9778	1263.0918
350.86273	1731.0918	379.5178	1461.8423
621.68915	1500.0273	574.72003	1492.8258
638.82886	998.8865	640.75867	978.9766
881.3055	1362.9476	882.8154	1342.9108
912.8827	1294.9929	907.24835	1388.0756
932.5513	972.0343	929.9965	1013.0621
956.7481	1394.9873	965.5061	1221.9244
1108.3414	1669.9805	1109.916	1616.9678
1348.3993	1395.01	1350.71	1302.9677
2215.0068	1471.2618	2176.9915	1470.9078
2494.1082	1365.3937	2426.954	1383.833
2931.9624	1746.8754	3070.027	1749.65
223.02913	1739.2559	195.0329	1738.1598
349.51968	1529.0585	354.8292	1481.8683
880.29987	1384.0125	881.0517	1365.9604
924.0395	1338.9453	925.11993	1319.95
1082.0989	824.3702	999.3738	890.713
1163.5828	1028.0256	1159.8339	1113.0808
1364.0137	1403.9958	1260.998	1403.2914
1292.9869	980.43744	1363.0438	982.5369
1634.5251	1484.001	1634.6434	1416.9994
2121.795	793.88794	2128.8733	780.9307
2340.4424	1272.7605	2287.3015	1296.6699
2466.961	1468.7754	2437.8008	1473.8577
2580.3086	1396.2808	2507.4429	1413.8383
2649.182	1429.966	2609.8804	1437.3645
2754.576	336.50403	2768.5908	324.52136
2970.5554	167.50142	2884.9048	243.89313
367.1701	1178.9138	364.64932	1203.1714
379.9886	1461.509	226.97588	1458.0751
566.48157	1692.0426	576.6814	1576.8832
740.1269	1519.2028	682.8274	1510.0846
955.0307	1398.3325	846.0492	1396.3273
1043.9083	841.327	1070.2184	823.31915
1088.2014	1343.0659	1089.3068	1322.9071
1160.0363	1401.8391	1054.0159	1400.0577
2129.0083	1106.8947	2106.9087	1105.1747
2353.9705	1453.8749	2304.3684	1465.5631
2365.9536	1532.7207	2414.1167	1524.701
2458.8086	512.8005	2427.9648	543.95526
2500.0115	595.9472	2463.88	629.87213
2683.2014	707.2521	2662.7336	756.4733
2823.026	1538.253	2790.0654	1541.6376
2914.7085	403.05096	2945.8423	393.48657
409.92108	803.1005	407.62112	824.1769
616.52747	1214.0475	606.6191	1324.1458
798.9912	740.734	826.0607	739.841
861.9616	1126.7428	971.01886	1129.1436
1108.7036	1291.0308	1110.7134	1244.9874
1109.7468	1551.9963	1109.3694	1577.9908
1509.0535	991.7847	1502.195	1053.8004
2098.2903	330.21393	2085.6978	373.62225
2191.6072	1575.9576	2189.79	1549.8752
2150.9985	1445.3324	2217.0005	1445.1938
2242.4268	1775.9762	2239.741	1727.9585
2405.1436	1402.5599	2355.7964	1415.2056
2376.9934	1687.6361	2426.997	1687.3942
2474.022	1552.1879	2443.9648	1555.6987
2573.0422	205.31581	2522.9246	202.22284
2653.0022	1675.059	2617.0	1674.9751
2836.1729	138.17905	2958.3276	20.30322
287.82687	1167.0977	294.45923	1110.9362
413.231	943.02765	415.88138	920.8662
791.7215	754.05994	787.25104	807.8547
868.4709	1558.069	872.016	1533.856
905.1573	1287.0637	907.6959	1240.9282
1087.3896	1365.0085	1087.7859	1346.9733
1129.259	1026.9677	1125.4159	1115.0618
1282.4436	1113.0099	1284.2759	1030.9615
1634.8593	1767.0007	1635.0615	1542.9991
1883.0055	616.1503	1809.9976	616.499
2265.7847	1506.963	2264.4688	1479.025
2357.385	1690.0413	2348.4543	1557.0366
2431.2268	546.2273	2492.2827	485.28146
2517.9875	1633.7686	2485.9724	1635.4835
2527.0044	1722.3433	2491.9993	1722.1025
2538.2493	237.49057	2518.4824	260.416
2801.5864	193.58179	2770.9102	223.92033
2873.045	767.54767	2900.0273	765.33435
0.002584607	1148.8705	10.001434	1071.8704
199.50256	1684.0588	193.99579	1731.1166
217.40372	584.92926	213.00473	622.00055
320.80002	1293.9777	333.9845	1175.8866
742.1499	1583.8849	747.1415	1547.0192
795.77057	937.9833	785.4827	1078.9623
809.96484	725.3031	827.07263	724.4404
1078.5433	1169.4293	1135.7584	1162.1115
1156.0026	1238.8835	1073.9762	1237.0901
1121.366	1019.016	1123.159	977.96326
1142.9497	1016.9422	1143.8308	1000.93567
1351.1895	1296.0197	1351.9479	1249.9991
2268.6267	1577.0027	2268.4255	1548.997
2281.7598	1070.6317	2323.5852	1043.3636
2368.8804	1570.9973	2417.1477	1565.2377
2855.0208	508.02625	2882.9023	485.8772
363.77106	1209.0847	361.02307	1234.1123
580.07916	1682.0076	582.6808	1654.9692
593.3497	1578.0286	591.31104	1603.0254
675.543	1542.9878	675.16864	1557.0311
731.18396	1635.7911	742.84674	1590.2167
1311.2797	1295.0417	1312.7811	1248.9929
2122.0122	944.7413	2096.9734	943.56714
2236.8245	1684.0106	2235.1301	1655.9318
2403.9802	1640.6355	2374.957	1642.2037
2450.587	798.4633	2516.6914	747.59894
2742.9944	579.99255	2695.607	615.4749
2753.0437	1671.8486	2734.9888	1672.7809
2949.0286	52.029415	2857.009	141.00922
3069.0688	750.13446	3023.9458	748.4673
27.025324	837.67004	0.87237984	835.6629
859.41003	1599.0314	862.4777	1558.96
874.4976	950.1126	861.8578	1118.2148
898.74194	1388.0454	904.44666	1294.9049
943.1521	1068.0098	942.11566	1084.072
1105.55	1050.0103	1105.2332	1067.0415
1162.5723	1406.9169	1168.7039	1227.9556
1518.4856	1096.9962	1518.2166	992.9917
2081.1377	817.0045	2081.8237	795.9617
2195.6665	1647.9519	2193.785	1621.8712
2199.7097	1720.9547	2197.7908	1690.8857
2371.1523	1318.3866	2397.0684	1308.1737
2479.98	1636.5919	2447.959	1638.168
2520.6138	751.4906	2452.8782	802.8393
2838.0186	1730.0403	2766.9678	1728.6643
273.00427	1295.4371	321.0012	1295.5686
335.40118	1165.0475	342.1752	1107.7842
648.90546	886.94727	649.8696	866.9455
688.4145	1561.054	693.7289	1520.2251
927.4981	1343.9628	926.08124	1363.0801
930.0562	1316.2748	941.06757	1317.1282
1044.5441	1519.2145	1103.7684	1504.093
1140.0017	1573.5095	1116.9985	1573.4292
1331.5281	1369.9923	1331.836	1350.9812
1638.3009	1357.9929	1638.5859	1410.0023
1928.9935	509.00906	1974.2526	541.05554
2168.2488	840.9867	2194.9065	1339.0585
2189.9924	1356.3832	2255.0068	1357.6561
2369.999	1609.9902	2419.9385	1605.3401
2636.9	1138.7418	2610.057	1149.1469
2700.9895	407.10764	2712.1345	397.1507
2722.1582	1317.6512	2696.945	1323.7737
2704.106	1375.482	2721.1611	1371.7329
2731.8408	1465.0919	2714.8374	1468.0725
2937.8562	190.98277	2967.292	165.335
3071.8445	528.08875	3002.679	559.2881
324.61353	1739.0684	345.70166	1549.8553
573.77655	1486.3922	625.879	1494.7539
790.629	1530.5817	778.9469	1540.9401
874.30255	1900.4779	885.9286	1884.9465
872.99615	1121.2269	963.004	1122.7622
959.99615	1021.0638	928.9876	1019.2071
1115.734	1639.9812	1115.2593	1672.0038
1159.9987	1027.0204	1128.9344	1025.016
1184.8483	1682.0737	1186.9403	1657.9949
1371.1592	1042.0193	1369.7294	1127.9623
1845.4254	660.887	1846.6982	676.94464
1973.3453	541.0741	1975.179	582.03674
2087.6072	965.01117	2087.123	947.9965
2111.501	1500.0178	2110.6067	1474.9784
2088.1064	393.28424	2246.0764	395.46295
2227.843	1541.0063	2226.7476	1513.9697
2793.8367	301.8328	2807.9963	287.9963
2825.7856	497.71637	2839.5037	487.3436
300.50888	1107.9482	294.58386	1164.1669
399.95572	893.107	397.26474	917.1416
417.09808	1780.0676	394.0173	1782.1884
627.2577	993.0236	636.6276	890.8741
789.1213	975.0083	791.78735	935.9855
826.37366	1594.1157	811.66864	1604.5322
1121.0028	1290.9005	1148.0376	1291.6594
1174.1475	1656.0046	1172.372	1713.0116
1356.9896	1242.5004	1276.9827	1240.8323
1362.13	985.00323	1358.6418	1125.9911
1646.1256	1638.9999	1645.7472	1246.9993
2001.146	419.808	2007.4745	391.65707
2592.3486	1051.7188	2630.1794	1033.37
2760.211	771.7649	2681.4229	822.0966
2749.969	1732.6211	2836.0142	1734.2625
2922.998	1735.1674	3052.0273	1736.7162
3027.9202	993.1891	3047.03	991.3055
3069.353	464.0765	3060.0425	467.1298
0.9914039	758.3817	34.002567	758.58704
31.059137	938.0085	59.87511	737.8381
387.00894	1175.5306	286.96902	1173.6277
548.9543	1719.3882	589.1037	1716.3871
623.15906	1329.014	632.7274	1220.9758
664.5117	1656.6957	719.9272	1648.5072
762.0514	1370.0039	769.3526	1272.8762
925.29535	1570.0411	930.3112	1534.0433
1086.5258	1388.0027	1086.6125	1370.9929
1134.0033	1018.9222	1159.0431	1019.9698
1159.5762	1019.8699	1163.8035	973.61646
1292.3087	1346.0065	1292.6895	1327.9723
2093.5164	1367.1447	2092.1365	1352.9867
2273.8726	1648.0067	2272.4966	1621.9738
2433.056	1297.1466	2464.1096	1285.287
2504.8186	826.71497	2480.9456	841.91437
2717.921	1526.2738	2741.0818	1523.7498
2750.1746	1302.6337	2726.7493	1309.0903
3070.5334	55.99987	3070.4631	307.00012
351.5638	864.9481	348.797	888.2137
756.1307	1340.9398	757.4502	1321.8926
828.0068	711.4018	802.00256	711.5271
855.7076	1220.0483	843.4123	1400.1647
1082.3647	1112.0161	1086.2056	1024.9209
1148.923	1600.996	1147.3142	1632.1196
1149.999	1738.9537	1180.0066	1738.308
1296.538	1305.9917	1296.4409	1323.0082
2092.6228	1347.0895	2091.709	1333.0189
2186.954	1506.0023	2185.5686	1478.9198
2232.8474	1614.0084	2231.2542	1584.9313
2347.2412	1764.9786	2348.6658	1781.0297
2379.0266	432.7267	2328.9858	431.67944
2457.4453	1267.0463	2412.9253	733.0896
2464.9412	1299.8346	2425.0173	1314.0486
2611.75	1228.4517	2596.2375	1235.5215
2810.0718	1359.3568	2744.3176	1372.5798
2886.4485	236.51051	2921.5752	205.65472
5.235301	826.55334	10.034897	796.84406
628.52094	1491.0735	573.7603	1482.5377
667.02936	717.9618	607.5436	672.29193
685.7599	1514.4767	727.9455	1521.3351
895.31335	1553.0378	898.11053	1529.8925
894.0107	967.6805	963.0005	969.98566
1118.7567	1245.992	1117.2275	1292.0408
1101.0519	1703.2699	1121.0809	1699.4213
1066.0275	1130.9503	1173.0327	1133.7491
1175.0099	1615.0109	1174.6005	1653.0065
1183.3112	1740.0132	1185.2197	1695.0093
1210.499	1758.0708	1217.186	1522.1754
2089.3237	1169.9724	2090.5317	1184.1254
2408.1753	1694.9832	2410.3767	1717.9639
2741.3418	263.12433	2734.097	283.03525
245.01239	1318.3225	390.03705	1320.9739
354.51688	836.9456	351.8988	860.2136
600.62286	1322.0552	610.3596	1212.0319
642.30023	893.027	632.85986	997.98737
742.99945	1636.9993	754.00055	1636.9932
808.26025	1494.1398	842.7172	936.92065
875.00116	1286.0785	903.0011	1286.114
894.9989	1012.32965	919.0005	1012.29114
1078.0084	1290.4836	1106.0173	1290.9425
1136.1584	782.5627	1093.0995	814.48315
1147.1238	1576.0043	1148.0483	1549.0017
1264.1832	1228.9696	1257.2983	1414.0111
2011.4438	387.7815	2006.9213	419.98892
2102.2349	174.9803	2102.8093	210.98709
2352.2754	1466.1821	2311.1753	1475.7529
2346.443	650.4219	2317.411	678.38855
2530.8066	917.69	2471.7095	954.5342
2874.2917	1139.9099	2892.3584	1134.1178
2945.3928	132.4154	2932.5398	144.57076
17.299028	903.8955	27.14185	837.8721
580.8896	1574.9905	571.0756	1688.9204
648.26416	1005.02216	656.7322	904.0614
797.22284	1530.0376	782.01746	1620.1716
915.98114	1239.999	913.55383	1287.0801
1121.0034	1024.7898	1089.9954	1024.2838
1117.1471	1572.0181	1117.6993	1536.9952
1641.962	1778.4844	1658.9435	1777.2325
2087.9993	1028.0111	2073.0015	1026.9791
2095.5251	1128.0026	2095.3965	1103.9979
2116.0898	1621.9934	2117.0447	1634.9967
2129.9	1574.0059	2124.9531	1489.0027
2278.9133	1721.0052	2277.0889	1690.9946
2324.1707	1050.2568	2283.751	1077.1295
2350.6155	596.5775	2368.9932	576.99347
2722.6086	676.0611	2685.6836	702.5591
2733.2031	809.3276	2705.3674	826.59235
2807.0015	1681.6382	2839.001	1681.7596
2936.6697	592.7138	2899.5273	635.5906
3007.035	380.03152	2991.8484	396.86328
3025.0034	939.04816	3041.99	937.8558
230.0095	1535.2727	357.01395	1536.9325
426.5834	825.87036	428.68784	802.8799
646.7259	1661.9695	642.2608	1702.1401
657.8882	894.05707	660.9127	846.9944
933.6146	1242.1119	932.2301	1262.0853
1061.5186	1224.8723	1052.3981	1402.1234
1657.5304	1778.0044	1655.7102	766.00055
2002.3385	400.82272	1998.503	415.13483
2037.9639	1774.4336	2064.0327	1776.6074
2084.652	1145.0328	2083.2415	1130.0715
2648.459	645.5927	2740.9702	573.9616
2714.8733	1304.5616	2696.661	1309.8273
2717.075	648.0965	2731.1284	637.1652
2846.8987	1728.679	2907.0017	1730.9529
2943.6465	86.623405	2926.5913	102.6301
2975.287	789.27747	2945.3281	820.2833
621.1	1151.0072	617.22314	1205.016
633.3953	1210.0918	636.76404	1158.9186
840.9993	1531.1996	828.40326	1594.2802
902.94275	1570.1096	923.044	1571.1471
1013.2034	1613.4473	981.8637	1627.7004
1114.3502	1611.964	1113.0684	1635.0593
1325.815	1031.9956	1323.7036	1120.0168
1327.7303	984.98615	1325.6177	1026.0317
2112.1597	1520.0464	2111.2725	1503.985
244.63338	1550.1698	224.9986	1739.1038
348.37677	892.03815	346.03238	915.2057
402.84955	865.08405	400.46854	889.1453
1078.3647	1244.0071	1077.4725	1290.0286
1091.9235	978.9974	1090.5753	1018.0544
2040.0663	355.57675	2031.9264	392.765
2054.086	1449.4817	2141.033	1447.3353
2100.7502	1538.0591	2100.0361	1522.951
2133.3354	1298.8712	2134.7964	1314.0197
2374.0117	1708.8651	2314.9973	1708.2538
2406.9246	588.9581	2373.9563	622.98895
2491.043	1228.1051	2564.454	1198.1115
2490.0671	1219.1678	2562.15	1190.3755
2902.0115	1676.6604	2943.0164	1675.9548
3059.809	480.66248	3069.6284	475.1114
322.30222	1109.0312	319.60126	1135.1655
625.93414	1176.9988	626.241	1159.9863
718.047	1656.652	703.97595	1657.6666
1062.4128	1186.4921	1078.6963	1172.8298
1175.0063	1762.3475	1125.9862	1763.2472
1236.5753	1608.0043	1236.3514	1638.0101
1320.6827	1249.0201	1319.3267	1295.0391
1646.2622	1741.0032	1646.0485	1690.9955
2224.172	1471.983	2221.7053	1446.9305
2496.0527	1562.9004	2498.7156	1591.027
2557.9175	1817.9923	2456.8682	1809.5845
2707.0742	784.12115	2725.0583	773.09503
2870.0193	504.03275	2853.4536	513.77155
3005.7666	478.49136	2988.6902	486.32455
3064.2917	711.2861	3040.0374	736.0173
227.3323	1459.1625	201.10785	1674.1351
375.08838	1110.0088	372.5717	1135.1572
892.55505	972.9729	890.17755	1012.0108
920.9873	1019.3107	889.99805	1018.04724
992.3083	904.331	1002.6384	893.6503
1025.9066	1222.9943	1024.9236	1239.0565
1116.5839	1298.9835	1112.9034	1392.0358
1131.4031	979.0127	1130.1404	1019.03595
1143.2909	1095.016	1142.2983	1113.0165
1182.6204	1560.0184	1183.5714	1528.017
1638.451	1266.9987	1638.5288	1354.0004
1978.2776	698.9654	1975.2195	585.9941
2081.6743	1006.9534	2082.5818	1020.0979
2102.1438	1311.0044	2102.8394	1287.9951
2243.8586	751.7566	2228.8105	768.83307
2397.0803	1322.2266	2364.879	1333.659
2800.9001	241.09389	2803.3054	218.03186
194.72165	1539.2318	176.53365	1528.8142
307.18814	1237.02	304.50668	1262.1606
310.78497	1207.086	307.93344	1233.1023
396.79156	921.08405	394.34332	944.14264
288.02014	965.2469	429.9455	969.03986
518.84717	1768.783	514.0966	1794.0182
769.9804	1262.0647	772.8917	1217.9269
780.4734	924.9668	777.63293	970.0399
861.8737	1388.9923	867.65015	1293.918
892.0019	1632.6592	867.005	1632.7313
889.30084	1020.0199	883.4715	1108.0312
1100.461	1089.0084	1100.7545	1072.9772
1146.0054	1524.5183	1120.0083	1524.79
1298.6791	1250.0249	1297.1387	1292.0784
1336.7876	1304.9913	1335.1174	1346.0454
2067.0796	1102.9783	2068.8364	1190.0234
2141.5286	1525.1228	2140.1882	1509.0677
2145.1106	1357.0337	2144.467	1340.0201
2270.1062	950.13605	2315.5256	914.6732
2320.9878	1039.9811	2277.9626	1067.9424
2468.2969	1735.0621	2472.9785	1788.0018
2500.944	1360.8281	2517.1755	1355.5383
2578.9846	1330.9489	2560.816	1336.3843
2585.2815	1685.0726	2581.5415	1648.0463
2667.807	392.01486	2665.3481	360.05014
2716.9607	685.72723	2740.9688	684.98596
2753.9612	895.9318	2773.0269	885.0471
28.372509	826.89856	40.519314	751.7606
238.0077	1470.3025	367.00302	1471.7274
615.4194	1693.0337	632.06067	1486.0049
1092.6935	1322.994	1092.3062	1343.0253
1188.3842	1650.912	1179.7856	1613.362
1280.0133	1293.4717	1310.0446	1294.2257
2133.695	1374.0145	2132.976	1358.9534
2194.9976	373.13727	2179.9841	372.85962
2367.0403	1337.1158	2397.2073	1326.5941
2372.5938	567.5819	2446.6274	495.64584
2674.6475	814.44305	2762.3218	758.929
2815.108	1471.098	2805.0002	1379.1099
2871.0686	765.11237	2853.341	775.91925
2899.5854	638.74023	2882.9304	651.9121
629.94727	1156.9965	628.45325	1179.0308
744.8989	1364.0702	752.5614	1265.8877
752.9292	1257.0712	756.38293	1211.9528
828.0043	748.08575	795.99994	748.01416
988.9693	890.59784	890.9197	885.5651
1099.2484	1110.9656	1099.9808	1094.9534
1264.5183	903.5004	1137.1469	780.8862
1408.1368	952.97894	1389.4677	1717.9626
2104.948	1543.951	2105.7808	1560.063
2128.3103	1172.9498	2128.8508	1187.0822
2144.9146	1377.035	2144.364	1359.9883
2416.0525	1599.5963	2386.9263	1602.165
2489.1382	499.13922	2436.921	550.9285
2465.6995	948.5227	2533.7778	905.6474
2677.8633	482.0128	2674.5007	446.0467
2828.0085	1587.135	2796.0117	1589.1836
3041.9773	920.63306	3056.031	921.1376
610.97327	1201.9979	615.01794	1148.9252
633.02234	806.4007	679.4418	838.79974
739.43835	1548.0873	722.3103	1634.0618
757.0629	1267.0048	749.4713	1366.1127
930.1056	1297.905	929.19586	1316.0599
1280.6688	1247.9974	1280.3152	1293.0104
1323.0134	1294.5214	1349.0492	1295.2545
2086.8188	1184.0156	2085.5242	1168.955
2089.6174	1021.0125	2089.3096	986.9972
2136.7827	1189.0316	2135.3513	1133.9648
2223.1443	1446.9697	2296.192	1441.6227
2282.636	919.0294	2268.0044	738.0805
2496.6707	753.9357	2483.2751	614.16534
2514.018	1589.1879	2502.9285	1590.2593
2579.0483	1411.2029	2517.4424	1425.8596
2870.0977	635.45294	2884.094	632.4363
8.235734	839.18994	3.614933	869.2482
345.3868	919.9422	343.10046	944.198
358.92258	799.9918	356.4846	823.15625
665.86566	849.9886	652.2601	1009.9371
655.1623	844.10443	653.27496	865.1145
773.3166	1273.9493	766.1207	1371.0089
871.5594	1294.0957	865.852	1387.0524
944.9753	1295.5492	912.95013	1294.1069
945.8195	1023.9877	944.65344	1041.0447
1090.0098	1026.0005	1086.0665	1112.0488
1138.0104	1724.1066	1117.9899	1723.874
1398.3776	1716.0325	1416.4891	947.96436
2066.619	949.9687	2070.2158	1021.0397
2074.442	1284.9938	2075.707	1374.0042
2088.572	1150.8728	2089.7173	1165.023
2155.2295	1570.0332	2154.5378	1553.9768
2293.7693	1307.4508	2343.6306	1286.5009
2514.8562	1349.5663	2495.9465	1355.8387
2832.9905	1635.7748	2801.0059	1637.1396
2982.0024	946.01	3004.1975	940.84985
184.06277	1579.009	180.59335	1603.0854
637.48505	882.0362	641.07605	833.931
773.0788	965.0756	776.0979	922.00684
793.9943	753.22284	827.02386	754.06836
964.51215	1618.0004	964.48956	1583.9996
1041.8167	1555.9958	1042.5753	1522.9443
1076.473	1299.9764	1072.4828	1389.0216
1279.3429	1303.0095	1276.8596	1393.0237
2097.4944	1186.001	2097.428	1150.9973
2127.5583	1153.9948	2127.691	1168.0029
2568.7087	1509.9326	2561.2024	1430.9807
2617.2532	1319.0554	2612.7095	1257.873
596.90985	1534.9939	595.2696	1559.0184
647.12213	835.0859	643.1414	887.0874
646.0814	955.10925	643.971	975.9971
931.7499	1265.9653	931.2201	1285.0616
1227.0072	1578.4269	1233.1654	1607.1787
1501.1927	1401.0204	1501.8235	1364.014
1646.5013	1685.9958	1646.1533	1643.9905
2080.6455	987.94775	2081.7837	1002.0175
2104.5125	1027.0234	2100.943	952.9545
2142.9888	1547.0863	2141.5266	1529.9551
2152.1326	1596.9878	2153.8843	1616.0106
2153.62	1509.001	2153.5603	1486.0011
2155.5237	1549.004	2155.38	1532.0052
2716.8228	916.6981	2741.2175	902.3705
3070.6187	12.999167	3070.525	56.00115
188.08922	1614.1638	193.3899	1578.9083
357.1457	1268.014	354.72104	1293.1659
875.251	1240.0149	872.4655	1287.0867
1188.6562	783.0664	1190.2897	766.9281
1225.8768	860.1288	1266.76	899.2508
1874.0498	1590.9988	1874.9349	1626.0269
1906.9398	1553.8804	1889.8593	1544.2496
2082.0972	833.01	2081.9421	819.0006
2087.4685	1130.9603	2088.7434	1146.0217
2093.3318	1292.9814	2094.2278	1309.0431
2105.5852	950.0174	2108.6497	1023.0147
2171.2437	1817.0266	2168.8755	1661.0018
2323.3413	451.56134	2282.9211	420.10144
2520.2214	1021.0641	2514.2102	948.06506
2535.8962	1182.1089	2521.3003	1034.069
2536.8564	433.01627	2533.5715	404.04858
2669.9968	1740.3989	2693.0034	1740.584
2800.9917	1584.8774	2826.9424	1583.1389
2940.6562	354.61227	2926.7957	366.8977
3070.4595	774.0045	3070.6423	796.003
625.90265	1220.0853	623.7316	1243.0691
760.1113	1286.9506	760.89026	1272.9384
868.11633	1291.065	870.739	1245.9849
925.5183	1367.0117	925.08655	1386.0474
1095.7422	1269.9822	1094.361	1290.0249
1106.5365	1028.0505	1105.9779	1045.0322
1289.3374	984.97986	1288.1798	1023.0359
1337.3547	1249.9878	1337.5344	1270.0042
1827.1191	641.8569	1829.4949	677.0341
2104.907	1351.0049	2104.013	1333.9993
2120.8308	1376.0077	2117.259	1297.9882
2127.6787	1024.0154	2127.469	1006.00616
2330.9973	1726.164	2353.9907	1726.5482
2357.078	1423.2996	2404.2708	1411.0428
2489.0469	1476.0884	2491.7302	1505.025
2811.3855	519.6129	2819.5205	506.69797
2908.0005	1735.9658	2839.9863	1735.1855
436.98325	1794.8259	397.95972	1798.5814
796.1098	716.7801	793.04553	743.12164
1105.0721	1852.0242	1111.1715	1833.7239
1148.0084	1299.4209	1116.9858	1298.9694
1110.001	1578.5164	1180.0007	1578.6588
1180.9523	960.8486	1073.9203	958.0817
1287.5128	1032.0166	1287.0511	1074.0226
1310.5587	1722.7726	1313.3203	1765.9795
2085.7644	1164.0896	2084.738	1149.9464
2143.819	1567.0936	2142.5393	1550.9573
2475.3062	464.29495	2520.9487	416.91397
2563.9863	1692.3162	2585.018	1691.8923
2685.8076	626.73505	2745.1704	583.61115
2746.2441	681.1291	2724.2273	678.2569
2774.1248	319.06122	2786.529	307.4948
2779.003	1699.9258	2800.0098	1700.7523
2833.6174	1631.1635	2828.5208	1588.0566
2936.0322	451.20993	2920.9275	453.5278
3024.0635	760.9256	3064.013	758.1902
2.8783214	871.0422	1.4860795	900.0234
595.0271	1296.0021	593.2364	1319.9429
758.2784	1313.9615	759.1313	1297.9537
834.41425	932.0262	798.9045	1494.1204
926.8477	1859.9489	922.71765	1872.2411
965.9548	1223.3054	855.91864	1221.147
1122.0697	1539.9517	1120.7106	1566.089
1132.7776	1324.9939	1132.2817	1343.0353
1319.0344	1302.9785	1316.9856	1395.022
1403.3274	1696.9851	1402.8849	1716.9974
1638.6417	1542.9995	1638.3108	1766.002
1973.5533	534.8789	2011.6454	485.7252
2074.2412	1109.9872	2077.1638	1164.9913
2105.6252	1370.0631	2104.8884	1354.0051
2122.6816	1335.9651	2124.6296	1373.9678
2145.9587	1551.8931	2147.7715	1568.1371
2269.4653	942.33405	2311.1113	908.8932
2623.174	1357.9779	2626.857	1387.0182
3015.1553	1015.3594	3028.204	998.1549
314.07938	1177.8967	311.12555	1204.2384
371.87622	1139.1967	369.15967	1165.1215
651.77185	1151.513	607.612	1131.8723
720.0524	1635.0558	689.9776	1636.5488
884.7525	1365.9895	883.9421	1385.0824
963.94196	1581.0021	962.16235	1530.9586
1093.6251	1300.9824	1093.3684	1321.0048
1146.2739	1029.9591	1145.3666	1046.0769
1367.493	1408.9619	1371.9895	1230.9745
2064.4895	348.5831	2057.5444	407.06464
2082.9717	1330.9517	2083.82	1348.0089
2113.9236	1562.0043	2112.963	1545.0021
2124.8486	1186.0442	2124.3098	1171.9882
2300.1875	907.0616	2291.4692	792.0402
2309.488	1278.9648	2300.4907	1153.8928
2652.0967	998.0975	2600.2856	517.86127
2632.535	1447.0526	2636.4844	1481.9452
2911.1013	118.10861	2900.2024	128.28754
2925.429	196.07443	2914.3672	111.21285
3048.991	1743.6731	2948.9956	1742.3335
577.9857	1558.0839	579.0133	1546.0011
643.4442	981.03033	642.01154	1002.0008
844.0104	1407.2992	955.0008	1408.9448
1133.9166	1302.9501	1133.0804	1321.0958
1257.0679	918.97626	1133.2405	800.74817
1828.97	1796.0679	1806.0448	772.02136
1865.6309	642.0086	1865.0978	681.00134
2073.8228	1185.0084	2070.5613	1115.9263
2086.1248	1110.8761	2087.793	1126.0228
2096.745	1147.0359	2096.2864	1130.9918
2132.609	1353.049	2132.1138	1338.9608
2577.8208	1604.018	2569.8723	1524.9124
2806.9949	1632.8639	2832.9578	1631.8823
233.76376	606.9777	232.43031	621.1347
236.06874	586.098	234.68744	601.1548
634.9451	1219.1432	600.9532	1206.1222
1109.0999	979.00433	1108.3641	996.01575
1179.0757	1525.6965	1159.0272	1524.5317
1864.8838	680.36145	1815.8468	683.84045
2076.9595	1168.0045	2078.6394	1183.1509
2099.7227	1517.0322	2099.3428	1501.9913
2328.0276	1270.0702	2319.0	1144.9279
2347.7861	1545.0951	2342.8435	1482.0123
2510.4243	1736.0446	2514.7664	1792.1727
2635.0984	1171.2714	2591.9624	1186.896
2671.8074	429.01688	2668.8313	395.01477
2790.6016	1424.1525	2786.447	1386.0603
2827.854	1583.1282	2822.9182	1539.0092
2838.9807	1681.1157	2833.972	1637.0032
2902.9832	611.9634	2916.0042	606.009
3068.8738	836.3355	3057.9192	832.21466
194.21753	727.16473	48.912704	1801.0707
303.84122	1267.0864	301.26694	1292.1302
428.96866	494.0251	528.8983	618.8817
604.04193	1710.5156	551.91327	1706.0016
627.99677	1184.0497	626.8045	1207.9902
637.2512	1221.9326	627.42706	1331.0385
761.72034	1210.9755	757.5071	1259.0444
892.817	1242.028	892.1339	1262.0046
1073.9702	1916.36	1045.9963	1914.0447
1356.1053	1255.003	1351.9836	1398.0283
2078.8875	1020.00995	2077.6428	1005.9431
2083.8198	1350.9539	2084.7764	1367.9563
2089.0054	1479.9998	2092.5198	1559.0214
2097.7769	871.01	2094.806	804.96375
2101.6191	1557.021	2101.4207	1543.9784
2101.8418	1482.9468	2102.857	1499.009
2107.939	210.0889	2104.909	173.92384
2116.6104	1002.0962	2115.7002	988.95154
2121.1472	1296.9476	2122.838	1334.0074
2130.9692	1486.9586	2134.3423	1566.0281
2135.7085	1339.9486	2136.8005	1355.0144
2145.2292	1530.8875	2146.7075	1547.0269
2159.7966	1476.1681	2068.7695	1460.3242
2154.7178	1529.0085	2154.1753	1510.9948
2361.399	1543.0371	2356.0256	1456.1221
2453.3926	807.17664	2522.914	755.88336
2863.001	1790.4697	2781.0002	1790.439
2857.4065	906.9523	2844.2656	795.08624
2960.4229	236.29916	2945.981	248.19131
3004.3506	522.40283	3020.881	508.0121
3034.8613	39.93208	3029.7532	50.368637
671.2072	1025.4253	614.93164	994.12286
698.1086	1658.0054	664.9552	1661.5853
1147.5562	1000.9887	1147.1243	1018.0032
1284.8972	1022.9803	1285.5222	987.97363
1649.5115	1249.0022	1651.9088	1769.0004
2064.0374	406.11472	2081.1765	400.5428
2144.232	1336.0089	2144.0461	1319.9995
2144.3167	1510.8954	2145.5994	1527.0319
2331.0388	1129.077	2324.7004	1050.024
2458.3345	631.9745	2452.4663	555.0407
2541.3765	1520.0532	2534.3765	1438.0532
2778.4163	1735.9512	2784.2888	1785.9661
3018.5059	378.1205	3045.072	389.83646
14.43339	797.9248	10.659158	826.353
319.0276	1138.2015	316.44913	1164.144
650.3337	903.02686	648.7233	923.05817
755.5436	1602.8617	754.0105	1619.001
903.99695	1294.0955	872.9972	1294.0094
1072.0687	1601.0498	1070.8108	1628.0378
1065.2109	1901.0719	1079.6754	1887.6501
1091.6432	1346.9895	1091.0857	1366.0317
1811.9819	771.7077	1993.9907	776.36115
2058.8704	942.968	2060.7097	993.04736
2119.5134	989.0422	2120.733	1003.10986
2337.9077	1702.0063	2323.1543	1486.9894
2752.0813	953.0983	2747.579	911.04504
2801.0002	733.9831	2816.0073	734.1041
2972.1318	784.05396	2980.431	763.7672
624.26294	1203.9734	625.02167	1183.0007
605.3736	1125.4304	655.4121	1147.3425
877.40765	1528.998	877.3025	1560.001
942.06494	1596.0175	947.1798	1577.0485
1107.9917	1298.5403	1075.984	1298.0519
1108.6592	1503.0657	1179.4562	1518.9695
1334.8129	1373.967	1334.312	1392.0364
1337.4431	1274.0353	1336.9792	1292.9995
2077.5847	1001.05835	2077.0444	987.9569
2113.1443	1541.0437	2112.327	1525.0344
2280.4304	1333.0369	2259.099	1003.9288
2280.7458	524.0141	2279.1372	494.9924
2472.1243	770.9883	2459.2036	633.98083
2555.1128	1734.9886	2561.2722	1795.9725
2641.9053	1541.9037	2645.7458	1578.027
2758.3547	999.85187	2768.1838	994.32715
2819.9006	612.97284	2833.1533	564.4952
177.69533	1561.2404	183.79909	1543.5848
598.8296	1162.9827	581.3703	1334.936
618.384	1303.1134	616.5857	1325.048
1090.8848	1370.9934	1089.7931	1390.1024
1096.2322	1246.0491	1095.4353	1266.0571
1103.7411	1094.9846	1102.7856	1111.1058
1145.7882	1595.3845	1107.8118	1608.4529
2088.6975	1566.0657	2084.5078	1483.0248
2103.1123	1502.9645	2103.5935	1518.013
2122.613	849.972	2120.0125	793.0451
2262.1736	1356.4698	2285.3362	1347.9095
2369.9658	1388.084	2365.8945	1337.9274
2357.0208	1788.6641	2431.9817	1793.2947
2631.9937	1078.99	2652.1536	1066.2429
623.3448	1248.1233	621.41974	1269.1301
953.15454	1536.9795	954.68024	1622.9879
1087.6113	1880.4146	1098.3574	1864.5643
1136.0332	1247.0443	1135.1761	1267.0504
1186.0402	1657.3638	1178.009	1656.8564
1867.6803	1554.7458	1879.7653	1587.0878
2078.6938	949.9482	2079.7449	964.01904
2096.316	1354.0579	2097.5837	1369.0353
2542.1592	1059.9869	2539.545	1028.0372
2530.2341	572.7744	2589.9148	1163.9076
2575.0222	1778.9271	2576.3853	1798.0438
2735.9038	863.9977	2735.0627	899.0255
2851.327	784.4071	2862.529	775.41345
249.37091	1481.0121	247.84459	1528.0598
668.9303	1650.8226	651.8216	1657.546
670.3733	1017.9503	684.963	833.83856
785.5335	1209.0409	753.66077	1194.757
805.5756	1851.5834	781.9029	1836.1489
1145.2963	1051.964	1144.4222	1069.0216
1638.5785	1417.9973	1638.188	1479.0076
2103.996	1523.9535	2104.7014	1539.0607
2112.5173	1189.0244	2108.8293	1115.9581
2112.8918	1112.9581	2115.4744	1168.0247
2143.3638	1489.9689	2144.7375	1506.0225
2300.9285	1296.8337	2337.9539	1280.8931
2354.4397	1780.0228	2353.8274	1765.0071
2430.63	1372.0878	2427.2258	1318.9215
2581.299	1645.0618	2577.9473	1607.0046
2611.789	1498.9004	2616.091	1532.9885
3048.5122	681.7853	3034.6453	713.2841
3058.2627	932.4487	3070.4097	938.23865
675.88556	843.5301	634.64246	813.49097
889.63257	1296.911	888.3894	1316.0253
2075.1187	963.00226	2075.3828	948.98834
2144.5493	1448.9753	2145.1794	1463.0367
2318.2695	1135.0513	2313.9902	1074.0708
2557.748	1701.0233	2541.6384	1526.9409
2512.737	1416.8073	2578.0889	1402.4036
2674.5999	610.0477	2646.1042	371.2262
2708.0393	758.1232	2720.0906	754.2841
2738.9685	1069.9559	2753.4202	1059.5857
2928.0554	263.05936	2914.5776	275.61984
3053.2256	824.1469	3069.4158	828.4271
3046.979	772.82135	3069.259	770.2093
768.7158	1495.9419	746.9435	1501.7896
859.0349	772.0015	860.0792	747.9167
1055.0028	1651.3257	1041.9951	1651.4397
1335.5453	1349.9886	1335.0433	1370.0511
2081.7888	1759.0083	2083.8716	1812.005
2682.4626	520.05115	2679.125	484.9881
2784.0022	1476.0154	2814.817	1471.6938
2795.8303	1472.0186	2791.5547	1432.9393
2887.4785	503.71472	2896.4783	455.7147
2947.4873	830.4759	2983.5547	793.54156
2998.7646	599.35516	2958.5854	605.1021
3016.6548	647.48254	2981.05	652.3644
3042.2573	380.402	3060.6672	357.53732
165.17015	1565.0242	164.52695	1542.9554
776.9073	1219.994	773.79236	1267.9866
1086.2727	1021.0128	1087.9227	985.9493
1135.4087	1270.9672	1134.349	1290.0194
1238.8906	1582.9911	1239.0414	1597.9996
1349.996	1302.7198	1323.9968	1302.5741
1483.0219	1465.0156	1455.9913	1465.5973
1660.9747	766.93445	1796.9835	770.60815
2053.7742	796.0334	2054.6738	829.03613
2066.1704	1023.04254	2062.7288	955.9626
2081.2178	1291.9663	2081.6624	1308.0094
2650.8425	1638.8958	2655.3193	1675.0842
2681.648	1094.3794	2692.9736	1087.9535
2692.1497	598.9855	2688.8506	565.0145
2972.6958	329.6399	2958.5208	341.61636
2991.7302	491.40356	3007.6414	484.20697
11.477297	937.90564	17.260546	905.8665
597.203	1268.9404	595.48285	1291.9613
902.0435	1532.1523	898.97845	1553.1428
1092.0209	1017.3381	1118.0265	1018.1591
1371.9917	1231.1259	1264.9752	1230.3317
2074.997	837.9963	2075.0342	848.0036
2105.9692	1163.9531	2107.422	1194.028
2124.11	1167.0555	2123.228	1152.9233
2290.5667	783.9655	2287.0388	725.9976
2376.7686	651.6125	2427.8308	1280.0138
2493.8508	1040.0835	2487.9683	959.0749
2602.4944	1406.9362	2606.6377	1439.0468
2629.6577	1688.9175	2633.9668	1723.2551
2707.347	585.0791	2688.2131	427.0953
2756.4485	673.9774	2724.6802	666.93286
2968.0317	281.14487	2952.294	295.32608
611.809	1005.35266	668.4455	1036.0239
1131.6486	1370.9774	1130.4244	1390.0272
1143.7456	1073.9707	1143.37	1090.032
1390.0134	1718.0414	1306.9877	1716.881
1521.0029	1464.9365	1498.9576	1463.912
2053.8696	847.00323	2054.463	870.9885
2065.0535	375.82608	2070.7595	344.7721
2076.973	982.1143	2075.4949	968.8336
2122.9844	1147.0465	2122.3433	1133.03
2136.425	1359.9614	2137.7988	1375.109
2468.0283	580.99725	2465.3906	553.8648
2442.9473	1399.7661	2502.103	1386.4574
2608.1013	1262.9921	2612.5203	1319.0378
2687.3862	560.064	2683.7332	525.02783
2768.7192	841.03357	2760.7246	774.15247
2837.115	960.29535	2822.9307	965.8217
2979.9514	579.7908	2960.82	584.223
778.9545	1879.0966	757.9906	1878.2269
804.7411	929.35876	772.31226	905.9529
891.79504	1265.0546	890.4868	1284.1022
1181.8319	1577.9911	1182.5182	1564.9746
1295.3821	1372.019	1294.3827	1392.069
2060.7803	998.96545	2060.3752	1025.0059
2088.7812	983.0153	2087.8	969.014
2113.0164	1571.926	2094.061	1567.7244
2115.5454	1169.9208	2116.422	1187.0297
2117.4385	951.0576	2118.881	965.11487
2120.2239	1008.8864	2121.5376	1023.0429
2369.9595	1656.0787	2362.1638	1552.9877
2481.6145	605.0354	2475.6406	539.9412
2578.006	1708.143	2528.0022	1708.4114
2584.6235	1796.023	2583.6423	1779.9
2709.8464	1470.1395	2704.2615	1423.9684
2715.9424	968.00586	2712.0793	929.8906
2803.531	1534.1644	2799.1445	1494.9838
2814.073	1024.2844	2803.7273	1026.9355
3001.895	816.5939	2974.3735	849.3141
3066.982	826.1906	3062.471	802.09906
640.0287	1701.3013	612.0029	1700.828
620.16144	1002.6971	668.33514	1028.3711
1132.2036	1348.959	1131.272	1367.0654
1310.9978	1302.0846	1279.9979	1302.0217
2274.7256	1036.8702	2277.244	1050.9564
2286.5825	661.595	2316.137	631.1328
2313.6433	1467.4738	2352.8398	1458.315
2475.3496	657.0506	2473.1672	628.987
2512.888	741.009	2510.4172	710.0465
2739.8345	697.6429	2709.7937	701.30865
2773.8909	891.80383	2715.2324	924.418
2814.544	1630.1575	2810.316	1591.074
2822.4546	1535.0593	2817.551	1489.9401
2989.056	797.07184	2950.2673	835.28644
2995.1838	897.98145	2993.1545	877.8834
3021.091	526.2271	3008.3074	541.2613
640.80457	1159.9902	637.8892	1217.9944
646.2567	1337.9437	661.0286	1142.9264
906.00244	1636.849	971.0017	1637.8943
1117.942	788.92084	1136.9781	774.9702
1286.5288	1076.0044	1286.3623	1096.0114
1883.3092	1545.5265	1869.4056	1553.6908
2080.793	1368.0519	2077.699	1296.0559
2086.9998	1669.9489	2094.273	1811.986
2257.6228	1002.02203	2248.3276	842.98083
2349.087	1661.91	2351.2517	1688.0619
2686.2844	415.07657	2678.2583	340.07938
2715.781	884.03577	2718.35	827.9702
2735.5928	960.9299	2731.3376	924.9601
2742.7952	218.03947	2737.4116	190.11343
2933.9822	308.9814	2921.7263	320.75592
2952.9932	456.19238	2975.9165	437.1005
591.62506	1649.9493	592.9884	1639.8633
599.89545	1239.9901	597.62524	1263.9645
653.269	870.13025	651.2272	890.0233
928.87036	1319.9902	927.43164	1339.1078
973.308	1627.9958	994.5549	1613.3541
2083.3616	867.01056	2082.8489	836.0025
2117.6118	1021.0785	2116.8694	1007.95087
2300.0234	1147.0686	2295.8071	1087.0135
2312.1494	1245.9843	2315.1895	1274.8749
2572.7283	1179.9725	2587.01	1183.9642
2809.2827	1582.2042	2804.6384	1543.162
695.824	1631.9211	700.766	1620.8951
1115.2678	1724.8168	1102.2675	1705.817
1157.1703	1656.0039	1156.7805	1673.0178
2082.4102	1537.9869	2081.8113	1564.9958
2220.731	727.9454	2238.4902	706.5763
2949.8015	380.1618	2926.8516	210.15501
2099.4883	801.9814	2101.9673	867.03937
2154.0576	1579.7258	2135.8115	1575.8993
2317.4868	684.89343	2314.3347	700.0695
2486.162	728.0754	2488.7488	756.8427
2541.2036	1019.3731	2501.1265	1041.2319
2587.02	1505.9987	2584.5066	1469.9646
2709.5134	1379.9393	2714.126	1418.9851
2719.6855	1480.9177	2724.2505	1518.97
2730.0645	903.0034	2731.8787	868.94025
2765.68	442.04004	2797.062	692.99225
2913.9915	512.9803	2901.7097	518.33435
2118.7263	971.0218	2119.7678	984.09814
2242.5288	705.59564	2264.8232	685.801
2341.691	1266.1028	2331.6294	1138.029
2320.9731	1716.8553	2373.0159	1718.494
2549.4824	1136.0486	2546.463	1103.8628
2552.554	1467.9447	2549.3604	1435.964
2741.0317	1685.8525	2746.4924	1724.0725
2775.2576	939.8488	2770.8313	903.02026
2817.095	839.8659	2827.0483	921.1166
201.90834	738.8412	198.05705	716.8152
1104.0925	763.8944	1105.4612	778.05206
2097.688	999.9678	2098.5317	1017.9751
2155.9568	786.01135	2161.0085	805.2602
2278.194	803.0665	2287.6814	917.9437
2471.3225	613.96686	2468.455	586.05597
2485.2297	1691.85	2488.9253	1722.1311
2537.8499	1011.0113	2535.3682	977.97235
2604.2708	1734.9736	2609.7283	1791.1237
2843.0117	1740.2556	2859.9758	1739.4739
2900.0886	582.21027	2889.8074	586.5428
19.317314	765.0381	15.935374	793.2322
349.03738	1738.7224	324.00095	1740.0182
587.7813	1597.0884	589.9554	1577.8817
1153.2407	1530.0623	1151.635	1562.082
2062.718	853.0234	2063.8032	866.0993
2095.5676	1334.0363	2096.8218	1349.0149
2294.4775	696.4724	2257.1753	734.1735
2300.5059	1506.0793	2298.958	1476.9491
2471.9377	1522.9132	2474.5408	1551.0425
2589.0803	1517.4857	2548.8574	1524.1378
2599.7493	1324.0209	2594.9111	1266.0074
2725.6653	1621.0381	2720.6753	1577.1506
2755.8135	358.894	2766.358	439.82306
3011.9624	351.1469	2969.058	48.133358
1138.9349	1109.9607	1139.4517	1095.9429
1175.4912	1536.9994	1175.5131	1555.0006
2080.3428	969.993	2080.6086	983.008
2351.955	654.00336	2406.9358	1392.0048
2736.1262	1363.6204	2807.0369	1349.1805
2892.32	635.196	2902.8896	617.9325
1891.6233	606.6425	1846.3534	580.10297
2060.053	868.9974	2057.333	813.93414
2091.2327	843.9341	2092.6252	869.96655
2126.6108	1133.9993	2126.5845	1148.0011
2392.427	1283.9673	2366.284	942.9782
2553.457	1173.0557	2550.2695	1141.9723
2571.9673	1684.108	2568.4885	1650.8444
2750.4426	325.04025	2748.6226	345.0566
2758.9912	849.97125	2757.9644	886.02747
2963.5986	836.55414	3004.4502	792.4166
976.9769	1533.0012	980.8356	1604.9552
1028.6163	1616.6516	1042.204	1624.6537
1047.9116	1623.0675	1038.8029	1611.1508
1242.314	1598.9862	1242.6353	1582.9927
1666.2126	1418.975	1663.1559	1392.9817
2076.0696	855.00305	2075.5852	865.9817
2104.0825	1329.0776	2102.8018	1313.9323
2320.7988	1245.0175	2322.8774	1269.0106
2507.0144	1734.3423	2473.0088	1733.6003
2509.4307	1194.058	2494.3337	1045.966
2509.843	703.0157	2507.0464	674.99536
2687.932	1255.3729	2701.742	1231.8485
2739.769	1276.1666	2716.8652	1282.5139
2730.2612	1673.0735	2725.7708	1627.9233
2820.5735	1679.1633	2815.9888	1639.1157
2958.6484	284.7388	2970.3853	274.4391
3041.304	370.8115	3024.117	373.69647
647.947	929.0621	646.70276	948.0461
771.77045	901.33124	802.5433	922.659
1296.4668	1327.983	1295.923	1345.0613
1305.4	1005.02875	1305.0298	1023.04175
2109.3025	287.9999	2109.3086	311.9999
2276.2344	766.9902	2277.2004	790.0335
2323.6143	727.87976	2366.0906	1298.0677
2362.686	898.9529	2357.4644	822.9681
2513.1184	1040.8815	2516.0032	1068.1056
2620.414	1593.9559	2623.9565	1627.2177
2640.7874	1121.5603	2658.0908	1113.1876
2720.1917	1571.0867	2715.2498	1524.9733
2729.892	1584.0111	2733.813	1622.0193
2747.0188	1619.5498	2738.994	1619.8243
2879.9805	240.00255	2868.6292	153.04842
896.27783	1586.0054	896.1508	1568.9989
2301.081	1084.9941	2302.829	1109.0125
2344.753	1594.9489	2346.3865	1618.9738
2354.969	1555.866	2361.7856	1656.0146
2534.6453	974.01917	2531.7302	920.0146
2683.5044	1072.1194	2678.3403	1050.6771
2685.7302	737.97437	2683.35	763.03326
621.5191	968.951	619.3802	989.9368
621.09686	1276.0104	618.844	1297.0902
828.00385	753.9956	856.2245	778.8795
1104.6971	1072.9863	1103.9714	1089.0889
1211.6746	833.4552	1236.5472	851.2345
2061.3088	818.9234	2062.1357	833.0506
2113.0405	1348.9233	2115.2598	1379.0546
2125.314	1113.9476	2125.8762	1128.0448
2478.8003	1606.9147	2481.9038	1636.0103
2539.0132	449.00183	2538.9873	435.00003
2703.9658	1420.0038	2694.0068	1329.9993
2796.029	716.0102	2832.364	680.3712
2899.5784	398.92792	2880.8948	249.0131
2936.09	412.35538	2908.2976	427.7304
530.8637	1886.2743	549.285	1895.4264
550.89264	1680.9874	546.44904	1719.0524
574.4042	732.81946	840.5062	926.30383
1016.8906	1594.0376	1017.567	1578.0239
1258.9996	1414.1284	1365.0049	1414.4689
2098.599	1494.1106	2097.717	1482.9434
2341.5886	1397.2317	2332.343	1380.8069
2507.84	1025.0131	2505.4612	995.8807
2710.596	920.0494	2700.315	835.9615
1029.3197	1632.3435	1065.2275	1650.5256
1295.4393	1351.0188	1295.192	1370.0155
2094.6035	1314.0145	2095.1152	1328.0323
2121.9854	1538.9437	2123.9883	1574.0006
2147.8054	383.05518	2135.544	339.84567
2554.2263	1439.0519	2555.9705	1465.069
2560.479	1561.0509	2557.3457	1528.9662
2572.5278	1650.8577	2575.6104	1683.9431
2589.2588	1269.9818	2593.0664	1323.9954
3037.9724	527.2782	3021.9321	525.681
866.4551	1581.8607	862.0075	1599.2576
930.1859	1660.8309	933.7356	1643.7374
2431.1882	1807.0505	2433.489	1844.0317
2561.23	1528.8804	2564.3513	1560.9658
784.75134	1844.4033	803.43243	1855.9205
1496.6396	1365.9813	1495.4448	1389.0231
2316.2954	1182.9789	2317.7952	1204.0146
2328.795	1486.9432	2333.0125	1545.9991
2555.6921	1509.0248	2553.0364	1475.9971
2556.8171	1474.9318	2559.4998	1507.0417
2595.995	1600.0005	2592.69	1565.8365
2723.349	835.9603	2721.698	863.04254
2799.433	1699.2898	2764.0713	1386.1049
861.12164	746.88965	828.7562	711.2212
1108.1992	999.952	1107.2334	1016.0739
2303.1902	1111.9319	2304.8538	1141.0083
2325.0308	1141.9977	2334.3596	1266.9731
2349.1006	1482.9012	2354.4985	1543.045
2545.689	1097.0275	2542.9534	1066.0042
2592.1804	1558.9823	2588.751	1523.9265
2764.8037	1048.6459	2774.2314	1043.4175
2970.035	758.3989	2986.087	756.99176
801.7296	1093.4637	757.2698	1067.5374
1892.0596	1577.0723	1893.2238	1560.0153
2078.535	335.6035	2064.9011	349.90582
2115.6577	984.01764	2114.9346	970.00336
2121.5928	867.01355	2121.1257	852.9958
2134.356	1319.9148	2135.2441	1334.0475
2297.552	786.9597	2306.0808	903.9212
2690.9026	1312.0082	2690.6812	1254.9973
2715.3186	1519.9622	2710.0874	1475.9896
2778.3647	1432.0763	2783.512	1474.9385
2962.8113	437.80457	2943.2664	446.59222
3025.3796	984.1007	3010.7688	1010.42664
1074.1034	1628.9528	1076.4764	1583.9724
1992.7743	413.94022	1988.552	429.88132
2140.3384	1501.9713	2139.2344	1488.9801
2655.3225	367.97266	2658.0374	399.99683
2844.9348	535.6982	2860.0923	532.42773
2956.0454	512.02466	2947.2898	528.1573
2769.9316	1993.072	3069.9854	2012.23
2130.5713	1310.0891	2129.8137	1297.9492
2305.6284	1153.9573	2311.752	1244.0168
2504.8835	988.0095	2502.4358	958.0461
2524.3147	1153.97	2527.0884	1182.9916
2964.9688	397.60873	2939.3672	412.9433
1456.3617	1464.4761	1440.9342	1443.795
2564.5596	1568.827	2568.237	1601.9736
2568.7131	1608.9391	2571.6274	1643.0319
3061.0464	319.17142	3042.5112	324.19815
2333.5623	1558.9005	2339.8066	1657.0123
2562.4568	1334.0117	2543.9927	1311.1965
2678.3972	443.08505	2682.0532	468.9925
2752.9849	2.0395362	2766.0132	1.8350812
812.97797	1527.3448	839.0632	1529.0106
887.6677	1318.9916	887.1856	1338.03
2089.5222	1305.0055	2089.6497	1292.9857
2273.991	738.93994	2275.3867	761.97656
2461.1794	588.9854	2463.6152	618.95
2483.0967	693.99255	2485.1003	719.99225
2523.3625	1185.0688	2520.1147	1154.9877
2567.9468	1642.115	2564.4253	1609.8445
2599.0115	1059.6187	2611.0005	1059.9817
2819.166	521.5602	2835.1523	527.5968
2845.693	768.73145	2860.625	751.6718
2858.2046	1008.17163	2850.9736	974.6529
3008.8906	941.0101	3010.8289	962.0158
0.93068266	937.4194	10.00671	937.8626
1167.0249	1641.023	1151.01	1641.4128
2081.996	1310.9543	2082.776	1327.9645
2461.3328	901.0279	2462.4631	928.0643
2506.4312	669.9348	2502.3713	643.0951
2512.0923	1156.8785	2515.6675	1189.037
2563.9656	1602.0032	2560.948	1569.0964
2599.7642	1641.0226	2596.5962	1607.8475
2759.003	976.00806	2772.1018	971.2824
2920.301	488.4464	2903.0527	500.0781
1159.1622	1623.0184	1158.1407	1632.016
2090.9224	391.81766	2095.3943	340.85907
2206.9268	387.73544	2193.54	340.8458
2291.379	857.98706	2292.0273	876.9991
2293.026	721.9351	2296.4438	775.9719
2512.3513	1073.0638	2509.5713	1044.8452
2735.5767	920.0529	2740.193	956.9758
2820.1362	1638.7048	2825.7278	1679.1758
2879.463	148.04391	2882.4885	185.04182
2929.8076	431.92416	2934.7053	419.49005
235.00552	622.5275	246.0157	622.6561
1186.8451	1526.7184	1197.1074	1549.5012
2318.8306	1214.9569	2319.9744	1237.0013
2342.6265	1561.9563	2344.2368	1585.0532
2362.1707	1338.0994	2364.8806	1388.0065
2443.1445	707.98804	2447.607	761.9498
1148.3507	1464.2504	1100.0848	1454.5768
1442.5962	1645.7408	1449.3469	1635.2227
2000.7839	812.062	2001.9758	796.9981
2319.9084	1074.0076	2324.4995	1129.959
2346.9844	1627.945	2348.4429	1654.0311
2509.366	992.9729	2511.445	1021.04114
2520.6128	1116.9446	2523.0613	1143.9945
2791.8372	1386.906	2795.9888	1423.889
760.14386	1325.0162	758.3341	1341.0377
886.8738	1342.9888	885.1716	1362.1044
2110.3909	864.978	2109.8274	854.9535
2304.062	770.9951	2299.7363	715.94214
2472.0344	700.99677	2478.29	767.9729
2649.2246	1097.2124	2643.9656	1078.0094
2664.947	761.0028	2666.5366	791.02454
2732.6475	1020.59515	2743.2876	1011.33044
734.85547	1382.5103	780.1839	1395.3508
2235.2837	391.9216	2226.103	358.69522
2339.633	1658.9348	2342.7312	1689.0277
2522.105	839.52594	2506.9614	836.1745
782.95636	1384.1484	737.7488	1370.8542
2330.448	1390.8213	2337.6038	1408.7592
2458.146	557.9049	2460.556	586.95386
2517.8936	882.02704	2512.7617	861.80664
2544.5083	1475.9567	2547.4963	1511.0428
2814.428	1590.809	2819.6755	1630.0435
2883.7058	190.02908	2887.455	227.95502
781.7945	963.9755	782.98267	953.9979
889.99554	1649.9304	868.0223	1651.3457
2479.6094	659.034	2481.9402	685.83124
2485.0835	761.99316	2482.7075	732.94214
1073.286	1557.9999	1073.2926	1571.0004
2121.818	1126.0436	2121.372	1113.9495
2519.442	1147.0552	2516.5762	1118.0419
2516.9436	1079.0048	2519.23	1105.9805
2687.5557	521.06445	2691.7588	550.035
2721.4458	871.9496	2720.2744	908.0414
2767.0232	1740.7571	2749.9878	1739.1278
764.03424	1273.0032	762.36487	1291.0338
1108.6631	1864.0713	1106.0598	1851.7756
2058.2095	346.32437	2078.7026	333.08762
2247.8938	397.02872	2241.3733	372.89914
2270.4517	486.93375	2273.0535	543.95197
2376.776	614.0171	2377.1064	599.0023
2692.47	561.9313	2696.5833	590.0609
2741.246	803.97473	2749.6763	886.03326
645.68085	1346.0681	586.85364	1328.4897
762.17615	1299.1217	760.42535	1316.0441
2115.5142	277.04068	2110.2412	214.06354
2555.8623	1608.912	2559.5408	1644.9448
2772.9438	1237.9131	2760.5718	1245.887
2962.6775	184.908	2967.719	222.03815
2082.4888	1124.0166	2082.932	1110.9637
2317.0325	703.99567	2319.6895	724.04114
2532.9978	1717.8442	2612.0024	1718.0514
2659.0527	403.91336	2661.7708	436.93655
2682.8389	482.02228	2686.708	510.0403
810.3242	936.0374	812.17163	920.0198
2757.735	907.7767	2762.6614	946.0436
2788.7974	966.3499	2805.0852	961.27313
918.00433	1528.4045	947.001	1528.0927
2281.2068	1050.11	2278.1584	1028.1167
2586.5752	1605.9452	2590.1038	1642.9901
2960.86	464.71536	2951.281	476.23367
2465.939	633.9227	2468.412	663.96606
2515.8264	1110.0171	2512.9773	1081.0022
2573.376	1468.9641	2577.0166	1507.0939
2670.9883	1080.003	2665.734	1059.8091
2740.7537	1047.7771	2733.1973	1022.2375
2968.5234	231.07016	2974.248	269.9635
583.07434	1341.7095	642.98975	1357.04
1069.046	1634.8333	1051.0457	1635.8265
2578.5525	1523.833	2582.4497	1560.0592
2954.78	64.01227	2955.0317	48.0005
507.5657	1804.8916	510.8509	1822.0286
851.4978	767.57214	829.0872	747.90063
1137.0382	1640.7972	1121.9769	1641.5199
2068.4211	813.04175	2069.5208	801.95245
2371.82	1687.0153	2370.3838	1670.0521
2803.123	1493.8485	2808.5476	1534.061
3012.8965	685.0113	3016.8118	720.91144
580.1825	1527.0181	581.3781	1514.9385
2497.591	997.9511	2500.2412	1029.98
2559.6055	1649.9321	2563.5393	1685.0516
2808.6582	1542.791	2813.6052	1582.0498
132.03947	1778.6663	107.88726	1780.097
2501.5508	1046.0437	2504.65	1077.9369
2541.057	1437.9949	2543.979	1470.002
2618.0105	1813.6967	2605.998	1813.8776
2998.8604	504.81708	2990.9146	510.888
2494.7415	961.9436	2497.1035	992.9921
2552.226	1567.9766	2555.9631	1604.0038
2779.1018	1253.9062	2797.3164	1273.709
758.11847	1349.0918	756.72595	1366.0596
2922.7412	320.76358	2927.6675	357.04514
3007.0415	995.70734	3012.4949	977.84576
1119.8947	1829.1736	1115.482	1801.0813
2478.5422	691.0394	2476.3752	665.88153
2548.8079	1528.0175	2552.0803	1563.9927
2768.1296	1036.9626	2759.009	1005.28534
1145.3868	1639.07	1141.1482	1723.1084
765.6752	1243.0424	764.6116	1259.9756
1233.4012	1593.9203	1231.6045	1584.8799
2338.6265	1538.0394	2336.6326	1519.1443
2482.869	538.01324	2488.6196	594.9374
2785.2788	1494.8566	2790.0056	1536.9994
2889.958	136.96135	2881.8018	145.81749
2976.8486	852.9084	2979.3374	875.96356
2482.0488	723.9945	2479.3335	699.85004
2505.085	1082.8977	2508.1099	1114.9896
2569.6792	1433.9185	2573.5217	1465.9374
2582.3962	1563.9554	2586.566	1601.0488
2687.4863	1044.1151	2693.2725	1069.939
2830.647	1018.80835	2822.1045	989.969
2508.5728	1119.9445	2511.6736	1151.9347
2782.014	935.9982	2777.6392	902.0465
2797.413	1431.958	2801.378	1470.9615
616.27905	957.89923	610.8171	996.9744
2071.9365	865.0951	2070.937	853.9162
2975.444	278.93607	2980.7861	316.0308
907.987	1388.2229	938.0121	1387.7207
2114.4722	838.03455	2113.7395	848.0541
2638.663	1081.0947	2644.5002	1101.8594
2938.372	489.87753	2942.7222	503.09143
3038.8494	428.53683	3051.0134	431.95245
2072.9282	803.005	2073.692	814.02136
2494.1694	642.98254	2501.1829	710.98114
3016.623	957.793	3023.0771	946.0423
1192.2079	1527.8497	1176.6134	1506.2794
2113.9954	961.9983	2113.9766	950.99835
3046.104	797.80707	3050.8599	825.0245
687.9933	1636.7509	667.98083	1637.291
2356.4763	606.64667	2350.5183	598.61554
2469.0056	666.90967	2471.7993	698.018
2981.8833	326.01736	2987.4067	363.0884
2664.6682	454.9333	2668.0679	488.99323
2720.0103	927.99884	2724.3975	965.83795
2993.8604	837.8918	2996.2598	856.9673
1472.954	1632.9941	1470.6864	1650.9604
2660.4219	1063.8916	2666.3372	1086.9135
2842.3704	980.0871	2847.1965	1014.97284
2890.2896	247.84645	2894.835	286.01965
922.94946	1873.028	940.7627	1891.2322
2865.0083	667.09186	2844.0906	668.995
1010.5522	1566.0149	1009.82263	1544.0059
2673.2935	1054.9331	2678.57	1078.0979
2347.2747	608.8702	2351.4587	649.9533
2529.844	1030.9146	2533.089	1062.991
2668.7278	491.92004	2672.7917	528.913
