3039.9583	450.62808	2967.8564	458.71997
3060.2053	541.8843	2977.9824	550.8394
3068.8699	1221.6237	2885.0007	1239.0073
2666.956	389.67035	2707.0427	384.31955
2966.2134	421.6784	2806.1353	475.4247
3069.1982	1228.8649	2861.2532	1250.9753
2974.0273	791.3388	2841.0024	802.03
2954.8564	378.74835	2803.3113	432.0417
3068.9019	1240.0771	2863.2488	1261.9305
1849.9779	1109.8986	1869.9899	1109.4973
2475.08	462.6779	2676.1108	438.93967
2569.8193	476.76788	2678.9653	460.76425
2953.9553	610.6274	2822.8037	626.3635
2883.8667	1236.7202	3008.8643	1223.6978
2994.997	985.3163	2860.99	984.0338
2994.014	4.0830655	2964.177	9.061256
3070.0078	1448.0112	3070.4136	1484.0066
1973.0377	478.31107	1941.8892	482.0854
1974.7804	502.35785	1945.7554	512.2848
2977.9048	548.0965	2996.0198	546.1864
2882.9646	1251.6238	3069.0137	1234.1465
3070.1064	144.00078	3070.6338	754.0003
2777.055	449.37213	2569.008	480.05383
389.3065	648.9464	390.9306	627.9174
2628.185	407.2792	2596.9702	411.79468
2935.9329	480.61246	2811.8408	502.08023
3037.9988	541.9917	3059.9539	538.6926
3031.918	1170.2247	3070.3345	1166.1644
2959.086	490.6335	3004.0718	484.52853
3019.035	1227.8164	3068.0308	1225.7195
198.26521	1377.5583	173.99133	1389.0873
571.66284	729.05005	573.10016	710.00757
1793.1853	769.18256	1862.169	699.181
2840.0383	804.57355	2914.0417	799.62445
3069.466	1162.4531	3033.81	1166.1847
2606.077	320.09744	2554.6057	360.76666
2830.307	52.669567	2855.1345	41.293587
2687.921	459.46622	2725.9734	453.8209
386.458	684.95123	388.35712	663.8521
2793.7139	68.39473	2773.5022	77.94652
2939.0574	684.49744	2905.1633	688.41394
3046.004	1427.9734	2904.177	1406.8134
611.61926	746.9772	612.8182	726.9891
1434.0471	845.002	1434.0052	824.9979
1788.1086	997.57513	1688.8909	1004.417
3019.0173	1201.72	2881.0486	1193.2139
2915.9795	871.5045	2883.993	872.829
3037.9595	1326.9265	3070.1401	1325.7125
100.72161	470.6074	224.78505	527.469
199.00208	568.9951	162.2485	553.4138
2404.9673	493.64703	2535.9534	481.4965
2749.8945	116.94062	2820.5457	79.01642
2855.0713	37.140453	2829.5356	50.083843
2881.8865	1456.4384	3070.1812	1448.0869
1102.899	1540.8431	1028.0287	1589.0447
2878.2031	521.2604	2849.1523	525.9444
3054.0403	471.32153	2954.7231	483.79578
403.0662	695.85004	374.82956	683.3861
627.18036	754.00616	627.8666	733.9612
141.81158	550.43756	94.41781	530.0297
362.08707	997.0058	363.9	969.92633
1062.6562	622.06	1063.7832	590.95593
1198.5487	1065.0144	1199.1538	1041.9778
1434.2938	813.01166	1433.583	769.99036
1694.034	1008.4592	1786.047	1001.63324
1984.0028	985.0449	1880.9047	991.47107
3069.0872	1141.2548	3044.9258	1142.9313
314.94656	1392.4822	350.0692	1396.3755
569.57513	762.97	570.9904	742.9287
588.06744	737.00195	588.6452	716.96094
1163.6693	823.0319	1164.7233	800.9391
180.97691	1392.9607	209.00879	1393.6345
483.91214	645.19366	381.25916	598.6334
809.9759	1625.476	631.98444	1633.6613
1152.965	740.7025	1222.1835	732.55927
1936.2703	514.86096	1911.5652	522.61475
1164.5919	787.01544	1165.1414	765.9776
1942.0613	484.80856	1962.0978	483.2906
2895.0918	688.8575	2864.1262	692.17676
2922.162	513.92365	2890.2676	519.52423
2932.0818	494.47668	2827.2512	512.46387
1155.8976	1127.999	1156.0988	1106.9913
2591.042	388.29355	2635.9814	381.86945
3044.8896	1150.8425	3070.2314	1148.4249
3046.0571	1158.8064	3070.1487	1157.0986
609.2634	778.93274	610.99225	759.99927
934.0481	743.3893	833.227	755.83813
1040.148	658.1864	1151.907	644.25397
1433.6278	917.00037	1433.6396	897.99915
2597.8057	408.5971	2628.0562	404.406
2994.9932	1064.2454	2883.9673	1061.1877
231.66302	527.73334	98.32731	466.46393
157.01556	504.96594	101.68749	479.6839
383.5672	605.9416	422.1488	623.6763
408.16333	658.00696	409.10178	635.9618
1433.9894	868.9938	1434.1132	849.0007
1848.0375	1609.0275	1842.518	1415.9567
2188.8755	971.08057	2079.9446	978.1457
3001.9531	1254.1306	3070.1326	1250.4604
102.641945	626.8508	105.27058	602.91986
160.27684	550.341	197.08278	565.803
349.0575	1393.3955	313.9943	1390.0598
382.32007	738.02875	384.30487	715.93756
531.09607	1375.9373	532.76263	1351.9142
598.40533	712.3698	568.41394	699.35004
652.848	722.33734	566.3802	683.3755
1162.5288	897.00995	1163.9062	823.9794
2656.1548	431.15207	2626.0264	435.19714
2918.157	17.919823	2892.8699	22.238062
2960.006	870.2093	2929.0037	871.1237
3041.9377	1367.0012	3071.198	1365.1796
3069.0303	1280.9857	3033.9712	1282.0631
112.7988	527.906	114.59939	504.8904
433.01196	1318.8999	319.83405	1305.3903
414.00287	1517.554	384.99765	1517.3673
423.37216	627.19244	383.98175	609.0396
569.6365	691.8343	604.0704	706.83844
1077.9274	624.39355	1047.8794	627.99255
1196.7561	1151.954	1197.6047	1128.9854
1205.5096	782.9972	1205.759	738.993
172.77928	1455.7666	159.42711	1468.3943
174.49138	596.7846	192.39494	604.02313
310.98532	1502.5549	342.0165	1503.375
382.81033	1360.9037	384.99615	1333.9187
366.95502	1504.1215	393.99173	1505.206
1203.4193	892.006	1204.087	844.98706
1775.0696	847.83105	1700.0099	854.11774
1908.4705	494.8242	1939.7134	486.7661
1913.4667	525.504	1940.989	516.96454
2970.0264	850.3851	2861.0576	857.8415
137.97676	1616.3223	94.99302	1617.7965
200.94286	576.13226	159.72528	558.32153
170.3843	625.0052	189.27014	632.30066
217.79071	532.46027	166.8632	509.3008
442.0351	1676.4667	141.92726	1699.0326
566.54895	528.01196	1.0830231	213.85057
608.95825	716.9138	606.6308	745.0522
863.0657	925.003	866.9469	839.95197
3032.0645	1287.7842	3070.0872	1286.4116
174.11981	554.9195	176.31337	530.9372
195.34282	899.1941	55.59936	857.3376
384.83746	710.984	386.71967	691.8739
420.60208	631.88995	384.26535	615.64307
568.06396	786.00476	569.5495	766.0409
2886.2073	1263.9974	2994.9636	1256.4749
3051.9954	1487.831	3070.065	1487.3273
94.52926	522.9796	142.04973	545.81555
101.408745	476.2955	159.15865	502.65237
102.502045	483.09555	155.01624	506.96426
207.71295	1394.6512	200.28067	1422.076
1195.8579	1203.9934	1196.8861	1181.948
1433.6665	892.99426	1434.0105	873.0002
1780.0159	1110.2946	1703.0781	1114.4479
2535.1655	484.80185	2279.0317	508.3452
91.451324	561.9356	109.22404	569.4716
160.00491	499.9893	101.85641	473.313
187.73798	660.9742	195.82277	578.88403
199.05414	1440.123	227.00215	1389.0012
412.38522	669.4275	376.20508	653.84576
607.58997	1062.9819	608.695	1037.9424
860.0177	682.1444	993.9669	665.72986
1435.0482	1083.004	1434.9645	1062.996
1786.125	835.5794	1686.1184	843.4962
2001.9845	1101.7654	2022.9591	1100.3802
2856.6782	1199.4512	2877.2354	1187.4017
2891.9324	1533.8125	2915.0283	1532.496
3070.554	1290.9988	3070.4692	1321.9985
191.58806	606.9703	172.61208	598.9137
358.14777	1039.9248	360.6089	1012.0538
910.05334	1049.6522	832.08417	1056.0289
1049.1288	587.8744	1077.111	583.7537
1157.6079	1066.9999	1157.6157	1043.9995
1204.4327	818.0312	1204.9126	795.9763
1724.5995	1193.0024	1724.6677	1175.9946
2157.8467	745.32697	2060.1182	754.28925
3047.9736	1406.6635	3070.044	1406.2283
347.0199	1390.0015	351.5826	1329.9683
411.90695	1010.9928	413.98596	984.0762
622.1769	833.01117	626.46674	764.90344
825.9707	1647.6385	775.0617	1651.7617
1235.5392	904.99615	1237.1564	709.98474
1435.7958	1142.0159	1435.5198	1120.9932
1756.4873	925.0101	1756.1716	908.9769
2168.0112	815.12885	2086.11	822.2637
2657.8887	351.32166	2563.7969	366.76178
2785.066	499.5689	2564.892	525.0683
2870.0078	1166.0134	2854.1465	1175.2517
2867.4353	1275.036	2886.0835	1267.1987
70.580475	919.95685	73.7779	888.87427
352.68768	1106.886	355.19452	1078.0168
392.99185	1470.2864	376.97635	1469.8303
401.90497	722.23364	389.00522	716.9872
402.6668	746.0387	407.0259	670.8855
526.28564	1443.9393	528.4131	1418.8654
659.7024	714.6557	561.0533	669.8826
582.65924	817.0434	587.214	747.8824
638.4395	730.2654	611.4244	718.2996
854.1316	1121.9585	856.8592	1064.9454
867.8843	1649.9891	870.1243	1626.0116
1197.7299	1126.0115	1197.532	1103.9952
1237.1089	708.92474	1126.1176	721.9979
2181.0337	801.3686	2072.1233	811.3447
2625.013	1638.6649	2441.013	1637.6456
3072.4297	119.59035	3051.3164	170.71771
3070.5872	1329.9979	3070.4375	1360.0022
326.42148	1386.8663	328.70624	1359.8904
338.98804	1468.4357	322.97266	1467.9962
355.37222	1072.9403	357.95007	1045.8053
461.6103	974.3412	352.79037	942.72144
492.59085	638.8622	375.36447	583.23193
524.4837	1473.0332	526.1399	1448.9409
610.04645	1634.9241	535.9822	1638.6454
752.6332	809.03406	753.6037	790.9787
1762.5414	1190.0095	1762.437	1173.9906
2200.892	1252.4642	2092.96	1257.0602
2082.0352	982.526	2185.0432	975.6461
2141.8894	964.66864	2167.9587	962.5029
2950.183	664.57623	2842.888	677.0349
2911.992	1526.3777	2894.982	1526.5974
57.722614	1044.0792	61.24867	1011.9176
140.12589	543.7127	95.861305	524.3165
98.06152	595.8401	128.21451	607.4425
151.81778	994.71747	121.7269	987.0753
323.99146	1465.2218	337.98978	1465.0681
381.4243	1003.95734	383.57266	974.9683
437.13895	669.956	438.11063	650.9545
454.83917	679.99194	455.93964	657.9471
1334.0234	624.184	1028.1478	663.16046
1232.9104	899.9891	1123.793	909.66504
1916.7482	1131.0637	1915.7812	1112.062
2180.9856	1087.7639	2098.9863	1092.7771
2820.8477	82.19384	2849.8162	63.711777
2822.931	629.4574	2887.0366	621.2867
2871.8608	1346.5975	2893.3992	1339.1552
2902.009	785.14655	2883.9543	786.2551
91.47515	454.13226	237.15695	521.6614
112.54862	570.7498	130.21774	578.50385
170.48387	593.9566	172.50891	569.87463
328.9789	1354.9059	331.47086	1327.8591
434.09784	705.91986	436.0447	684.00397
611.7223	710.6219	645.65393	725.775
1156.6089	1092.9836	1157.5714	1069.9403
1437.3785	825.99646	1437.4323	847.00146
2029.5862	703.45483	2015.7344	713.96765
3070.429	1409.998	3070.5938	1447.0018
165.0896	650.9171	167.2566	627.1144
197.2873	564.9572	198.7261	540.9836
430.40878	1016.95013	432.77347	988.8966
768.68445	828.97644	767.2612	848.01953
785.2217	824.0205	785.5405	805.0091
926.0931	926.9548	825.87573	936.72516
904.0778	827.00275	906.00165	771.9651
1772.0487	904.1913	1744.0138	905.3368
1687.9689	1014.56134	1790.0939	1007.3255
1932.9639	478.72873	1907.8765	482.0732
1941.6952	517.99115	1942.5879	587.967
2017.9979	1553.585	1993.9937	1553.7014
2079.9148	988.7367	2190.021	981.31256
2873.9272	1383.7401	2898.0015	1377.0049
2878.8176	1418.7853	2948.8372	1413.0219
2980.026	1081.2738	2949.957	1080.2017
3070.4397	1369.9983	3070.5642	1403.0016
105.79714	596.97815	108.3971	572.82745
189.4002	635.47253	166.02061	625.9494
192.45921	1434.3671	170.85355	1452.8286
432.35043	731.02655	434.013	709.0767
466.4307	653.2504	435.47363	639.1561
568.0552	1667.3502	488.06622	1670.6202
608.3895	801.0191	609.2726	783.01337
1154.611	1180.9647	1155.1951	1157.9795
1204.2502	843.0329	1204.8832	818.99695
1146.0066	1040.1045	1214.0504	1035.7965
1695.0071	850.08777	1780.0186	843.2308
1908.9702	702.9712	1840.1655	774.16003
1980.9698	1559.6782	2024.0182	1561.591
94.917595	533.1915	138.94263	552.13336
136.69717	539.9266	138.15817	514.0089
322.459	1430.8721	324.7813	1402.8988
356.80054	950.6824	402.68066	964.0926
448.39313	764.02997	453.96307	690.921
539.4026	1505.0295	545.7133	1418.9058
566.6573	1052.0298	567.8384	1025.9927
922.0832	758.6719	846.99646	767.9713
1866.3514	697.9929	1658.692	722.37683
1726.1542	1259.0328	1725.4524	1240.9824
1939.7452	485.04282	1940.5986	510.04782
2887.9487	1495.5364	2908.144	1493.3002
148.0535	1030.7775	123.774	1024.94
616.21375	729.0088	615.3938	749.0161
782.62994	603.21545	799.9799	633.0117
1047.1948	627.0281	1048.0902	588.9551
1437.287	874.98846	1437.4661	895.00476
1772.3372	923.0091	1772.4594	904.99634
2541.118	528.2562	2294.939	551.3484
2868.619	1310.3989	2889.978	1300.9506
85.09903	1016.5859	47.838478	1007.6754
64.23952	1008.7945	84.244545	1012.76917
97.77336	894.8642	79.014565	889.94446
108.53436	567.9514	111.05411	543.797
340.9041	1436.0557	309.97763	1433.2463
325.04727	1432.0536	341.05728	1432.8534
400.0632	1394.0051	404.7313	1335.8981
433.41446	629.2649	476.00827	648.9821
880.5432	1410.015	881.18054	1386.9773
891.42236	1118.93	893.9479	1061.9534
911.03894	1363.169	804.0577	1366.7313
1219.0814	1029.2297	1134.0566	1034.8553
1224.1783	725.4878	1141.1721	735.4359
1198.3716	1089.9902	1198.7123	1067.9801
1718.4844	900.00757	1718.6006	861.9957
1975.0421	1099.7516	1896.0662	1104.1802
2895.9814	1571.2507	2920.0059	1571.6064
3015.8926	1288.8767	2907.7988	1275.6432
65.597824	968.95917	68.84549	936.9843
127.12443	637.0118	135.07753	552.9128
161.81773	555.41565	201.51642	572.8222
439.00327	1651.086	145.97054	1662.2249
346.9924	1361.058	320.9168	1357.6335
505.0058	1534.6425	616.00903	1536.4414
634.4843	1024.7532	544.6124	998.3176
601.08075	1160.0052	606.653	1074.9117
651.11316	863.951	659.3546	714.909
852.2049	687.2645	584.782	540.2151
845.1561	763.1683	929.1268	751.94855
879.29	1437.0127	880.30084	1413.9694
1080.0712	560.5384	1031.0037	567.0273
1154.2871	1206.9851	1154.7454	1184.9739
1134.9761	729.7921	1231.0822	718.71246
1196.4861	1178.006	1196.7556	1155.9847
1213.0748	1154.3252	1187.9854	1155.7415
1229.5472	1228.0254	1233.075	1012.9848
1917.891	645.89484	1794.1776	774.1361
1911.1198	1609.7974	2027.005	1602.0759
1948.7795	588.1456	1944.179	517.9883
2189.8943	665.11957	2014.1438	686.1992
3070.4026	1171.9978	3070.738	1232.0015
61.998962	1654.921	84.008316	1654.6312
133.05331	1628.1559	100.98316	1629.6349
128.43794	611.2695	98.9128	598.19696
167.81784	622.9835	170.00287	598.8194
166.5186	506.06213	223.581	531.9245
399.9956	1366.039	385.9488	1364.454
547.0201	1086.9358	548.7212	1060.9817
793.01324	1635.4114	645.9722	1640.1346
718.8196	1156.9917	719.87885	1133.9944
781.4053	896.0209	784.6585	832.93085
1228.2908	449.77206	749.38544	528.34894
1420.897	914.0053	1421.4686	816.99097
89.073265	979.71405	47.015835	968.9382
122.94277	985.2796	151.19218	991.061
161.06955	948.73193	120.91846	938.3143
160.83195	912.5792	143.81386	907.64154
280.74026	335.00403	304.33917	352.54367
310.00006	1498.1495	336.99973	1498.1409
402.12296	420.7861	370.61212	402.67484
407.82394	965.6325	451.0902	977.67596
522.42975	1503.9602	524.1743	1478.9424
605.00446	1522.616	579.9962	1522.326
748.63556	882.9805	752.0584	818.94965
1589.0314	851.0059	1588.9332	834.99426
2080.9966	817.9615	2157.0203	811.2283
2936.0288	1078.9178	2904.9976	1078.0916
108.85677	572.33374	90.75717	564.5658
129.7571	581.5406	111.78981	573.46783
134.6786	937.8776	137.54184	906.9576
168.47366	512.9468	216.33775	534.47253
386.23615	740.4243	401.18246	746.5552
697.5986	1481.9824	698.5633	1459.9371
722.1539	1093.9569	723.3256	1070.9656
748.2128	1424.0594	750.61664	1374.9812
765.298	1196.014	769.0334	1116.9071
769.3971	1107.0189	770.495	1083.9285
887.0085	1220.0679	888.8366	1192.9216
1761.4872	1138.0137	1761.0088	1120.0264
1762.5895	1213.0021	1762.5623	1195.0006
1908.0992	680.09467	1801.6469	791.66296
1879.9274	1000.88245	1985.068	994.04614
1924.9563	1567.0621	1924.4065	1548.9877
1948.8143	910.00977	1948.0197	894.9462
2596.1062	438.54404	2577.8262	442.10864
24.747116	431.57156	0.23604366	420.72665
129.9737	984.8993	133.02515	953.8062
127.796	885.69073	186.03226	902.8908
313.02216	1387.6976	347.05923	1390.1915
372.86075	1081.523	353.8754	1076.4679
422.14954	1123.0122	429.75687	1029.8984
629.0564	1641.139	471.94653	1648.9203
546.71533	1406.9838	549.7998	1352.9315
620.4813	1556.0453	613.7896	1627.0743
736.86804	852.9533	737.5268	836.98047
807.27576	923.96594	813.53436	790.9781
867.27563	830.9645	869.9742	775.9497
847.93274	1060.181	907.1084	1055.3195
1159.9341	1094.3188	1172.9095	1093.0642
1204.1515	820.21075	1195.9053	821.2427
1437.2896	769.99603	1437.4291	815.0018
1724.4896	1162.0479	1723.2512	1122.9921
1766.0328	1005.4886	1730.0612	1007.90906
2255.0664	506.21637	2190.4067	665.7595
121.9786	1636.606	136.04573	1635.8419
223.12822	528.71674	168.91806	504.18106
402.05847	1397.2246	371.0088	1394.8833
391.49127	1498.9591	398.89233	1406.9109
545.524	1106.0524	546.94824	1091.795
739.38947	802.02814	740.6944	783.9779
753.40204	1164.0507	754.1964	1142.0432
913.90643	1229.3292	811.8904	1235.043
904.04224	1581.0306	910.43616	1363.954
1183.1484	789.0018	1183.7186	740.9848
1659.1475	722.0123	1659.3824	681.00793
1725.6132	1239.0011	1725.5544	1218.9984
1967.9662	831.62915	1888.9838	838.8211
1956.419	1152.0327	1955.3502	1133.0365
2127.0247	875.23126	2095.951	878.5398
101.17002	939.3568	51.664257	926.2701
204.29858	1422.3943	212.8175	1394.3373
443.9074	1307.7091	310.82574	1290.3347
319.8076	1463.0739	322.2961	1435.8442
380.2574	1390.9346	382.46814	1365.8649
604.76495	804.98737	603.63776	825.9805
733.67676	1399.9368	732.6677	1421.032
1133.0098	1418.4131	1116.9808	1418.1456
1211.0295	1371.1362	1129.033	1373.2693
1589.4592	665.9933	1589.648	707.0062
1910.5588	935.0044	1910.507	917.9985
1927.0875	891.1935	1895.0398	893.5433
1920.6725	1252.0463	1920.079	1234.9972
2686.9866	1392.7063	2713.0234	1391.5066
61.57053	1006.84924	64.9516	974.784
118.89665	1021.5336	148.15489	1027.2002
213.44986	680.4104	86.44088	630.8697
393.01587	1502.4921	368.00906	1501.7101
549.8752	1046.9927	551.3503	1021.96173
559.2329	1151.0233	561.9438	1123.8944
564.07465	789.00397	562.9615	810.05084
736.14935	1098.0477	737.107	1074.963
763.0326	1526.5876	693.0006	1524.9729
772.0454	784.0951	769.0607	816.91455
900.9884	1569.2334	794.9824	1570.8345
1039.0856	712.7462	1334.9813	678.8373
1164.8387	764.0471	1165.9684	743.942
1185.9685	1092.3866	1216.938	1090.7938
1208.3452	820.00574	1207.1489	892.0191
1435.6808	1167.0059	1435.5925	1146.9974
1444.4851	923.0006	1444.4481	827.0002
1756.4631	945.9967	1756.5677	928.9912
1869.7858	1044.661	1854.7546	1091.9689
1944.0715	510.99634	1942.7386	484.9622
2948.0935	781.76556	2929.0115	784.0949
205.77956	669.06165	208.08386	639.92755
380.9134	597.99475	378.0567	645.12463
372.43594	1111.954	380.20105	1016.8531
386.1156	713.6823	401.28992	719.2032
430.40274	756.0351	432.23407	735.0204
442.9021	983.35974	411.50565	974.8168
576.90906	712.0795	575.23645	731.1957
591.5214	1058.032	593.06134	1032.9424
636.8246	838.0413	638.0315	813.9515
752.4878	1114.9174	751.2222	1138.0668
833.063	757.054	823.61383	943.082
849.785	1222.9479	853.6505	1132.942
861.95953	772.67883	916.1076	765.8536
1208.7848	1503.1843	1227.3643	1424.0856
1225.9852	1215.686	1114.8547	1220.9077
1761.9363	1160.0343	1761.3865	1142.9553
1942.7292	481.88217	1940.7577	452.94836
2091.9807	827.80646	2120.0002	825.0031
2124.8477	1243.101	2124.0457	1225.9978
111.73972	542.59674	93.685234	534.7216
378.36517	713.0256	376.7467	736.1224
372.99457	1397.055	402.10532	1399.9359
562.9554	1109.0553	565.5637	1064.0327
714.1821	1421.0574	716.5645	1371.9789
732.175	1433.9496	730.82434	1456.0504
736.82635	1363.9811	733.44934	1395.0488
773.0344	1360.6952	700.9374	1352.5548
901.03424	893.0016	903.6189	836.93634
1155.5801	1154.9988	1155.6478	1131.996
1192.9994	1413.5098	1207.9994	1413.4902
1427.2947	818.00244	1426.4727	917.99567
1583.0035	829.9999	1584.1738	874.022
1756.5265	966.0017	1756.5753	950.99536
1779.0654	1169.3346	1749.0885	1170.805
1904.965	1156.4098	1932.926	1154.7524
2591.8667	432.87006	2585.914	393.1628
69.29613	971.6501	88.26095	975.8105
340.00327	1500.606	309.99704	1500.3574
375.84686	1048.6188	345.00354	1040.9857
588.8607	1096.9148	590.7245	1071.9794
605.7419	758.948	604.99243	777.08234
709.20917	1511.0121	713.7942	1431.8722
731.12885	1188.0641	735.6803	1107.925
1051.7971	530.75586	1015.2665	561.11743
1222.5736	1422.6991	1209.6979	1483.7252
1621.0181	656.1165	1591.9418	660.6244
1796.7874	1271.0675	1791.4807	1097.0159
1982.9952	1435.3271	2021.0017	1435.8816
2352.027	827.7317	2327.949	828.6256
2660.475	384.06104	2665.8943	341.85803
117.9104	885.3116	61.014263	868.9504
69.96975	643.079	226.92998	703.18286
349.80173	1400.9813	311.98032	1397.1968
337.62085	1497.9674	345.7815	1402.8954
349.41312	1000.4619	385.2454	1010.0864
394.9203	1438.9619	374.9744	1437.309
720.27295	1129.9617	721.48627	1106.9203
744.03784	1512.0018	747.77234	1433.9413
767.6049	849.97656	766.59283	867.03516
883.57434	830.0281	886.36304	772.9689
900.3583	920.00653	900.8137	894.9784
1223.0104	791.1173	1190.093	794.0456
1626.0033	1564.4897	1571.9854	1564.8579
1937.9972	455.05267	1939.3617	481.03354
2554.7913	360.72845	2549.9338	400.23776
2637.3057	246.90112	2620.6497	26.9508
2884.9114	607.4711	2866.914	610.4869
44.2216	1004.0112	62.214344	1008.0436
151.50888	509.08865	102.54831	487.00125
122.25186	1057.8087	125.63924	1026.8511
395.64078	970.26483	356.66074	959.1946
402.05304	1404.2947	370.92825	1401.9537
390.23056	687.4422	403.09885	692.76086
632.3429	1191.968	640.9476	1014.90027
703.16547	601.10345	672.3796	577.8203
698.9131	1454.995	700.1694	1432.9526
1202.9684	1125.4077	1212.94	1124.875
1793.9661	1268.082	1694.9165	1271.7404
1766.4808	1194.9989	1766.4945	1213.0004
1771.8904	1569.9692	1772.7542	1622.9877
1790.3561	999.04395	1785.9747	835.0274
1917.311	1154.089	1916.3102	1135.089
1896.3711	1037.379	1947.544	1025.0995
1929.7549	980.0377	1927.0898	891.99725
2128.428	1225.9973	2128.5352	1242.9966
2860.3738	2.8678594	2853.8118	33.96028
105.29089	629.29913	126.39145	638.0568
291.00333	1530.7881	425.01743	1532.8885
319.51364	1306.9647	313.7074	1387.1237
684.0005	1538.391	770.0012	1538.4604
667.8535	568.1839	704.01276	596.98395
750.9648	1141.0376	750.03076	1165.0402
803.9707	1366.9988	795.34283	1566.0149
871.09357	1122.0468	873.66345	1061.9856
991.0019	1637.4529	878.0033	1637.0587
1213.0209	1128.522	1200.9565	1127.9955
1589.1414	872.9853	1589.4152	856.99
1725.6725	1214.9662	1724.7183	1196.0142
1849.9392	1425.9718	1855.3639	1606.9891
1938.3151	1254.0219	1935.4108	1163.0188
1967.971	976.0011	1964.7291	890.0479
242.67438	519.69806	89.81625	448.39392
158.07268	944.91187	161.1133	912.9157
317.1233	1495.831	319.5504	1468.8695
469.65436	964.17615	344.85287	927.5006
375.66714	587.7078	475.6577	634.72784
641.63776	1015.22205	537.5912	984.3791
737.76917	831.98285	739.0976	814.0814
807.7832	794.4736	737.42163	762.2634
888.7163	1188.9873	889.9705	1160.954
1167.6947	824.0335	1166.2717	896.02515
1180.686	896.9944	1182.4866	795.973
1210.7069	1395.9854	1211.9064	1371.9454
1413.1785	866.99066	1413.3295	886.0053
1413.3317	841.9943	1413.4169	861.9982
1556.7683	704.85864	1579.0815	719.8789
1849.0645	1094.0009	1848.8375	1110.0118
1996.9723	1504.8059	2015.0198	1505.425
2024.6082	1101.0002	2024.5994	1084.0002
2130.8242	965.9602	2126.5305	877.02264
0.6316403	616.0871	17.111387	621.67126
376.3398	658.02185	373.3138	705.0202
374.41858	1464.954	376.48282	1438.8799
371.00146	1499.5586	390.00125	1499.6215
586.96375	1125.9974	588.72034	1100.9803
904.0246	1369.9342	811.01013	1372.3846
1075.5122	1430.8976	1071.6802	1449.1428
1075.8777	1456.9528	1087.9941	1425.6111
1133.9724	1415.0125	1172.0265	1413.9497
1209.5638	738.0078	1208.9419	783.02686
1435.6648	1108.0156	1435.4191	1086.9951
1439.413	1148.0	1439.4121	1168.0001
1598.0497	653.22327	1620.0714	648.32104
1992.9686	1261.1345	1887.9618	1264.9478
1918.6656	1184.0245	1917.4221	1167.1161
1963.6335	880.942	1965.6731	832.8589
2148.9375	1143.8203	2177.9622	1142.2834
48.74328	844.8371	202.95969	892.1315
310.55515	1291.9619	290.18448	1530.1013
584.75024	1505.9844	590.08325	1420.8799
813.674	787.71094	732.34796	750.42206
897.9993	1378.9768	818.0357	1381.2532
878.90466	1130.0397	874.87384	1222.082
1169.0298	1130.5762	1146.9337	1131.7178
1262.6339	1404.9563	1252.7031	1488.2031
1564.1445	859.9961	1563.6365	972.00287
1607.426	1552.0049	1606.6064	1456.0118
1749.8802	1163.3901	1778.9426	1161.2281
2559.1287	540.0766	2788.0872	512.72925
51.878056	922.4482	101.30046	935.89575
161.59206	957.3696	118.81293	944.6281
206.98618	1389.4207	193.96738	1388.9928
302.75848	356.32523	278.83948	338.56277
376.90787	1432.9926	379.01227	1406.9203
464.90707	771.03705	466.0139	743.9597
590.5512	1410.0322	593.6526	1356.9797
615.46436	1535.9105	627.2912	1332.9004
771.42444	1539.0188	779.72943	1351.9436
857.5758	1439.0261	859.9845	1385.9993
1168.5094	765.9964	1168.3473	788.00995
1175.3157	1093.9818	1176.6973	1041.9655
1421.8356	1217.0056	1422.5155	1115.9766
1437.4135	850.99976	1437.4265	870.9997
2696.845	223.44646	2753.2903	243.04402
2984.9316	1187.9082	3003.9744	1189.3406
44.773952	1048.0948	88.75718	1057.176
117.47016	1660.4991	127.29152	1651.2478
120.857414	940.5197	162.30437	951.89056
166.79005	653.5002	186.15572	661.629
348.7928	1078.881	346.1089	1106.1093
423.0051	1092.9767	407.85397	1089.669
916.1487	1242.0371	922.838	1034.9625
1051.6273	590.9917	1051.4219	625.00256
1208.4078	795.9995	1208.3914	817.0011
1437.4187	898.9912	1437.5491	920.0028
1586.1057	1551.9995	1585.656	1455.0016
1600.2008	584.0002	1600.21	621.0002
1779.5695	1235.0017	1779.5001	1216.998
1910.7495	913.112	1909.2957	896.8839
1926.7229	1379.2686	1959.8883	1366.7051
94.601875	597.1388	92.27202	624.02356
160.01535	1472.9385	190.24736	1440.2286
426.4716	707.96655	425.2649	727.0168
432.61386	629.9673	429.46393	667.1241
571.21515	793.0091	570.37317	812.9312
633.2725	735.01825	626.50555	836.0339
890.37494	1158.0062	890.825	1130.9805
1173.0718	1208.0188	1174.9153	1102.981
1413.7286	816.0155	1413.2817	837.006
1427.3734	764.9963	1427.504	813.00134
1444.5989	818.01483	1444.1229	772.9987
1467.0988	937.8548	1402.5448	915.30316
1686.7604	843.995	1687.8385	1006.98785
1802.9998	1576.5256	1775.9993	1576.5382
1819.617	1378.0596	1823.7223	1611.0049
1943.8955	1154.5242	1972.9622	1152.4661
2920.0503	1104.0714	2941.9858	1105.2606
45.07612	1043.5994	82.25395	1050.6635
376.98746	1467.5225	390.9778	1467.1552
383.7052	611.6423	422.74277	629.5604
426.98132	731.999	425.702	755.98413
428.54977	682.0476	426.73065	703.06323
529.9631	1399.0525	530.95123	1380.9427
538.99994	1478.0029	521.0077	1477.6289
577.85406	1021.5126	548.65796	1013.20154
586.2317	528.5077	565.5722	518.78424
590.023	1017.0019	586.675	1057.1398
597.95514	822.02893	598.6832	797.9904
604.3946	782.0174	603.55804	801.02454
606.08636	1667.7899	642.09326	1663.853
700.74994	1417.9832	702.0993	1397.9393
723.69006	1135.0437	722.23004	1158.078
756.0979	1066.0088	752.87775	1102.0784
877.05585	1631.0073	879.15155	1615.0199
1173.0128	1432.4753	1130.0438	1433.6298
1127.0079	1029.1267	1224.9365	1022.9872
1203.0253	845.1139	1195.9302	846.6848
1439.4802	1198.9974	1439.3829	1219.0067
1446.7123	1113.0211	1445.9087	1063.9851
1579.0487	870.99927	1578.4095	829.009
1598.2	878.01447	1597.4762	838.00946
1736.4613	900.98346	1734.9945	860.036
1741.699	1164.0409	1740.3143	1120.0216
1743.8036	905.97125	1745.1755	991.98126
1884.9902	834.8856	1967.9849	827.82166
1977.2201	1250.0676	1973.8743	1162.0428
2012.0338	1431.6384	1988.9551	1429.4805
2091.3518	1492.8966	2095.1145	1432.8818
2989.377	1401.076	2977.66	1305.0415
52.22099	917.1817	95.06672	928.7529
134.71637	552.6764	114.85417	544.3478
152.67982	1473.067	156.4487	1434.847
146.34203	1063.9349	156.73409	958.87476
212.4327	536.27277	167.45409	516.2248
191.5658	1422.0112	190.88977	1395.9509
349.08698	995.6759	380.25735	1004.04095
389.23505	1119.0975	391.45755	1090.9572
403.09753	1117.9209	405.53918	1090.0472
408.39722	1053.0325	410.60922	1025.968
415.19012	638.0859	407.10986	750.0801
461.7684	735.9845	467.326	652.88806
568.4732	703.0587	591.2921	714.41296
757.0311	535.98834	780.69336	599.1149
818.8647	1042.9933	809.11743	1239.0555
879.8374	924.08026	883.6442	836.9408
1119.803	1020.994	1113.6661	1224.0806
1202.6289	1040.999	1202.5664	1064.0043
1217.0537	1090.0011	1218.3386	1029.9645
1706.7928	908.96783	1708.353	995.97577
1771.5682	892.98773	1771.9949	877.97144
2121.95	825.47284	2169.0015	821.0149
3070.0925	0.9466139	3070.783	28.005539
121.03768	935.8526	159.10628	945.5842
187.4212	1100.9454	207.50175	887.953
203.28151	632.9365	211.85138	535.89856
344.31027	928.02563	327.43854	1132.1189
573.1064	769.0066	571.9209	788.11914
606.8577	825.0639	608.26605	806.1689
776.1318	802.0042	775.5583	819.9859
1191.3407	794.9924	1190.1832	895.02527
1217.0159	1099.2734	1183.0718	1101.2394
1421.4965	809.00085	1421.4268	766.99927
1737.6172	993.9906	1736.2747	906.01105
1953.3597	935.9898	1953.8716	954.03204
1957.8531	1182.9476	1956.806	1165.8892
2165.063	872.6745	2134.1458	875.56195
2633.6953	425.1188	2630.3125	387.97153
86.1149	1054.4597	46.0144	1045.9323
146.07018	646.00525	148.4639	613.95996
384.1874	1007.2905	349.93588	998.24274
379.0481	1435.0559	394.0601	1435.8209
583.28766	1130.9485	581.4796	1155.9624
633.19165	808.95013	638.06476	729.9423
790.21295	807.0107	785.654	898.0328
795.9876	1581.9899	901.9959	1581.3357
1201.5056	1103.995	1201.2852	1126.0128
1210.5729	1413.0104	1210.8271	1398.9968
1234.2642	1420.0356	1223.0822	1503.0111
1414.2394	1116.0106	1414.0588	1137.0092
1448.8782	1120.507	1407.8442	1110.6483
1435.7083	1193.0133	1435.4913	1171.9949
1405.93	921.206	1465.5317	941.4332
1439.4832	1121.9995	1439.4631	1143.0013
1446.6364	1222.0049	1447.4016	1121.9878
1690.1125	1103.9656	1692.8981	1274.9691
1743.4197	1261.0128	1741.4375	1171.0344
1857.0204	1623.0074	1809.9991	1622.0414
1995.109	1264.1198	1987.815	1088.0491
1968.0171	1365.28	2020.0353	1366.5159
2016.3766	1082.3926	1995.5931	1035.297
2023.0055	1486.4574	1966.0217	1485.875
2138.7737	1145.0535	2136.766	1098.9667
2191.3992	974.1509	2181.4158	802.0339
3017.9507	1406.2684	2994.0247	1401.8666
3049.973	170.79611	3034.1213	172.91022
74.58731	888.4222	61.526394	884.6321
86.77885	1013.8753	90.25636	979.82196
95.31098	927.9343	98.3709	895.84467
126.119194	1021.1297	129.62971	990.8412
548.00586	1409.9312	523.016	1407.8112
585.2684	1154.9602	586.57446	1130.9768
703.7326	1433.042	702.4705	1455.0842
755.10333	1135.994	755.2366	1116.0016
878.00867	1614.3794	817.9985	1614.7576
1435.7942	1218.0186	1435.4863	1197.9926
1438.4111	1062.9834	1438.6594	1084.0159
1466.6556	933.0099	1465.3702	758.00464
1973.1737	1152.001	1973.1456	1102.0016
2119.0488	1120.0322	2118.4058	1101.0541
2549.256	400.31744	2542.5698	407.60535
2774.4111	80.86891	2791.3938	72.83196
2967.9177	1398.4767	2944.9124	1394.5087
3061.1436	1400.9836	3057.6091	1369.9307
16.8873	617.9886	36.48366	424.84616
48.238422	966.09656	67.23491	971.10986
61.73869	871.91656	114.709656	887.0184
135.48225	1702.0452	143.3736	1617.8475
313.63602	1467.9608	310.49716	1497.1609
377.65372	1317.9641	373.28894	1360.1334
388.03314	717.0024	386.371	740.0987
700.70074	1487.9117	699.2632	1509.0858
1092.5793	1492.0278	1094.1167	1459.9576
1131.8695	1564.4042	1181.0315	1560.386
1168.2825	801.0109	1167.4691	822.0182
1185.5709	1041.9907	1184.4601	1093.0317
1214.488	1205.0122	1217.1027	1100.9774
1448.6448	774.9994	1448.7936	927.00116
1592.302	836.98663	1592.4667	853.0055
1770.994	1622.4639	1676.9994	1622.8312
2106.931	1146.0159	2135.9282	1143.9775
2863.7039	588.789	2865.5786	603.92834
2901.824	1626.3945	2923.9758	1629.191
2944.0112	1181.8702	2927.959	1180.472
98.176796	932.3428	52.019756	919.9266
88.37991	449.03903	68.54491	642.05597
111.05314	1057.7158	146.1353	1064.2765
226.85097	701.90106	242.52032	519.8726
594.0368	718.0667	587.4132	821.0266
611.5131	808.978	610.6555	827.98444
730.85565	1461.9365	729.62933	1484.0349
741.0368	1375.0018	739.9881	1396.0492
928.278	929.93335	935.4759	743.94104
1161.1573	1070.0054	1160.3329	1094.0457
1118.9769	1226.507	1221.0342	1221.731
1192.0165	740.00024	1191.3759	787.01874
1350.9873	1500.9398	1421.9879	1501.8958
1568.017	724.9651	1346.3896	617.1435
1678.573	779.83545	1587.7776	733.4352
1749.7382	1171.971	1751.2267	1260.9962
1693.93	1281.9952	1795.0513	1278.4683
1852.8132	1341.3019	1822.6099	1376.9764
1875.3442	829.9641	1879.6986	992.95465
1912.4331	978.10785	1911.3226	961.9778
1918.5233	1206.0034	1918.6361	1188.991
1938.9641	883.42706	1963.9912	881.85925
149.05951	1067.7158	112.00869	1059.9585
373.51105	584.04407	358.92856	753.0801
517.3941	1319.0258	503.3432	1534.0878
619.0892	1341.156	524.9777	1331.211
575.86633	1379.9929	577.1415	1355.9545
585.8371	1071.1667	583.57025	1096.1426
1209.0896	1430.9755	1189.9753	1432.731
1202.612	1067.0118	1202.1494	1091.0221
1595.0088	1247.0146	1594.757	1229.9888
1603.4691	619.0036	1603.5549	583.9989
1763.55	1236.0052	1763.3411	1218.0077
2390.1443	559.2438	2545.145	541.24854
2615.482	410.8486	2617.1306	426.98666
2665.7852	340.59836	2606.529	319.31073
17.246712	1698.4286	51.797054	1688.3073
93.73448	942.9947	72.88544	937.42914
90.53005	978.9588	93.69301	942.8854
405.81366	1085.0712	408.17877	1058.0156
520.87585	1478.8988	518.7016	1503.0631
539.9936	1449.0569	524.9592	1447.3616
590.9896	1420.1062	567.0222	1417.772
612.7289	784.98846	611.91833	804.03906
628.14105	1330.7551	517.8576	1318.2565
716.31226	1162.952	714.9156	1182.9941
733.73	1457.1072	735.1611	1434.01
735.769	1488.9594	735.0722	1510.0354
866.7572	1222.9893	870.8881	1129.9507
1159.4427	1132.0024	1159.3186	1155.0071
1168.0139	1183.497	1159.0211	1183.7499
1427.6412	1057.9897	1428.4558	1109.0087
1428.5106	1490.1642	1454.8484	1474.7412
1594.9231	1201.0029	1594.2228	1182.9913
1603.7976	1252.009	1603.1044	1159.9917
1741.0867	1171.161	1713.0933	1173.2499
1894.9825	1389.0895	1897.2249	1615.0077
1934.856	1155.0377	1933.3711	1109.9878
1955.9812	1130.0575	1954.8531	1110.0647
2120.9998	1178.0083	2111.9785	1177.7516
2143.9004	1246.0547	2139.2175	1151.9891
2617.2798	27.979477	2633.272	245.90666
3038.6228	198.92308	2961.7466	383.72656
116.110344	545.3349	111.85717	572.13605
53.98589	1709.767	134.05562	1704.9186
201.84456	578.89484	193.83379	666.89386
402.93417	1024.1733	400.42886	1052.128
574.66046	745.0435	573.35254	764.8914
614.4379	762.027	613.2669	781.0165
869.99567	1625.2979	825.9904	1624.6533
1169.226	743.9611	1168.2162	764.0611
1401.6404	926.04285	1467.1292	948.6257
1958.7411	1228.0061	1958.3152	1210.0162
174.91408	908.3005	130.53947	895.6104
373.34012	1364.9424	371.04996	1391.179
407.33945	971.0294	404.03513	1009.1763
437.67508	712.0431	436.33194	733.085
542.7293	1145.895	544.7044	1121.9756
567.9131	1422.9142	566.08875	1446.007
566.5551	809.9714	567.83215	790.11786
573.04376	731.8847	587.2718	737.28375
792.17633	1223.964	799.11896	1064.9178
833.4829	1632.0195	832.75653	1650.0305
1401.0172	1368.821	1456.8844	1374.2004
1583.9062	1248.0005	1583.4812	1154.9933
1594.3159	1177.0087	1594.0885	1158.9989
1602.5765	1151.0117	1602.2126	1106.99
1601.7439	840.97687	1603.5641	978.01904
1706.3156	861.9773	1707.0237	902.9996
1709.6312	1267.0073	1707.734	1172.0253
1778.0715	737.1132	1786.0455	732.072
1880.1757	1057.1674	1896.7799	1039.7432
2180.0488	1142.9974	2177.6301	1096.9669
2755.6885	283.1225	2637.6206	250.36716
112.80494	889.7046	61.578403	875.5229
142.27478	551.92676	133.07686	643.00775
352.89908	943.054	349.77008	995.1064
360.11398	1075.4589	373.16672	1078.2086
368.05518	970.0038	366.07516	999.0051
400.0122	965.95776	356.86096	953.48083
560.8483	1123.6908	539.97644	1119.1072
570.0972	1474.9539	571.27246	1451.9628
822.9891	945.88586	927.08984	935.94006
1127.4377	723.0347	1122.8468	913.0688
1184.1528	1102.986	1182.4305	1207.0237
1191.8381	786.466	1223.0184	783.1752
1410.5017	828.983	1410.9468	815.964
1759.4814	908.9575	1759.9127	924.0025
1779.4963	1212.0033	1779.2303	1171.005
1965.0471	888.80457	1935.033	890.563
2036.0013	1616.775	1911.9877	1616.0168
2125.8691	869.96716	2124.3208	829.0257
2098.9673	967.606	2127.9343	965.20624
3034.4067	172.5899	3027.5957	188.83049
65.8181	1013.0802	62.654926	1045.3582
410.24268	1337.0194	396.3113	1511.0249
548.046	1416.4799	520.9046	1414.0781
773.6695	852.9878	773.03973	870.0384
799.49274	1062.6915	714.6275	1037.2422
820.02014	1375.3832	853.0131	1374.9027
850.08136	836.00415	852.9316	779.9965
831.83105	736.5548	1023.78015	714.11926
1033.6855	720.1269	1001.6549	1650.2635
1197.0813	1181.498	1187.8379	1183.0078
1223.2827	782.98157	1224.7491	725.9935
1451.6475	1122.0046	1450.9064	1224.9993
1748.1653	1119.961	1749.6396	1164.0121
1746.9918	854.81415	1766.9978	854.6772
1904.4995	1165.9525	1907.2905	1253.9908
1958.572	1205.0996	1957.2439	1186.0527
2035.8053	706.8139	2026.0151	717.05884
2120.2834	1143.0966	2119.268	1125.0411
2940.9785	1108.2805	2916.9656	1106.4502
0.48855558	412.12003	31.807531	426.42148
46.218666	839.02515	19.792318	1068.9761
165.37323	508.03342	161.69156	549.1515
399.71884	1089.9762	397.41763	1117.1202
540.9525	1121.9275	539.2798	1146.0886
574.8122	1155.9908	576.03076	1131.0015
792.44763	1070.8917	719.8016	1049.6794
758.64746	785.76465	740.7611	777.5182
1066.3511	1418.5948	1052.9031	1426.5304
1159.7306	1105.9972	1159.503	1128.0155
1201.1405	1129.0664	1200.4275	1152.0443
1421.9386	1107.0006	1421.4277	1057.0059
1548.127	1559.3372	1563.2433	1553.6464
1568.9918	810.0183	1609.0581	827.8696
1610.2013	639.1899	1596.905	641.4386
1570.994	1574.2767	1626.0067	1573.8257
1704.25	999.012	1702.1038	864.9823
1715.9536	1165.2336	1738.9902	1163.8392
1913.6111	1562.0023	1913.4899	1542.003
1954.4606	957.9926	1954.5514	975.9972
1958.5859	1109.908	1959.6915	1128.9598
1996.3175	1593.9993	1996.25	1563.9994
2235.0012	1570.5625	2120.9963	1570.2197
2937.9824	874.1925	2958.9927	874.5011
82.736725	1050.0887	86.8576	1015.8624
98.71896	467.06458	96.68854	521.101
173.22852	1388.6847	183.29929	1427.9232
205.01454	544.0012	202.71411	571.9765
426.39502	1531.9534	443.57242	1308.89
583.77057	1100.9828	581.8899	1125.9917
881.53143	1061.9822	879.27716	1121.0487
894.96313	1130.9825	894.5093	1158.0254
1142.1831	1105.0415	1140.2087	1209.023
1175.0645	873.389	1167.9869	873.71735
1220.7899	891.9945	1223.391	792.984
1439.5906	1172.9949	1439.341	1193.0167
1711.6976	1172.9695	1713.3131	1262.9944
1766.0685	1173.9828	1766.327	1189.9948
1908.5159	863.00226	1908.4463	847.9979
1917.4784	1542.9999	1917.4736	1561.0004
1926.7794	884.97266	1925.3416	844.02313
1979.149	820.64246	1876.18	829.98425
2122.7244	1197.0485	2122.04	1179.0365
2374.0286	1661.1362	2454.0068	1663.7905
2767.7888	86.985245	2766.6719	102.97708
206.8041	887.6552	47.40402	839.99316
701.9637	1392.9315	703.3493	1371.957
721.624	1162.028	720.5475	1186.0245
726.8482	1071.9927	725.74304	1095.0834
743.56244	786.99335	743.2889	805.0044
1144.9388	1095.4655	1156.897	1094.0984
1292.4329	1505.191	1324.6592	1510.918
1413.9402	1169.9944	1414.0476	1187.9998
1428.4519	1117.0001	1428.4159	1219.0005
1608.837	832.3561	1569.4019	814.30676
1616.9434	1393.5172	1576.876	1389.1334
1660.9205	1624.0479	1567.9835	1631.803
1743.401	859.99426	1743.56	899.0018
1746.9448	898.4083	1771.0154	896.16437
1888.952	1612.0234	1884.1388	1397.1312
1911.7871	956.0698	1910.8591	939.95056
1935.0803	1162.3773	1903.0725	1164.243
1986.4642	988.10504	1979.5448	821.01886
2022.992	1383.6113	1989.9854	1384.2905
2084.3596	1082.0225	2090.6365	1260.9426
2720.48	136.83836	2694.289	221.08989
2752.1594	243.07185	2755.3284	280.14288
94.007805	536.0007	91.71761	562.15045
137.71909	513.5871	120.771385	505.47778
345.0179	1041.0566	343.34848	1071.075
450.13162	715.681	434.84592	709.3734
701.9871	1459.9995	701.0122	1483.085
739.87	1400.9937	738.8341	1422.041
779.79956	1351.497	694.8498	1340.1216
907.5672	836.93896	905.2198	892.05194
1137.8175	1103.0306	1139.918	1046.9595
1135.5083	1211.0114	1137.869	1104.9749
1158.648	1157.9989	1158.578	1181.0048
1584.3994	729.8144	1555.1055	708.2131
1591.3525	1453.9985	1591.411	1552.0004
1895.3901	979.0511	1892.7255	895.0404
1974.9735	1160.4908	1943.06	1162.1528
2082.053	1462.8373	2086.5684	1492.0667
2184.6824	1242.9684	2180.4165	1150.9807
2223.3289	760.93866	2247.6084	1286.9258
2288.386	924.978	2282.3	817.9261
2918.2083	897.04236	2917.2957	879.9842
3050.9514	1321.0836	3048.5503	1290.9562
166.88268	564.2701	198.0781	577.8202
399.94183	1056.9955	397.8476	1084.1426
461.20914	659.0825	453.7743	768.05286
565.3378	683.02295	562.34674	727.02356
565.9058	1480.9225	564.19324	1505.0846
621.86285	1175.6251	537.5346	1157.121
706.6798	1371.9797	705.3427	1393.0851
738.2659	587.5641	728.31067	581.4908
737.9668	1434.0319	737.20886	1457.0398
757.7103	1143.9862	756.6606	1166.0315
793.9612	631.15204	780.0515	606.53595
877.8087	1472.0386	878.86206	1449.9458
834.0308	1050.3783	913.0762	1043.9347
891.6404	836.9845	887.93726	922.9973
919.70154	824.03076	922.5552	758.98047
1087.1866	1460.9374	1084.7885	1492.0608
1114.9473	1233.8613	1226.9846	1228.6682
1158.535	1184.0111	1158.0562	1207.0427
1200.4044	1155.9958	1200.4686	1177.9987
1414.0192	1144.0001	1413.8616	1163.0072
1407.4966	740.12616	1458.4828	762.92017
1469.267	1231.0078	1467.3162	1047.0072
1585.633	1446.0001	1585.6295	1400.0
1606.5184	1447.9989	1606.425	1401.9991
1666.7902	1609.0236	1651.7552	835.00476
1896.7505	895.94525	1899.3801	980.0194
1954.8414	1491.9594	1957.6006	1549.0193
2094.9492	871.34595	2122.9363	869.1767
2147.5388	1152.9294	2151.757	1244.9653
2454.985	1630.1343	2427.7297	1221.0846
2592.5356	391.94434	2596.4946	430.0525
2712.2444	1424.052	2720.3735	1385.8667
36.18041	423.6467	0.31853238	405.33456
50.00637	1011.0006	46.96585	1042.1917
70.7872	936.76984	51.85187	931.5359
157.17632	623.0746	155.59007	648.10077
559.1528	669.9922	558.9777	688.9998
567.9887	1505.1653	569.37585	1480.076
573.5216	1028.0358	564.7451	1155.9825
741.89276	1075.9941	735.51416	1191.9733
742.3696	817.02606	741.0982	835.07733
758.09	793.00494	753.01373	885.9461
789.5554	638.6768	781.4461	624.7404
856.9843	1374.3607	889.03864	1373.5745
904.8991	894.97675	904.3488	921.04956
1066.5552	607.9794	1066.3545	622.01935
1259.3768	1490.1699	1270.1332	1403.0165
1268.5005	1451.9624	1267.8223	1479.0206
1342.0276	1419.2577	1365.033	1420.1146
1458.5701	1056.5269	1408.5905	1042.4543
1535.6138	1751.0701	1537.2301	1736.9121
1562.0745	799.9133	1564.1837	826.06586
1795.1707	1465.0466	1802.0806	1439.7489
1928.2457	1548.9644	1928.7913	1568.006
1941.4382	1109.9335	1943.5255	1155.022
1959.1954	1132.9095	1960.5675	1151.0327
2857.6477	1180.9855	2872.9514	1170.9263
2965.302	1177.0725	2956.1548	1088.9839
176.60762	600.5285	155.99326	592.01636
470.5869	781.078	376.59412	745.0592
435.6193	738.0351	434.43695	758.9115
547.84454	1122.9939	546.85785	1148.0338
572.2751	1345.0139	570.5516	1379.0785
571.69995	1446.0458	573.21515	1422.8833
724.8016	1108.0325	723.87225	1130.9949
808.98627	1247.7256	913.07574	1242.512
893.9171	772.96265	892.0169	828.0351
1144.2983	901.0063	1147.5564	745.99066
1175.0659	1101.9526	1141.0903	1104.3043
1151.9053	791.1344	1180.8865	787.96295
1439.1632	1088.9785	1439.5508	1109.9899
1583.1914	1146.0022	1583.0714	1100.9998
1612.9756	1099.0854	1573.7441	1087.8973
1618.9121	981.02203	1615.7156	823.026
1727.4622	1143.9818	1728.2089	1162.9524
1767.619	1239.9952	1767.4073	1257.0175
1883.1956	1093.0215	1887.7076	1261.9811
1938.7383	1554.9851	1939.0828	1571.9983
2015.0245	1511.2062	1995.981	1510.6174
2020.9004	1435.0526	2019.2244	1399.9893
2106.8506	1154.9194	2110.7725	1245.0099
2315.0063	1308.408	2291.9963	1308.766
2612.763	427.10388	2611.4146	411.04916
21.102142	1070.5061	186.07834	1104.6211
113.86655	1062.6165	149.90909	1070.4199
458.09253	1641.0739	528.8141	595.7168
570.3967	1383.9481	568.31964	1408.1134
774.5637	831.00745	774.32635	849.01746
854.6647	840.0725	850.83167	928.03625
857.54755	776.984	855.6036	832.0566
873.83386	776.03876	871.27673	831.0593
877.28973	1503.0037	877.576	1479.9948
1018.99133	1658.4089	1079.0067	1659.6853
1207.5677	1483.0178	1209.1659	1431.9739
1321.9755	1499.5146	1294.9415	1498.2289
1456.9705	768.20667	1408.6841	745.6771
1413.0408	784.9646	1413.756	806.0083
1700.9751	1110.6047	1717.0374	1109.5935
1728.3225	1195.9852	1729.1478	1213.9932
1907.5212	1468.0131	1906.9199	1445.9749
2091.9495	1267.9177	2203.9858	1262.6954
2150.9734	1094.3658	2172.0203	1093.4796
2165.8	865.9612	2163.861	826.0067
2166.1365	1154.9294	2166.7336	1173.0088
2250.7556	1529.9585	2248.231	1483.9325
312.43185	1401.1191	309.8551	1432.0712
370.09933	1406.0084	367.72623	1434.0614
389.69653	977.05774	378.2714	1114.9396
394.8644	629.06354	393.25024	651.0184
613.9849	1038.999	605.6871	1165.9142
525.0807	1170.6006	631.1946	1192.0369
627.20105	527.75385	643.7677	541.2844
740.78687	838.99054	739.98834	856.9995
858.99286	1121.8807	868.0204	1121.3408
1131.0242	1580.0459	1112.0233	1590.0444
1200.6317	1182.0641	1199.7277	1205.0679
1591.006	630.908	1589.8007	657.0369
1576.0837	1084.695	1612.3702	1094.6504
1986.9995	1553.923	1967.9943	1554.0353
2025.1454	1561.041	2021.6432	1488.0651
2238.682	1311.2747	2214.6372	758.18964
2426.2844	1213.2228	2387.1152	559.9331
2928.4211	1086.9541	2930.191	1103.1971
2939.2974	736.98553	2940.0784	753.0448
2968.2043	1106.5406	2981.0918	1108.3445
156.56331	594.01355	156.0352	616.00085
367.6272	1438.9661	365.5297	1462.0481
589.3071	747.44946	562.27075	734.5256
754.76514	1377.9891	748.1738	1519.9152
761.95715	571.01227	751.9505	536.01416
771.9448	874.98535	771.7088	892.0098
769.8037	910.4639	806.07904	925.8132
827.5318	1443.9801	822.5255	1561.9799
896.72186	1090.9901	895.72504	1119.0613
1131.4603	1433.9963	1131.5986	1565.0004
1607.3319	1159.9954	1607.6627	1254.0048
1764.1952	1119.8894	1765.9633	1139.0034
1943.3903	1162.9503	1946.6431	1253.9413
1996.0072	1563.2092	1977.9598	1563.8259
2121.6565	1174.0316	2121.2554	1157.0176
2139.0762	1152.1935	2107.0789	1154.2355
2123.3923	1570.2782	2131.3616	1618.7762
2401.5923	1185.9607	2395.2334	1090.0508
2433.005	1630.2943	2456.0007	1630.207
2638.0676	384.99725	2639.7686	427.00937
2893.2188	740.87384	2894.8894	757.0114
2995.3906	1258.9606	2996.9192	1274.109
56.97823	857.10095	53.914196	917.1487
90.63911	565.0187	89.99661	587.0291
84.27164	636.87427	209.41438	685.5069
119.29905	505.14294	116.545074	530.17004
417.967	752.9986	419.2152	723.96625
529.12775	1101.9385	524.3245	1170.023
735.46295	1421.0887	736.79596	1399.1089
853.03143	1550.0408	854.73505	1506.9895
897.7662	1061.9907	896.72473	1088.0688
1041.0548	654.22235	1028.8121	657.23724
1143.7634	1044.9812	1143.3351	1096.0112
1411.398	1135.0188	1410.7412	1113.9768
1408.7291	1037.9696	1462.7068	1053.0497
1659.0759	675.9982	1658.4852	650.9885
1727.3232	1122.9961	1727.5293	1140.0057
1728.3673	1175.9808	1728.6066	1193.0055
1913.3164	895.94525	1914.0259	912.9989
1935.011	891.96124	1938.312	978.02637
1952.4097	914.9756	1952.7046	932.0051
2769.7246	428.02698	2755.6167	284.03757
2931.9602	776.58154	2944.938	775.3485
3051.8623	99.777985	3070.174	103.016266
112.29031	497.40186	142.07016	511.85544
126.97016	885.9969	121.84145	934.9834
529.87286	1449.992	528.3377	1474.1486
532.08044	1419.9338	530.33716	1444.1681
758.6886	1116.9933	758.2115	1139.0262
760.6758	1081.9877	759.8348	1104.0319
798.7168	909.70544	736.1639	884.59186
860.7693	1065.0344	858.2155	1122.0991
1587.5153	1100.9902	1588.4258	1149.0109
1598.0321	1476.0764	1596.68	1458.9463
1607.0159	1454.841	1589.9852	1453.1481
1909.6628	1522.0132	1907.9072	1476.9646
2038.2532	1408.0308	2046.0731	1597.997
2168.316	1200.9686	2168.7454	1219.0061
2867.612	1152.0387	2815.1687	626.98315
2993.058	1371.8643	2995.5217	1391.0614
147.43289	1434.949	143.6507	1476.9685
167.4213	915.95593	164.59851	953.04553
368.34073	1470.9382	365.7872	1498.1676
342.67404	1125.682	440.86227	1144.7107
433.10696	758.73206	447.24835	764.378
327.3031	1132.461	456.03644	1157.815
449.9582	1678.2988	464.08682	1677.4565
582.74146	548.4407	569.57874	540.71796
574.3058	1408.0131	575.33185	1384.0142
732.7414	1481.9325	733.8083	1462.0433
716.7461	1201.2717	780.9806	1214.0972
844.3031	1064.9768	842.342	1124.0446
845.88763	927.03864	849.7612	837.9896
1175.0127	848.4824	1168.996	848.53394
1413.563	1057.9946	1413.7452	1077.0024
1592.7603	859.9947	1592.4055	876.009
1763.9847	1257.0461	1763.2522	1240.943
1765.671	1141.9742	1765.3022	1161.0253
1894.8805	848.0057	1896.6791	886.0152
1902.4923	1111.9753	1904.6934	1155.9152
1922.801	1529.9772	1921.462	1482.9868
2018.2144	716.71643	2058.7332	747.353
2881.853	761.0156	2883.7559	778.9197
2892.4631	777.1522	2890.9626	762.0037
2908.5967	880.95905	2909.7043	897.089
78.13427	890.01184	75.23047	922.9321
159.93036	565.08344	157.77173	589.1589
347.87772	1008.9927	346.08615	1038.9453
593.9326	1073.0367	592.95	1097.998
721.0333	1373.9523	713.87213	1518.9443
907.27094	1118.0544	909.8845	1056.9951
908.891	798.97095	908.1818	826.03094
1121.0037	1366.1382	1219.0142	1363.5311
1413.8293	1083.9905	1414.0474	1103.0109
1620.1995	988.45996	1567.0614	968.83374
1988.668	1427.9573	1986.8171	1399.0117
2055.2937	752.6261	1920.295	646.6242
2073.0579	811.9596	2079.4683	979.90576
2169.0366	1223.9971	2170.4956	1242.0408
2187.9902	671.9962	2164.214	734.08203
2903.8767	604.013	2895.9702	529.0031
2896.9634	902.0042	2899.0168	919.99805
101.45636	941.9427	89.644325	1053.9625
384.21658	1014.6752	347.7116	1003.9848
483.99734	1668.9918	470.76917	1673.2894
552.729	1062.0449	551.1264	1088.0693
596.87366	1034.0497	595.4463	1059.1392
611.3025	722.4566	629.80597	731.3168
705.61487	1397.0374	704.2201	1420.0133
774.9021	1085.043	769.47925	1198.9752
841.57764	1132.0706	837.422	1225.0636
892.65704	1191.9868	891.5752	1220.0607
1422.0021	1506.5334	1401.9985	1506.6099
1480.6699	1501.2211	1511.3999	1510.9045
1587.9763	1154.989	1589.0337	1249.0109
1710.6627	1121.9781	1712.1119	1166.0292
1758.0054	990.114	1773.0192	989.40967
1959.8652	1250.0465	1959.1655	1232.9523
1993.4816	1553.0205	1991.7	1508.0118
2069.4734	1611.929	2058.1802	1377.702
2162.6875	1172.035	2162.2324	1154.9672
2241.522	1370.9906	2240.869	1334.9662
3003.7424	1327.9454	3005.1472	1347.0626
161.83873	1036.984	174.53719	908.85504
169.91806	523.1662	206.00775	540.9555
417.83344	985.05597	415.95667	1012.9971
456.3647	689.29553	427.43665	675.1096
481.7705	796.9157	492.595	638.9722
555.3404	1355.0225	544.8703	1513.9255
705.78394	1157.933	703.19116	1205.0105
739.0885	860.9999	739.1081	879.001
704.1973	1206.0724	791.094	1224.5582
543.4661	590.046	831.8746	737.2457
829.81635	1387.9928	827.7714	1439.991
836.17633	1126.0588	839.1296	1067.0065
1190.9509	895.54156	1219.94	892.4385
1309.9424	1403.6342	1339.9755	1404.6941
1402.6906	1715.1456	1406.4943	1697.1042
1594.9253	1224.0292	1594.435	1205.9882
1803.5958	1497.0021	1803.4535	1468.9977
1919.2847	1111.9062	1920.6753	1130.9507
1933.8954	843.9792	1934.8489	884.9803
1948.796	931.03906	1948.5122	915.02637
1960.6001	1164.891	1961.7667	1182.0159
2908.3157	582.8648	2909.8828	598.1148
2910.9976	902.8935	2912.7322	919.1354
2940.4116	1392.0627	2930.6982	1300.9255
2947.756	775.10846	2946.1755	756.9847
73.47386	938.1336	70.46596	971.3142
95.14648	1619.8993	89.814445	1665.0961
163.90245	955.99	152.43692	1068.0447
180.3333	533.03076	178.1296	556.9197
311.99106	1521.4642	409.01285	1523.3323
361.81836	1046.059	359.725	1075.1243
371.65112	1497.0625	374.1686	1470.8243
441.74133	651.95667	441.04962	672.03613
1231.2261	1498.9009	1243.0105	1406.8733
1589.2909	708.97363	1229.6737	447.0749
1912.4838	866.96344	1913.6968	883.0229
1995.7792	1511.9054	1997.7001	1548.016
2067.9878	1432.7096	2076.0908	1460.2673
2180.0698	1150.0902	2148.0732	1152.1425
2876.0864	568.9961	2876.678	582.0599
2930.7354	1147.1334	2929.0222	1130.8922
2956.3804	1344.879	2957.889	1362.0973
2958.933	922.91986	2960.4045	940.05115
2978.8782	1112.8868	2979.8533	1129.0691
120.01372	951.0014	116.71204	982.9703
41.689686	1062.438	167.8565	1089.6649
438.05112	990.92584	427.41275	1127.0322
783.8805	1209.5347	715.49677	1194.2517
1141.0216	1571.6051	1114.99	1570.1829
1149.9789	898.7579	1178.9337	896.2388
1161.5018	1043.9971	1161.3668	1067.008
1411.5787	1102.0187	1410.7346	1082.9674
1920.4817	1134.9806	1921.2087	1153.0319
2233.0989	1544.9143	2234.9827	1569.0793
2704.0967	1415.9988	2703.8193	1395.0024
2913.5105	923.9681	2914.581	941.08875
2923.636	964.0431	2921.39	945.07227
2970.0762	1175.2487	2991.9526	1177.4677
3070.3337	1255.9935	3070.8335	1282.0032
115.621544	1026.0685	112.186935	1057.241
194.7009	578.6657	177.93932	571.1351
185.63414	1394.87	187.79948	1422.0955
218.4512	1397.7456	209.22943	1417.6428
357.57977	1331.9652	343.41934	1503.0347
598.20544	1358.9554	589.51294	1513.9727
755.8287	1170.9633	755.13727	1193.0356
857.576	1132.9453	855.34546	1191.0516
1597.466	1183.9663	1597.857	1200.9573
1593.105	665.86017	1622.0399	662.3268
1761.4578	972.00616	1761.2279	989.0301
1914.2386	1441.9604	1916.9557	1527.0333
2164.479	1121.9897	2164.8857	1141.0024
2166.2827	1242.1089	2165.1968	1224.9875
2926.982	757.8993	2928.8293	775.915
2985.6714	560.9224	3031.6394	958.92615
51.63044	933.0683	48.037857	966.2208
105.274826	898.9371	102.14497	935.0126
224.56476	1390.4352	203.55756	1378.054
439.68988	686.04706	438.24985	707.1535
775.3517	1160.9136	779.6488	1078.9292
893.8087	1160.9929	892.77356	1189.0654
895.8091	1438.0334	898.21216	1379.9674
1766.6985	1217.9447	1767.2537	1234.9917
1914.3491	917.9767	1914.6263	934.02374
1921.5704	1479.1437	1918.6445	1450.0358
2050.7356	769.6242	1920.0706	667.90936
2122.1104	1099.9276	2123.418	1119.9728
2275.2312	818.0267	2278.4226	909.98535
2860.047	606.99524	2853.427	541.95654
2933.1982	1169.2654	2930.9302	1153.863
2944.3203	922.96094	2946.5115	940.9376
358.8417	1079.0562	356.96698	1107.1313
592.09314	1103.0054	590.7079	1127.0981
641.8377	847.4214	563.8507	817.38763
629.88324	856.2618	650.28485	865.3614
693.71906	1340.0256	694.1594	1361.9968
831.7497	1225.0325	835.82367	1130.9923
1596.0474	1106.9985	1596.5785	1124.0132
1914.8304	940.8943	1915.7036	956.0171
2133.9802	875.94934	2138.633	966.019
2159.5137	1117.0037	2159.6436	1098.9902
2166.8103	1176.9596	2167.7112	1195.0144
2922.1611	1151.9839	2923.9836	1170.2018
2944.8577	1148.0764	2943.8457	1132.9435
2990.7346	1348.9227	2992.8484	1369.016
3005.8198	1392.1432	3003.7136	1374.792
364.63983	1013.05096	362.3374	1041.9473
470.7827	649.47076	435.84137	633.3437
565.9091	1451.9907	563.76465	1473.0778
572.9844	1481.0481	571.8089	1505.0885
612.72943	1133.9167	619.2738	1034.018
890.95966	1554.0409	895.4807	1447.9779
909.7964	770.99786	909.53265	796.0162
1070.0851	1465.9536	1080.5898	1485.2236
1241.4132	1488.2576	1252.4147	1427.8933
1603.9142	1158.3282	1587.9594	1154.1556
1778.6516	1160.9843	1779.2346	1110.9794
1947.9838	1253.7739	1977.9728	1251.6202
2910.355	940.17804	2908.5974	923.93536
2937.9233	774.07697	2936.8416	758.9399
3070.447	59.998486	3070.579	99.00143
104.03475	1620.1067	129.04149	1619.3215
141.75366	907.9798	139.19768	939.0984
555.4227	1023.02313	554.0507	1048.1122
578.84766	1384.9938	577.8641	1409.0354
589.8666	1132.028	589.0593	1157.002
1122.9745	919.67645	1233.9148	910.9204
1601.1006	1506.99	1600.8989	1525.01
1610.8743	1456.993	1611.6565	1556.0027
1949.3274	1561.9645	1949.7562	1578.0065
1988.0961	1087.4476	1884.1556	1094.346
2160.7854	1140.024	2160.4478	1122.9911
2163.147	1098.9285	2164.2766	1117.045
2637.9836	427.88248	2592.0352	434.25436
2876.928	719.008	2878.92	736.8976
2954.2307	1321.8691	2956.063	1339.0996
144.55965	517.0383	142.5723	546.03925
328.7954	1402.985	326.72345	1431.1268
1151.0381	800.0197	1149.1602	899.04095
1600.6715	1482.9863	1600.8187	1500.9933
1921.4663	1166.9093	1922.5221	1183.9677
1980.5487	1567.9907	1980.8878	1588.002
2124.8748	1156.9087	2125.7058	1173.9656
2206.6711	791.0156	2242.4712	1544.0726
2293.4482	1441.9094	2286.1882	1405.9619
2434.225	1531.042	2432.218	1493.9882
2719.344	1386.4169	2699.4429	1377.2031
2922.6152	782.15784	2912.9097	697.0103
2936.4563	714.9535	2938.2017	732.08136
2969.0217	963.0972	2967.2202	944.9781
2966.45	1133.8297	2968.5757	1151.9324
2992.0793	1177.0896	2990.2202	1157.9786
69.820244	976.0881	66.4733	1007.2655
109.6708	604.13544	107.644684	629.1333
173.68675	600.0436	172.1062	624.94324
176.24583	571.01855	174.35068	596.10205
378.33167	325.82623	397.0359	340.95563
855.3511	1194.965	853.82996	1223.099
870.8577	840.0751	867.42474	925.05756
1067.051	590.9888	1066.9086	603.01074
1151.8395	745.9793	1151.0366	791.0185
1410.5798	854.00385	1410.4706	841.9957
1414.0109	1195.0219	1413.6005	1214.013
1807.6987	1621.0088	1806.2052	1570.0233
1909.6322	883.0611	1908.9573	867.9572
2936.1392	1153.9882	2937.5898	1171.1194
2960.482	945.9371	2962.6194	962.3108
2981.3035	1134.8777	2983.0032	1152.9998
116.159645	987.0145	113.23904	1019.11273
323.36026	1469.0273	321.30484	1496.0991
478.18924	731.0128	483.61578	650.97394
881.8917	1479.9286	880.7206	1498.1108
1905.9558	1537.0004	1906.547	1604.0128
1915.5812	961.97235	1916.3882	978.93396
2104.5183	1100.9314	2106.5076	1144.977
2276.0493	1309.5544	2247.9158	1312.0514
2944.8982	1172.1033	2943.199	1153.9813
2961.0986	1087.854	2963.5007	1105.9335
2968.9565	1156.0046	2970.901	1174.118
3000.0603	1345.0675	2998.825	1327.8689
386.05972	1366.0039	384.36053	1392.0236
880.92	1508.9612	879.3706	1552.0133
1111.6404	1356.0176	1105.3125	1586.0085
1407.1865	1042.9994	1407.2205	1103.0005
1467.1505	1396.0012	1467.3953	1365.9951
1710.9935	901.9399	1733.8374	899.486
1919.5779	1229.0146	1919.4031	1211.9958
1947.9374	881.0355	1947.4012	864.9866
2861.8633	569.9412	2862.8257	584.0799
2877.9307	782.0079	2869.0674	703.9924
2890.1375	756.199	2888.4968	740.8401
2903.2769	778.07745	2901.3474	760.06995
2936.613	1297.9066	2939.2344	1315.1166
2976.0698	1088.9923	2977.945	1106.1155
3008.2166	1375.9746	3010.3516	1394.1932
332.6434	1360.9707	330.49878	1387.1229
456.2409	1156.9445	470.2301	965.9436
628.7245	763.63074	605.37494	753.43085
1401.7244	1089.9952	1399.2316	1234.9868
1419.025	1699.0017	1417.8242	1716.058
2182.3896	1101.023	2184.0828	1146.0345
2418.236	1277.9847	2405.0754	1073.9307
2859.0605	550.87244	2860.8816	566.0142
2874.4658	698.9417	2876.4836	715.06464
2918.6492	1130.0582	2921.6357	1148.0604
2934.251	1130.959	2934.8123	1148.0718
2958.101	961.23755	2956.1763	945.85284
3003.1873	1369.095	3001.0574	1350.8763
3067.916	1470.0052	3066.8582	1453.0713
0.47734612	429.06168	14.111458	435.7736
47.662888	969.1681	44.220856	1003.2245
309.44418	1433.973	308.17847	1460.0571
388.91107	1333.9927	386.67697	1361.1381
737.0077	1462.0004	736.0998	1483.0475
1401.7542	1443.0265	1397.5481	1403.941
1493.0	1512.988	1479.0	1513.022
1549.9154	1736.993	1551.9944	1711.8342
1619.1715	620.85944	1596.2848	625.42694
1643.6927	830.98773	1657.5706	1614.0254
2123.1816	1124.9425	2124.0576	1142.9486
2430.0405	1569.9191	2431.598	1589.9535
2871.7395	530.0224	2872.9487	544.09033
2873.601	549.93274	2875.0625	562.993
2914.1313	1085.8821	2915.9275	1103.1118
2918.6047	1173.0409	2910.0188	1089.998
2921.2742	919.0728	2919.6553	902.93427
2941.9104	1341.9048	2943.9092	1361.0095
2956.1936	900.872	2958.0413	918.1028
2963.0496	1318.1412	2960.2002	1298.9702
2983.2617	1157.9719	2985.1064	1175.2028
2985.5073	1302.949	2987.329	1321.0675
3000.9102	1305.8933	3002.9307	1323.1254
881.0767	837.689	869.1138	839.0213
903.0432	1220.0493	907.34485	1128.9691
1183.1841	795.6403	1151.1389	799.23724
1597.7164	1207.9834	1598.0892	1224.0211
1729.3638	1241.9794	1729.6215	1259.0057
1951.0033	1454.989	1932.836	1449.5471
2248.1577	1455.9872	2241.822	1377.9332
2857.0432	532.99335	2859.0469	545.9928
2879.3723	740.07245	2881.4485	758.06366
2888.2607	735.1357	2885.2888	718.94696
2895.1787	761.98096	2896.791	777.12866
2951.7043	1299.928	2953.3647	1316.1672
884.4917	1387.9989	884.43976	1411.001
1450.0721	1065.973	1451.4075	1119.0149
1780.8615	1256.0066	1780.1017	1239.9951
2196.1123	1075.6359	2085.1553	1083.2607
2430.1946	1468.0513	2418.5317	1284.9661
2436.1853	1563.9891	2434.8362	1540.951
2849.7812	586.9213	2852.1145	610.0892
2914.8477	947.02814	2917.9358	963.75055
2944.0806	1365.8594	2946.4517	1384.0714
2946.9036	944.9014	2948.8555	962.7976
2980.9045	1174.1489	2978.6772	1157.7719
3014.5078	1426.9564	3016.0635	1445.0804
432.81082	1027.6405	401.58133	1018.41766
538.87286	1058.9642	538.0449	1085.0332
915.5887	921.114	919.4266	833.97473
1223.3767	1401.9935	1223.4427	1415.9979
1378.9924	1506.6023	1353.9963	1506.29
1468.9617	1236.2007	1403.0723	1223.6215
1591.4977	1400.0039	1591.1381	1446.0089
1597.3108	1160.992	1597.1108	1178.0131
2123.8865	1220.054	2123.0596	1202.9971
2929.1602	596.0636	2928.0198	580.9985
2953.664	878.9416	2955.0833	895.0806
2988.146	1324.9866	2989.9873	1345.0928
3006.282	1351.8627	3008.2341	1370.082
129.63794	1028.0603	126.705635	1059.0668
446.919	1646.0592	445.93195	1678.0288
1230.1194	1398.1993	1212.2192	1395.5297
1241.3398	463.8118	1276.4902	527.28235
1598.2252	1499.0485	1597.2238	1483.0486
2145.1875	1097.9485	2147.185	1144.0353
2410.0605	1253.9967	2412.9436	1307.003
2888.82	698.0174	2890.371	714.0608
2902.0183	944.998	2903.968	963.0035
2907.707	1149.0286	2910.6375	1179.1326
2912.9387	962.13104	2911.0547	946.8698
2951.102	1338.1014	2949.156	1320.8695
2966.0	966.92694	2951.9998	966.9231
2963.9104	1110.9012	2965.8757	1129.0134
133.44714	991.13403	130.49979	1022.9537
136.94638	954.9955	134.30588	986.1951
326.14676	1436.0117	323.90833	1464.1519
357.2439	956.1504	396.19193	967.3314
1147.6133	586.07904	1064.9711	531.0434
1135.4608	1036.9698	1133.836	1066.0468
1401.7812	888.901	1399.4955	917.0402
1606.2468	1110.9852	1606.782	1156.0145
1991.17	1400.8752	1992.6125	1425.9647
2170.9673	962.94916	2166.2878	873.98486
2205.276	1257.084	2196.4575	1076.0264
2922.3357	714.88403	2923.9019	732.9217
2943.2441	965.97284	2933.8896	882.0123
409.0368	1091.0695	407.2224	1118.1489
561.2715	738.96497	559.2021	782.0097
882.65845	1449.9907	882.06024	1472.0016
1411.5208	1161.0217	1410.7031	1142.9681
1474.3324	1500.6174	1461.5001	1388.8278
1561.1223	1712.0563	1560.2518	1683.0225
1791.1622	1098.8041	1691.1498	1104.5901
1902.6722	1604.0463	1899.271	1432.9747
2132.0837	827.9965	2133.8147	869.96643
2282.3245	498.7908	2260.5884	502.72815
2939.3997	1318.9585	2941.383	1338.0641
2994.9626	1392.229	3011.9976	1395.0153
875.74615	1521.0609	876.65173	1509.9716
1097.6924	1723.6006	1113.227	1731.5566
1194.339	1570.9989	1194.3787	1583.0021
1243.0773	1498.1917	1259.78	1491.4545
1412.5128	892.99115	1412.8232	911.00305
1935.7117	1573.0061	1935.3292	1555.0143
2094.8896	959.9572	2091.1365	881.9453
2894.3438	880.8319	2896.3762	897.07806
2899.5107	923.94806	2901.3435	941.965
2955.6584	939.1746	2953.5437	922.9292
439.9096	673.20087	454.17105	679.62
539.676	1164.5671	617.0887	1180.571
1600.3787	1457.0028	1600.4633	1476.0024
1707.712	1170.0044	1707.0573	1127.0144
1961.2681	1186.9452	1962.0065	1204.043
1977.0519	1585.074	1976.4406	1568.9833
2168.36	824.0297	2174.9514	965.9558
2405.9343	1193.8778	2409.227	1245.9856
2692.751	1428.0209	2695.9397	1466.005
2705.8794	1467.0406	2704.4666	1428.0555
2753.5537	236.8281	2775.8486	178.94168
2902.6282	525.9381	2904.0127	539.9988
2904.371	543.86957	2905.812	559.0179
2924.9324	736.005	2926.2688	754.05414
2941.821	900.92224	2943.5286	918.9499
1610.3273	1405.9854	1610.8588	1454.0016
2152.9556	1245.3762	2183.941	1243.1702
2898.2961	713.07825	2896.503	696.9441
2906.526	563.0381	2907.8083	579.0154
2918.6655	542.9556	2919.6038	557.0264
2928.4163	557.0565	2926.863	541.01324
2955.9412	1384.1287	2954.0864	1368.8679
2967.978	1387.1362	2965.534	1368.7955
2978.0364	1151.0786	2976.7136	1134.8602
132.76532	892.8051	176.81224	905.6441
518.5547	1418.9673	516.7091	1444.0521
543.3594	997.95166	539.73334	1045.9799
574.81256	1452.9363	573.62354	1475.0872
1286.8195	1401.984	1282.4886	1451.0431
1465.5765	1048.5286	1405.7362	1031.952
2907.9802	919.00256	2905.8853	902.7569
2926.0554	538.9963	2924.233	511.98428
524.05664	1331.9434	521.4706	1375.0282
1400.902	1028.9987	1400.9613	1070.0
2404.9116	1241.0634	2402.053	1191.997
112.64546	574.142	110.43246	599.7784
170.85738	629.04895	169.48857	653.0279
1594.3301	1147.0398	1593.3175	1129.9812
1922.448	1188.9854	1922.621	1206.0039
1956.6202	1550.6359	1923.1953	1530.673
2897.885	966.0118	2889.8923	888.01105
2916.2253	1107.9653	2918.8682	1125.1738
2953.581	1149.9467	2956.4348	1181.0519
2969.5442	940.01935	2968.779	922.0094
380.00833	1439.935	378.29	1466.1501
414.12744	1013.4909	430.12616	1017.496
527.8045	1479.9877	526.2814	1504.1438
580.5958	1357.0304	579.4225	1380.0724
857.36066	1471.0139	856.92615	1451.0016
1431.0328	1452.9988	1431.9023	1476.0037
1335.6871	679.67535	1650.3416	825.42163
2399.8691	1097.0085	2405.6492	1186.0876
2619.9624	426.5104	2632.9624	425.51114
2890.9534	719.00543	2892.8188	735.02106
2919.6912	694.92834	2921.4553	711.9528
2953.8145	1361.1313	2951.8938	1343.7903
335.32397	1328.0262	333.06192	1356.005
576.83594	1422.9896	575.3106	1447.0198
884.2923	1412.9701	883.2778	1437.0117
1402.1929	1235.827	1467.243	1246.5214
1570.1128	1264.3987	1624.0889	1274.5265
2031.0449	1586.0818	2001.9705	1587.2906
2028.5132	1512.0225	2030.4515	1554.0253
2125.688	1178.9597	2126.7424	1196.9565
2873.949	602.12354	2872.5034	589.8233
2987.6216	1108.0248	2985.85	1081.0098
866.9638	1386.9983	862.7866	1472.9896
1601.057	1531.0005	1600.9083	1549.0074
1625.0226	1263.8832	1571.8837	1253.6012
1624.004	1244.017	1621.3999	1090.9932
1903.1266	632.50684	1910.2905	648.8728
2164.8494	1219.0388	2164.2424	1201.0255
2933.156	731.0896	2931.537	715.83685
2934.4456	693.9719	2935.4607	710.0969
536.6772	1352.9779	535.0944	1376.1431
906.00006	1128.0013	880.0246	1129.443
1223.2056	1719.7915	1208.002	1685.3224
1596.8265	1132.9878	1597.0636	1148.999
2027.5614	1431.016	2026.6873	1406.975
2053.4822	1377.3206	2041.8236	1358.4901
2424.2869	1308.9818	2431.7886	1427.0769
2884.865	601.1058	2883.4617	586.0502
2921.0076	966.91895	2905.9922	967.0434
2919.5676	596.27167	2917.232	583.956
2952.6926	917.0307	2951.0808	900.8921
411.89615	1059.0665	409.8801	1086.2139
516.1973	1448.9867	515.83136	1471.0138
617.73944	1032.8635	595.63934	1026.1953
1597.7042	1231.9824	1598.1034	1248.0223
2409.4836	1080.0458	2413.5579	1126.0392
2419.466	1407.0352	2423.2178	1463.9197
2676.3914	1387.8298	2692.9841	1426.0068
2965.1812	897.04376	2964.0571	875.99695
382.8949	1406.9921	380.85852	1434.1394
919.0499	833.5234	891.11346	836.1892
2867.7744	761.0212	2870.119	785.98883
2976.0745	1362.9922	2979.9355	1400.0067
1378.9469	1628.8872	1377.325	1644.0348
2427.6401	1535.0339	2430.2808	1563.0677
2881.6978	544.0354	2879.1155	521.98645
2887.575	942.0315	2889.7273	971.09424
725.4195	1385.9542	726.9208	1366.9149
1622.5641	649.7387	1651.9514	667.0823
1759.9357	1106.4653	1779.9843	1105.6254
1783.6472	1434.1438	1772.7434	1440.3138
2096.5608	905.0137	2097.7744	944.03815
2184.595	1150.9738	2188.469	1238.9794
3017.2961	1395.0642	3015.636	1376.8508
377.7077	1471.9727	375.25555	1498.2108
1411.4648	1185.0237	1410.7117	1167.9686
1621.8978	662.3699	1656.703	681.53925
1963.5269	1233.9974	1963.4387	1250.0079
1983.9862	1469.0265	2005.7908	1480.401
2916.7136	523.9717	2917.2717	538.02893
2922.962	939.0458	2922.34	924.9409
1957.1753	1469.9618	1960.0208	1482.9955
2415.7122	1166.018	2424.2024	1302.0498
2935.6575	753.03845	2933.8481	736.9049
2939.5144	878.95013	2941.1753	896.07996
2948.1816	1315.0732	2946.8267	1299.926
1892.7252	891.97485	1891.511	856.98224
1962.8445	1210.9994	1962.8568	1227.0009
1983.8363	1386.2087	1968.7213	1374.3555
1888.0242	1274.7184	1994.0387	1271.1503
2073.0034	1622.788	2037.9955	1622.9353
2968.6702	921.0484	2965.7124	900.89545
530.24066	585.4077	518.9116	599.9311
1059.9772	1632.4586	1039.9706	1633.303
1597.2522	1443.0073	1597.0957	1427.0088
1751.9241	1261.2455	1780.0419	1258.4154
1912.244	847.95056	1912.8024	862.0079
2902.3484	754.0107	2902.1184	739.99805
2921.1458	563.94244	2921.7522	576.01245
1924.3925	1234.9958	1924.5743	1251.9939
1947.0685	859.02734	1946.7148	846.979
2094.0125	849.99963	2094.574	869.9839
2253.7502	1505.8477	2255.7666	1529.0203
2931.966	940.00323	2934.9075	971.10333
3015.4583	1348.0577	3013.424	1328.9548
1561.109	1577.9105	1547.1417	1560.8838
2981.9424	1110.6661	2968.953	1109.5446
1122.9816	1744.631	1190.012	1746.5894
1374.2192	1403.944	1376.3828	1450.9824
1465.34	758.44867	1404.2621	730.61957
2084.3967	1451.0144	2084.0845	1437.974
2297.2078	1242.9879	2294.9878	1204.9424
1246.7644	1710.7567	1236.5903	1720.6096
1714.9728	1262.2877	1741.9716	1261.2565
1912.6941	1404.0221	1913.5623	1416.0316
1946.453	1578.0576	1945.8564	1562.0426
2601.8933	429.2472	2611.974	427.81766
2917.3281	576.2209	2915.606	563.18414
1181.9807	1207.7155	1212.9739	1205.6146
1569.8301	1549.9884	1568.6674	1567.0455
2893.2473	575.98114	2895.5415	606.035
2931.2107	1110.9697	2933.4055	1126.2294
3012.301	1325.047	3011.4712	1295.0422
390.10385	693.00775	388.61603	712.9714
375.6395	750.94025	466.67603	785.84503
1568.308	1234.9879	1567.8895	1258.998
2947.9429	750.0076	2948.0718	734.0006
607.66223	1073.0508	585.3918	1065.8922
1565.6959	1075.1327	1567.1162	1089.09
2111.0234	1087.5046	2133.0225	1086.4865
2425.415	1502.0583	2428.0044	1527.9995
414.6813	1027.055	412.429	1054.9539
0.29467747	314.39142	530.8347	583.32605
1616.3359	823.52295	1563.3755	800.4325
1651.7631	672.43536	1620.7078	655.5371
2092.754	833.0219	2094.095	848.0806
2438.0098	1592.0885	2436.3003	1572.9731
2992.2969	1152.0298	2991.575	1135.0181
3018.4216	1370.948	3016.2048	1352.9747
1086.2869	1426.047	1073.6846	1417.463
1244.6519	1428.9491	1238.6205	1470.2367
3052.3225	1672.0757	3045.8235	1613.908
1923.2275	1212.9827	1924.3728	1227.9716
2959.5417	1368.975	2960.3328	1386.0771
1084.4581	1702.459	1096.4674	1712.6289
1407.496	1141.0	1407.4965	1162.0
1619.1931	1091.3387	1570.6605	1077.1621
1951.4191	863.9945	1951.2672	880.012
1395.0231	1732.6063	1375.9745	1733.3295
1023.0223	712.9725	1031.8851	720.1419
1513.014	1497.0726	1497.0026	1496.8304
2997.3389	1320.9739	2996.1836	1305.9858
568.4622	1062.8141	540.81665	1054.6185
1600.2004	1425.9968	1600.4976	1444.9922
2904.1187	895.9971	2903.7688	881.98083
2929.6433	573.0373	2930.3435	560.9619
1801.6051	1439.6093	1789.5038	1431.7656
2080.041	1426.0538	2072.092	1432.1205
2884.8433	713.1002	2883.6167	698.94653
734.45355	761.9451	733.03186	802.00116
849.99994	1476.9985	832.9855	1477.438
1407.717	1166.9647	1407.165	1187.0321
2694.347	1397.927	2698.1418	1415.9702
2990.2092	1130.0653	2988.7188	1112.0232
1227.879	1384.0428	1229.344	1353.968
1596.1436	624.7889	1591.5818	631.40137
2869.1753	562.0139	2868.973	550.01733
1276.0322	1485.3031	1267.028	1486.2621
1675.82	1622.5696	1668.7627	1609.1246
2692.4487	1415.1763	2685.9958	1395.0013
2900.543	734.0358	2899.369	719.04944
1385.2643	1726.8048	1394.0367	1713.0234
1604.7886	643.8903	1616.1387	641.72754
750.64307	1169.9835	749.62317	1192.0288
1947.876	1408.9637	1948.5415	1425.019
2949.795	895.1465	2948.7898	880.014
1939.9773	1429.0723	1927.9092	1425.2897
1356.9725	1401.4979	1369.0458	1400.8367
1564.4589	976.5038	1619.2767	996.23114
2871.7537	582.10803	2870.6987	569.9394
130.01273	1665.6814	118.99037	1665.241
2914.4756	557.0294	2913.7456	544.0143
1065.7175	1448.026	1064.1489	1430.9863
2009.0297	1466.9346	2017.9983	1471.0039
2081.146	1437.9796	2080.7627	1454.0182
2883.7627	562.0203	2882.651	549.0299
2248.128	1337.9309	2248.803	1348.9508
1755.0046	1115.7742	1765.0209	1115.9784
650.74713	757.9885	651.9711	730.9987
1600.1183	1401.9989	1600.2745	1419.0067
