3019.451	261.48102	2898.7375	287.79623
3016.4094	268.79034	2878.83	300.2566
3008.1553	277.72397	2870.0774	307.3608
2905.1787	279.44543	3014.2134	254.25093
2825.845	327.9839	2982.9558	291.8079
251.76816	242.60184	152.27905	204.27562
2869.8225	313.18695	2927.893	300.51013
2885.7026	293.50882	3019.3713	266.86246
3002.0398	255.18138	2911.993	274.96732
156.94063	215.14859	38.992535	168.01868
2785.6868	348.48514	3070.5317	289.57086
2933.917	256.94928	3016.066	234.98746
2995.7944	332.12366	3068.4858	315.07147
2473.9832	384.79788	2399.8323	390.99088
3069.2417	293.17233	2897.3328	328.61462
2471.4534	407.79645	2440.8586	421.68878
592.9656	614.9985	593.9049	593.9511
2743.983	380.9078	2958.9712	340.84543
101.08832	187.30196	0.3307598	146.65912
2434.122	424.2964	2406.3125	435.75806
2668.1165	814.8371	2638.985	818.8935
2971.1243	232.55392	3009.013	224.0572
36.948902	167.12744	0.75365037	152.6144
2399.8857	404.553	2473.2095	385.8195
2640.95	839.6076	2669.9883	835.9083
2625.0408	820.3105	2594.179	824.3626
3069.257	318.10345	2995.0903	335.38748
2625.1445	844.155	2596.9602	847.6812
2958.2546	344.38794	2643.5752	402.1348
238.01944	504.93762	180.95029	487.15958
238.15706	510.37268	179.80865	495.76428
2443.2815	423.64554	2472.4128	410.94693
2593.9104	845.28186	2624.9272	841.4162
160.87636	154.29791	193.13086	167.6847
649.4346	632.9641	650.76526	611.9851
2593.9373	821.5372	2623.928	817.4691
3070.6455	391.99982	3070.1582	1263.0001
388.5061	549.9098	389.8865	527.0535
2406.4019	438.98688	2437.6924	426.2448
2627.1165	867.9198	2596.1074	871.84753
588.56494	675.8825	590.286	654.8597
2409.1265	871.06525	2383.137	874.15356
385.10504	586.9153	387.1963	564.8292
2672.1116	862.9835	2642.1572	866.3843
163.28712	486.88312	101.24576	470.93396
92.19784	198.50365	173.09982	230.74953
2385.8726	893.87415	2409.0288	891.25366
2990.096	327.45663	2957.8376	334.2263
2978.7473	222.84644	3008.091	216.41594
162.97862	481.06894	101.67205	462.05756
590.40283	650.9591	591.9109	628.9255
130.4315	465.9629	131.92596	443.06042
629.05194	591.8422	579.7905	575.6367
2671.084	838.65625	2640.9377	842.5144
98.9822	500.0579	153.09453	516.6925
291.9917	1584.2316	0.982453	1587.3761
206.8859	490.9946	207.97011	468.04584
181.82088	489.56647	238.19226	507.392
452.61728	569.97107	454.20816	548.9401
2641.9333	863.3833	2670.9197	860.2558
1035.9088	754.96106	1036.5162	737.947
2410.129	894.09106	2385.1235	897.04626
2670.0325	726.2196	2579.2407	739.6303
98.44248	530.5437	150.21999	546.276
149.93684	826.3004	77.96429	811.1699
1076.4686	767.9887	1076.8501	749.9968
2472.055	917.48645	2362.755	929.82935
2647.7332	573.6161	2514.4456	599.3107
2695.0764	1161.3551	2663.0652	1163.1588
3069.4324	192.59705	3018.1323	206.48894
102.81829	464.57916	163.4398	483.59814
0.66608286	179.86594	400.04922	333.87238
357.9472	912.99554	360.32208	884.8584
387.1046	923.457	334.92245	913.4025
854.4262	696.98474	854.9047	678.9709
2571.2317	735.5465	2678.0806	719.53754
2733.9194	660.89655	2761.9888	658.8477
15.934654	1284.8439	74.050804	1289.3439
177.28452	441.14157	106.74707	417.76312
567.2923	954.0209	569.1626	927.8686
615.54614	623.0074	615.8424	601.01135
899.30023	744.95087	900.6374	725.90436
1023.23114	1042.9622	1024.3145	1020.9172
1586.8182	1063.9879	1587.0525	1040.9904
1625.0449	846.0	1625.043	777.0
2641.041	889.42206	2677.1858	885.9141
103.11126	459.65604	159.98288	478.05295
380.5535	641.888	382.3239	619.0251
586.6725	701.89075	588.4027	680.8685
852.7582	729.92285	853.9415	710.87213
126.10105	506.91296	128.43129	482.8481
177.25183	524.1536	229.12277	539.5874
389.3951	589.6491	408.24496	595.16254
836.41437	1044.9645	837.87213	1020.9316
850.3378	776.9618	851.4309	758.02484
75.8178	807.8652	152.01839	823.9127
73.94575	802.25433	204.95654	830.2037
243.3679	837.0469	70.34611	801.1519
196.89478	1225.2118	15.698001	1209.4779
177.20721	554.2741	226.21048	568.26263
625.58887	965.9099	627.2507	939.8883
645.5565	693.9715	648.5827	646.9089
838.4966	1006.96954	839.94934	982.93646
1034.6371	785.02844	1035.4009	767.9286
1587.0027	1039.0073	1587.1644	1016.99384
2266.85	702.86566	2332.0664	630.1625
2576.0422	910.3769	2692.1504	897.33844
2689.0786	1017.85504	2597.0293	1026.3182
2638.8518	815.59766	2666.961	812.6292
159.66908	825.59924	234.9629	841.17926
209.91348	853.38354	188.85698	848.63403
416.21857	562.30273	365.83963	546.5116
578.8026	572.6055	631.1111	589.65924
811.35077	1445.0214	812.69904	1422.9207
1033.8287	807.9447	1034.7219	789.0341
1586.601	1123.0001	1586.5889	1077.0001
2609.9492	1056.2244	2636.0337	1054.5133
203.0157	530.928	204.77258	506.91022
363.46124	581.47864	386.19107	588.3698
496.10812	354.72778	461.9383	341.15533
1020.3513	1105.956	1021.84155	1083.9893
1328.9292	1100.0159	1329.8354	1046.9801
1586.5203	1147.996	1586.7063	1125.989
1589.0767	826.0058	1589.0165	806.003
2383.9016	871.14795	2407.9272	868.3703
2620.1372	765.95264	2592.1416	769.9838
3068.736	280.86932	3037.7883	288.09296
153.67668	520.0587	98.619804	503.24496
211.97997	1213.1914	0.8853318	1191.0955
103.49942	413.49475	179.36761	438.90228
179.97934	1233.2095	111.95045	1226.5026
873.26196	705.00323	873.50867	684.9816
1623.6156	1145.0063	1623.5593	1124.0012
2584.8516	744.97687	2670.088	732.60474
2603.9067	1030.9161	2687.0657	1023.7623
3070.6462	170.99597	3070.407	192.00464
65.03816	1285.5364	16.12259	1281.5105
150.5887	549.3924	97.7669	533.7891
96.280876	561.03406	149.17052	576.41364
229.04305	842.7907	161.80287	828.95825
290.01303	1332.7751	318.0348	1334.3998
360.04553	306.88324	390.48578	318.7544
363.5453	609.50745	406.18964	622.3713
564.2785	996.9448	566.3477	969.8737
671.40314	640.98596	671.9196	619.0216
1014.4944	1338.9308	1015.5036	1316.9772
1623.5123	1118.9968	1623.5597	1096.999
1623.4517	1034.9939	1623.6984	1012.9854
1625.03	763.0036	1625.1799	719.99713
2398.9062	1153.6859	2421.9316	1152.0433
2694.7512	891.85626	2574.8577	905.7728
267.75833	460.71646	100.555984	404.3163
181.41412	484.69876	235.07155	501.77518
229.08598	542.7196	205.8202	535.5864
252.05281	465.841	188.73137	444.80875
1064.1447	1086.9789	1064.7133	1063.9929
1623.5365	1093.9995	1623.5609	1072.9983
2396.9458	1130.1781	2420.0432	1128.6569
119.6444	566.8622	122.181046	541.91675
304.0063	1319.0135	280.8062	1329.7433
313.01895	1336.7416	306.1606	1362.7789
417.2992	570.2761	365.30222	554.2663
589.6024	654.22284	572.75745	648.746
901.2787	711.9825	901.7156	693.9931
1013.42004	1363.967	1014.5587	1343.9181
1589.0264	803.00006	1589.0549	782.99866
2590.893	791.2249	2622.973	786.8041
149.03896	1291.2236	101.1094	1288.8192
122.90436	535.88513	125.32204	512.8241
180.1068	877.9179	182.86594	847.89575
197.07571	588.9081	199.46869	564.8477
180.98695	496.04193	236.86588	513.43097
367.2221	544.3024	412.12723	558.6004
368.95587	503.97842	430.77252	525.64886
476.76172	578.91187	478.32513	556.95197
573.86224	672.47076	609.33655	682.84973
881.6841	679.96857	847.7104	668.8879
1021.678	1078.9835	1022.8059	1056.9388
1074.6254	819.02045	1075.215	801.007
1554.9323	1191.989	1643.006	1186.0894
2612.9238	1113.8546	2641.9949	1111.922
2574.9941	916.94855	2697.1226	903.0782
2684.9397	709.6614	2565.5256	730.94824
2992.8027	403.07138	3070.5432	386.55676
80.92466	1305.0747	14.898644	1300.4457
20.961798	1215.4077	98.93323	1222.7128
464.7669	361.6074	0.4499973	183.43329
203.74217	534.9292	176.86891	527.4724
174.36765	583.6873	223.17973	597.3583
585.0823	1004.5209	567.9019	1001.5715
642.8848	1014.6544	606.94214	1008.32886
2383.9277	848.40454	2407.9377	845.48676
2469.044	1127.551	2439.0747	1129.937
2647.916	654.3989	2539.0847	669.60565
2683.1072	1053.221	2655.0598	1055.6816
2654.9094	1052.6661	2682.9836	1050.7601
2663.965	1160.1915	2692.9973	1158.9388
18.858196	1264.3787	72.90355	1269.9376
65.15592	944.0806	120.10187	953.39935
103.992645	831.0357	81.70205	826.4475
109.92317	1223.7848	183.99644	1231.0364
6.0108805	1197.8923	205.10033	1218.007
332.26086	955.5491	378.21368	963.8115
385.6105	591.29254	362.8677	584.439
382.7022	613.87726	384.78207	591.8848
413.57324	558.9255	414.77136	535.98804
480.65906	887.59454	334.70352	856.3866
818.38885	1321.9645	819.7847	1297.9294
833.2265	1103.9578	834.53784	1079.9203
1065.3274	1051.98	1066.0118	1028.9706
1649.8333	874.90924	1553.7842	889.588
2466.9343	1038.282	2382.0962	1046.0497
2453.0774	842.5624	2425.9043	846.3042
2465.9287	1405.6085	2438.9482	1406.993
2643.0442	1114.5819	2612.0713	1116.9382
2658.916	1110.6444	2673.982	1109.7102
226.58421	571.47125	176.88	557.4246
260.09473	462.71466	188.0664	438.8
339.7071	864.3978	402.8674	877.63275
424.4059	925.9512	426.70523	897.97577
506.38254	541.8298	366.4564	494.6109
432.6138	567.1064	480.73218	583.9024
451.37827	636.6428	470.30182	641.9171
453.37927	609.672	472.26672	615.0661
564.25055	336.60196	586.58417	350.6606
594.388	652.65265	611.14996	657.4792
1588.8795	874.00415	1589.0905	828.9957
1590.4839	1151.9993	1590.4553	1172.0021
1623.6218	1170.0048	1623.5798	1149.0009
1625.1641	868.9987	1624.9991	847.9921
2395.1948	563.0558	2263.9365	711.5949
2440.4846	420.89368	2438.551	393.88895
2434.95	1096.371	2466.986	1093.8237
72.14213	1266.7607	19.037794	1260.6704
68.28879	906.36835	97.094406	911.4666
163.05078	1311.0979	100.02531	1307.5503
132.9201	837.35156	108.802216	831.87024
148.53885	575.95123	157.52896	490.95016
200.16159	558.9247	202.23529	535.8415
408.80817	598.60284	387.71634	591.8914
429.7906	525.61554	370.81235	505.55157
445.4284	661.85815	447.49573	638.95447
450.1027	606.93555	451.61398	585.9004
610.82086	660.5878	594.78625	655.7015
609.26447	709.01776	614.1817	635.87775
633.63367	631.082	674.98755	645.0832
1032.9154	828.99664	1033.6348	811.0254
1073.9148	840.9548	1074.6633	822.98596
1075.3346	797.976	1075.9489	780.9261
1092.3678	774.00726	1092.7435	754.9752
1506.5398	617.0109	1506.7457	587.9911
2455.0664	865.50415	2426.0427	869.3245
2644.0913	1139.6064	2613.0781	1141.3711
2597.0818	894.50946	2630.8525	889.0827
2635.8735	785.08673	2667.9507	780.64465
43.04183	1352.8243	63.01654	1353.535
73.21933	857.91455	130.11876	869.4123
0.9884908	1590.9703	166.01259	1589.1257
154.33896	874.25745	208.05713	884.70624
150.29663	921.3119	202.10281	930.41486
334.9234	253.22604	320.8456	248.45558
430.3704	602.71906	450.1614	608.4418
1003.0277	572.92993	467.78836	361.53586
573.3145	645.97314	590.25653	651.1626
622.61884	1006.9724	624.572	979.96906
898.1679	767.9424	899.5458	748.0378
2262.047	1056.5267	2184.0437	1063.4894
2425.0825	914.65186	2458.0603	910.47626
2440.936	1151.2821	2469.9727	1148.6924
211.06432	887.6665	154.06302	876.6732
421.21713	1005.6612	441.17865	1008.8985
471.93027	618.22894	429.87238	605.419
929.9853	1605.6793	644.9435	1618.7699
868.257	1352.9529	869.6539	1330.9147
1257.9153	827.9976	1258.452	808.98456
1518.0872	618.36523	1492.854	624.3881
21.945261	1220.5802	94.95584	1227.468
225.1953	597.0187	233.0445	514.8133
329.21323	989.79816	351.05783	993.6741
567.19653	998.6074	584.1413	1000.99884
625.6557	596.0774	579.5687	581.3497
609.01825	685.9411	574.8877	675.36237
1639.1671	1000.43097	1564.1393	1009.19305
1908.0073	1519.7931	1830.992	1519.3269
2522.0098	1387.6459	2502.999	1387.9354
2608.9412	1082.2698	2641.968	1079.6041
38.103996	1340.1444	40.228844	1323.8992
121.0552	956.65985	63.77834	947.3661
100.84513	861.87683	104.04228	831.8979
375.98703	1001.0763	329.79263	993.2192
406.1511	625.5048	365.01398	612.95416
363.26276	638.10596	405.16968	650.4227
405.71124	649.97516	412.43564	571.86536
410.97394	879.12213	472.1736	892.18677
675.64514	929.60693	548.65497	901.5624
582.9412	1036.3527	565.9142	1033.5148
697.6747	604.9922	574.47687	564.59546
625.1245	1009.02594	642.1028	1011.1958
1052.603	761.9931	1052.3752	741.9957
1256.2085	894.03217	1257.8071	833.96826
1495.0032	585.0128	1518.0662	579.2654
2334.3503	628.848	2130.8894	667.416
2408.1545	848.1994	2383.056	851.4335
2423.0645	1154.8534	2397.062	1156.819
2425.9363	866.4867	2453.8787	863.02216
2661.0347	1187.3789	2698.1812	1183.9814
284.64633	199.77878	239.8106	179.41707
360.7971	883.9817	343.70074	880.4478
353.83926	957.9841	356.71585	928.9718
559.7798	1060.9086	561.80225	1033.9103
590.8668	931.66266	573.94727	928.2626
665.3407	725.8861	670.35126	652.88684
883.2374	1082.9539	884.6304	1059.9172
897.296	789.96814	898.15497	771.007
905.1528	1023.0087	906.63916	996.9225
1586.5204	1173.0026	1586.6282	1150.9933
2268.0332	940.2868	2167.757	951.9039
2436.931	1071.2766	2461.9888	1068.8822
2437.933	1127.0776	2466.9258	1124.9764
2492.8745	1039.6003	2516.95	1037.4418
2615.963	1138.3148	2642.992	1136.851
63.203407	982.6696	117.16509	990.9202
159.07634	476.91772	161.12498	453.92206
158.49098	49.370853	176.6006	42.88483
223.79991	846.9812	162.69006	834.5199
377.9916	967.0467	331.86646	958.74176
366.99158	549.02625	417.27014	565.158
420.77975	970.90674	423.00125	941.8472
438.54877	525.3236	498.12512	545.63293
562.1146	1028.941	563.91797	1001.8613
574.2198	624.01074	571.92725	670.94763
666.61536	677.25525	651.7825	672.70996
814.49493	1387.9695	815.88556	1364.9327
852.1849	753.0044	852.5899	735.99023
870.14166	783.972	872.394	714.9476
2486.9595	1207.2568	2375.9626	1213.3159
2362.8276	939.42926	2474.1326	927.20734
2531.5696	615.4202	2505.5474	634.73737
2713.8208	1193.2618	2594.8723	1201.049
2633.1191	907.1176	2588.098	911.91876
2655.9763	1078.7058	2688.0098	1076.1202
156.76479	3.0898416	154.31786	23.919867
62.7086	788.3351	253.23576	829.9198
174.18834	962.743	198.101	966.32587
188.55905	447.32922	250.68823	467.9398
230.16058	602.4229	173.79439	586.73895
347.3876	1026.9362	350.42047	997.8354
444.00644	978.9643	400.78717	971.18195
425.093	972.4617	444.2135	975.76373
574.9503	612.1398	618.8089	627.72345
636.9657	591.93066	634.4744	629.0988
834.72217	1074.92	836.2266	1050.889
886.76196	1016.918	888.3482	992.95685
919.3958	719.0032	919.5489	699.99634
1081.3317	1056.0171	1082.5198	1032.9238
1199.7826	1078.0327	1200.6238	1057.9424
2455.9707	888.7546	2428.1282	892.075
2591.874	767.0773	2619.8972	763.2479
95.01388	1224.8518	21.998474	1218.0164
124.870255	919.736	67.87843	909.68964
100.985245	1292.2936	149.06483	1294.71
107.73636	420.79498	175.87051	443.39044
182.05278	436.8439	104.165596	410.51022
233.90257	500.901	236.05817	477.00525
247.5708	614.5148	90.03468	569.87756
335.28577	910.57825	384.12177	920.3943
353.1394	994.1201	376.19443	997.7729
440.9885	1012.0683	398.83713	1004.9668
547.2854	994.48004	564.0692	997.6315
1235.6826	1085.9739	1236.0981	1064.9822
1623.5428	1059.999	1623.587	1037.9972
2333.9368	1053.9866	2353.9836	1052.7361
2471.0496	1151.6089	2441.086	1154.0537
2595.8892	869.09216	2625.9297	865.4242
2636.0767	1056.8733	2608.1167	1059.3286
2616.965	1163.4655	2645.0413	1161.6328
2693.0647	1135.8362	2662.0186	1138.2396
99.15315	912.0613	123.16656	915.9791
171.74753	234.13881	0.4603053	165.34373
589.65485	960.9759	591.6813	931.9777
623.3443	715.01935	624.9747	685.9986
638.64136	592.08856	688.1932	608.4137
866.8034	981.9219	831.6943	974.4334
1363.6147	910.0106	1364.9594	831.98206
2421.0962	1131.1838	2396.0984	1133.213
2393.9854	1099.8186	2422.8762	1097.4747
2424.0447	1178.9585	2397.0564	1180.213
2396.9102	1049.9762	2460.038	1044.4347
77.68096	813.5156	147.73434	828.262
147.15462	958.0679	172.13089	962.21094
181.93153	847.35876	164.79239	844.0879
173.9666	1238.3408	113.85783	1232.4509
200.04277	1006.71405	145.90758	998.618
385.86462	889.57996	365.79126	884.8942
432.76514	580.04895	431.28687	603.14636
447.6417	633.9677	449.61435	612.0553
460.97937	577.06525	432.93536	568.2045
565.87805	1000.75446	545.91473	997.52747
620.33057	1037.9427	622.477	1012.8696
643.6576	717.87415	645.6356	696.7783
680.7541	613.77	639.4911	600.5936
691.21783	1357.7952	685.37646	1380.0986
1372.0828	1030.5938	1308.2078	1039.4918
1332.7202	916.0174	1334.6305	836.9911
1651.8381	1192.0004	1651.388	986.00134
2640.0894	1030.994	2606.094	1034.0474
3070.9504	145.10062	3018.9822	189.97926
202.87195	933.7419	149.89664	924.59894
315.98724	1594.5653	9.016934	1603.5769
415.2928	1037.9403	417.73972	1008.978
469.96442	645.1178	450.89264	639.35535
637.00287	1558.1871	606.9794	1558.6438
640.0043	1045.9756	606.7913	1040.2
646.6973	671.061	630.84625	666.539
652.2888	669.9588	667.2474	674.10834
812.97565	1416.9424	814.324	1392.962
942.4007	686.7821	841.39044	652.81256
927.583	695.2862	896.5978	685.2407
1040.3767	738.07874	1039.347	756.0771
1249.533	1090.015	1250.154	1067.9762
1493.2285	623.01105	1493.5525	586.987
1590.4054	1100.998	1590.4353	1122.998
1627.4292	1072.9955	1627.2634	1094.0178
1838.9617	1325.5476	1897.9524	1329.6799
2691.0132	1111.1777	2660.0356	1113.4795
2674.9805	1109.7172	2688.9832	1108.7545
10.009047	1351.5376	38.01789	1352.0856
101.88744	471.3631	162.63022	490.19287
160.87195	1291.9891	163.74683	1257.9786
440.07275	531.78156	491.67728	548.96893
816.98065	1349.9523	818.0604	1326.909
915.1828	796.0093	918.5764	728.928
1579.9473	1013.5656	1634.1204	1006.9916
1603.3235	1174.0004	1603.4226	1071.9984
1628.7495	775.99744	1628.5468	796.0157
34.204487	1379.131	35.971058	1362.8881
63.78384	988.3816	121.92518	997.4782
153.89258	878.5394	211.78722	890.06854
350.86346	991.9868	353.58157	963.8629
437.29202	341.28113	422.3246	335.20096
617.7383	633.81964	574.0425	619.8669
597.71295	595.0339	596.71234	616.0814
628.08685	968.4506	647.08636	971.4534
647.33453	971.96484	648.8143	943.9374
803.0027	1350.9565	836.0612	1353.0183
1089.6251	845.9866	1091.8804	782.95996
1384.0015	915.00916	1299.7864	928.6848
1648.9851	1179.8033	1550.7898	1187.2152
2262.2676	773.94727	2161.2517	787.83185
2591.9788	1021.7734	2682.0276	1013.293
167.99437	1449.2206	0.9500987	1444.9535
211.85681	470.10294	210.63803	492.0908
489.87305	684.43976	361.861	647.48145
488.5279	551.42163	439.60938	535.1763
575.7408	677.05365	574.14075	699.15497
664.9339	702.2146	649.82697	697.56177
1012.0242	1400.0011	1013.00635	1377.9557
1208.7618	836.985	1208.9437	821.9872
1378.0195	1199.2313	1293.8607	1206.3546
1387.9749	741.87787	1303.263	759.27985
1627.1359	1096.961	1627.52	1118.0088
1627.4128	1147.9965	1627.4436	1169.0009
1639.105	1068.3402	1609.1322	1070.6876
1572.9915	1371.6548	1636.0022	1370.0889
2361.0857	766.59	2458.0747	752.515
3067.0203	1612.0157	2877.9978	1608.1036
12.135846	375.52042	0.6417839	372.26462
8.017561	1388.6172	36.000347	1388.9725
168.04115	997.906	171.0901	966.81274
145.22292	995.5582	197.06592	1003.5736
178.49455	43.934	184.13269	0.7561677
449.22043	931.9451	451.2574	903.0181
554.9341	909.31305	607.14606	920.3063
673.48975	650.6992	632.8509	638.4966
950.93353	680.1959	834.73944	640.7679
857.5551	1011.9753	858.94556	986.9414
869.1655	738.4825	841.77014	729.71857
841.4028	694.7417	872.1348	704.5787
884.70703	1054.9126	886.33	1030.8872
1019.4754	1132.9697	1020.74896	1110.9277
1059.6661	738.01776	1030.5219	728.4578
1281.2987	918.985	1284.0195	791.979
1699.2225	430.7984	1282.2859	547.02563
1590.7394	1017.009	1590.4719	1039.018
1638.3203	1169.9955	1638.9788	1069.9933
2171.081	955.7095	2258.964	945.6845
2380.0479	607.042	2273.9333	727.94147
2446.994	1569.9053	2550.9958	1570.617
175.30351	923.93176	178.25339	893.82886
208.2651	883.92615	211.28091	853.92773
247.6162	470.1709	188.71675	450.8641
425.65167	530.0562	372.49683	512.5257
449.84097	902.7027	430.90555	898.4173
493.70932	546.8716	439.7125	528.862
431.9775	576.07153	466.97446	587.0812
622.1179	1040.1372	640.19037	1042.6068
660.477	1423.3351	678.18274	1398.1284
829.9952	1422.0721	813.00397	1420.9406
863.1326	1446.949	864.48663	1423.911
1212.0806	1166.0024	1214.4089	1090.9507
1590.5153	1076.9891	1590.3613	1098.01
1590.6493	1041.9978	1590.5146	1064.0093
1612.8562	1062.1914	1638.9299	1060.1187
1627.4664	1123.0015	1627.3983	1144.0045
2627.1536	792.9764	2590.9478	798.66705
2661.9631	1135.4325	2691.9668	1133.4866
33.15017	1011.9798	238.12502	1042.1508
66.05517	581.8019	264.94574	637.1948
151.9254	580.2606	95.667984	564.1601
200.00314	969.9805	147.75034	961.5468
366.0557	554.8209	398.98148	565.05963
467.81845	893.8704	413.87103	882.6183
469.7606	668.9799	476.20706	592.01733
581.63776	586.0569	621.445	599.7018
633.62646	642.0261	632.70825	664.07117
680.22156	1391.2014	664.4736	1408.5214
858.94336	679.0403	858.08856	699.0465
1603.4053	1064.0015	1603.5876	1013.9949
1611.4327	1013.0043	1611.8104	1063.0015
1650.9445	689.7247	1553.2844	709.4111
1651.9896	885.0001	1650.1718	691.01715
2166.0205	962.1799	2269.8171	950.39026
2377.0518	1041.5609	2469.9993	1032.9908
2400.9575	1177.2677	2424.9927	1175.8739
10.945471	1638.8591	63.017696	1636.3702
134.0812	872.5877	72.894455	860.5358
172.74988	445.7519	109.736984	424.79068
231.69536	514.0164	208.94102	507.19678
333.30878	997.11475	330.84937	1025.1621
327.69604	846.43427	490.7887	880.9971
399.16077	1002.05396	420.06686	1005.60645
549.70197	901.93756	550.8589	951.98016
574.94824	563.9586	576.9547	609.9147
928.0041	1583.28	646.99133	1587.4087
866.1692	1389.9465	867.58575	1367.909
1209.4681	809.0057	1209.6511	793.9836
1334.6064	827.0152	1335.8875	775.9721
1575.8458	1066.9088	1601.891	1063.2283
179.23573	11.564159	158.38571	0.2868787
187.38818	1466.9409	211.81412	1213.8855
335.7946	916.0464	388.1332	926.3215
418.08664	1003.9232	420.44577	975.8693
569.0449	926.79553	556.75903	924.097
565.19855	1030.5565	582.1529	1032.8887
579.6432	578.09705	626.85266	593.4529
640.28613	1073.9504	646.53827	983.8985
817.0546	1418.052	829.0724	1418.7449
1049.4563	833.9793	1051.8522	770.95636
1221.494	883.0443	1223.276	822.94885
1343.2831	1100.0137	1343.8817	1043.988
1360.1895	1096.0012	1360.3519	1070.9957
1592.7229	804.9887	1592.5369	826.00476
2393.919	1075.1404	2411.0496	1073.5259
2435.3352	394.9786	2436.9373	420.06787
2646.0803	1164.3499	2615.071	1166.1943
2684.1145	1027.5547	2651.0728	1029.9872
145.82301	830.8647	79.72664	817.3355
130.31955	868.9281	133.60335	837.8524
176.75934	15.470955	162.52141	21.947943
365.91156	558.0608	364.37067	581.15814
437.75037	524.9767	433.99033	565.1861
680.9302	437.1775	627.8778	416.3107
682.0933	1344.1931	662.7471	1353.5454
835.02277	1327.7008	821.9463	1326.7063
889.9076	722.99725	889.3466	742.0397
1037.3229	812.0471	1036.6812	830.0599
1068.4608	778.02075	1067.653	795.9844
1070.5369	735.97723	1069.0596	766.05206
1248.0077	1172.0001	1249.648	1096.9705
1494.7604	527.7051	1462.4806	562.51843
1551.8876	995.9986	1549.4485	1190.0308
2251.1182	786.8033	2175.1455	797.9889
2379.9294	819.4743	2408.8127	815.6026
2420.889	814.197	2451.005	810.0352
2424.9304	843.39154	2448.959	840.64246
63.98522	1614.4838	19.992641	1615.7429
72.85819	862.7191	135.00517	874.97375
298.7456	1373.7732	280.83936	1393.8568
402.1006	968.41693	422.19263	971.8834
452.17657	936.05585	403.99176	927.044
595.7414	630.0531	594.1577	652.1546
573.2264	699.18964	609.21155	709.24286
648.92706	943.37354	631.79913	940.0285
678.90295	730.05206	680.407	703.9658
881.9245	1111.9481	883.0356	1088.9053
882.4191	1449.0223	886.79004	1366.9355
1026.8243	1454.9916	1030.5884	1376.9319
1068.48	820.9984	1068.5006	840.00055
1072.0607	1456.002	1074.4578	1379.9514
1358.8053	1162.0157	1359.8608	1107.9778
1592.4451	852.9932	1592.5438	874.00214
1605.3314	874.00037	1605.2816	776.9999
1628.7341	719.9945	1628.5464	763.0068
2439.9258	1410.81	2466.0735	1409.1815
99.800026	535.1924	97.01861	561.21576
95.65006	909.86176	98.82276	878.87946
117.94386	1229.5562	178.82825	1235.7015
178.43034	559.1869	175.29636	583.16943
162.8908	831.52985	226.85304	844.713
305.80972	1379.9465	331.73276	1330.3833
365.9089	613.13354	364.1586	638.151
388.83252	234.38019	365.88107	224.27
383.56314	919.8772	386.12354	889.92505
592.0889	681.06757	590.72534	703.045
600.7257	926.3245	555.78906	917.01843
657.80115	938.93976	618.64984	930.65485
864.89984	1418.9958	865.81085	1396.9508
901.6802	773.0207	901.1305	791.0649
1040.3472	1048.0077	1040.8822	1023.9974
1055.2188	1454.9708	1056.0399	1432.9642
1207.99	856.97455	1208.3674	841.9841
1223.4116	816.0078	1223.7533	797.9764
1341.2184	1194.0433	1342.9403	1105.9988
1348.3263	827.00824	1349.7156	771.9928
2058.0522	882.7998	2043.7235	879.0594
24.93527	1653.7871	87.91599	1650.4259
38.99122	1389.5013	56.003513	1389.7994
92.46752	393.59265	273.9142	454.25662
154.06319	24.870497	134.77602	15.45901
449.8005	638.71716	430.87418	633.45233
545.1586	1026.9601	562.0702	1029.5399
549.2788	952.5981	568.1299	956.347
928.09375	802.0029	928.8718	776.99603
1176.2218	625.0564	1141.1183	599.1969
1223.6927	1377.9943	1224.0312	1359.9818
1589.4998	747.0044	1589.6747	726.9884
1611.3881	1071.9897	1611.8167	1172.0007
2279.8977	1218.2023	2178.8835	1223.954
2452.7498	839.0202	2451.2197	820.063
156.79565	490.67804	132.86006	483.46432
340.1894	657.33167	505.91733	704.29175
431.79565	634.032	430.8299	658.0735
430.16785	658.40594	469.16278	669.42395
618.1043	1070.0077	620.0275	1043.855
609.21356	964.6869	626.0924	967.4318
649.3121	694.77924	665.2904	698.86395
882.00586	1395.9053	853.9894	1394.1718
892.74286	675.9863	890.9822	709.10535
1027.4271	809.0022	1027.3285	828.0069
1195.6792	606.19025	1198.9005	594.69196
1365.4241	821.0045	1365.9535	770.98895
1501.5574	1443.0968	1531.2644	1428.5397
1639.1694	706.8351	1566.327	721.61206
1589.4017	770.01086	1589.5573	749.9966
1593.3054	727.00214	1593.1658	747.0081
1592.485	782.99963	1592.4711	802.0011
2452.0972	757.64655	2368.0422	770.28046
2438.1357	427.02173	2439.9946	500.92468
2438.0188	1379.2831	2456.072	1378.091
2632.031	889.0621	2626.011	795.06335
67.876595	1644.8066	11.0704	1650.6808
274.11398	1410.853	296.61475	1381.4707
426.89825	897.5909	413.7709	895.3305
404.2821	924.47424	449.04605	932.751
707.6891	596.9335	565.77783	549.667
613.88324	920.99066	610.4406	964.115
632.2428	664.11926	646.2788	667.98865
841.1905	652.94586	842.2047	693.9702
852.5654	1107.9769	857.0869	1022.9514
871.01306	1355.4636	886.0285	1355.8296
1078.2195	1144.0078	1080.9911	1065.9641
1102.2511	850.00006	1102.2582	828.99976
1235.01	1118.0001	1235.1932	1097.0017
1237.8556	830.98334	1238.9873	889.0198
1326.9971	1194.0194	1328.6095	1110.973
1528.7806	521.6082	1541.6625	514.39703
1590.4045	1125.9987	1590.4265	1147.9996
1593.2296	749.01227	1593.0197	770.0102
1638.6647	1059.9872	1639.2301	1000.98303
68.24609	951.1372	64.81427	982.3098
257.78677	825.9847	58.39224	782.80664
238.51263	1041.9553	258.34088	825.9395
374.03552	1032.0925	382.8148	933.89404
517.58746	533.214	355.6038	478.16586
607.2314	1005.62665	623.1174	1008.30347
633.5116	693.07874	632.36566	715.07117
654.6973	613.047	653.2796	634.08624
887.31683	1356.0173	890.11163	1304.9514
1198.8947	1111.9604	1199.6467	1090.9515
1201.173	1380.0045	1202.3735	1333.9836
1244.0961	847.0127	1243.8849	831.98755
2427.9304	889.38544	2454.924	886.3292
2708.0386	1233.0347	2691.9844	1232.3933
3070.146	323.0147	3070.99	372.00018
24.642418	31.695547	12.711228	25.5617
87.39998	985.81903	91.1361	952.7892
133.8031	0.8498148	132.2897	12.9108715
150.04895	1273.2924	105.056725	1270.18
188.83179	458.5271	242.14662	475.54056
309.6684	1363.4673	317.48065	1335.5745
366.9695	493.8737	369.05362	542.8701
506.3376	700.9552	517.6362	533.9078
541.7718	892.0074	682.9992	924.0034
563.9004	1032.6898	546.82324	1030.2246
795.4155	1267.0239	783.3978	1476.0803
878.6355	977.03973	876.2586	1015.0787
897.971	678.0873	933.9825	690.0527
1080.4569	751.99445	1080.2823	769.0132
1214.4235	1081.9861	1214.9316	1060.9501
1237.1968	1381.0167	1237.813	1336.9834
1285.6255	553.2354	1296.1091	658.9892
1298.0663	1652.961	1300.6481	1524.9122
1550.895	1199.5431	1649.0339	1192.4716
1592.7627	828.985	1592.4949	851.0182
1628.5605	847.9514	1629.1854	868.0253
2057.9775	1341.5365	2080.0227	1342.4558
2079.9639	1409.5007	2059.001	1407.985
2465.051	1071.5066	2437.9233	1074.2391
160.18417	4.6754355	177.663	14.593877
335.01776	925.00134	332.62997	956.12506
440.4184	1042.0339	448.20108	945.9353
621.02765	602.1189	614.5244	713.03076
632.0654	715.77167	664.28534	725.0043
831.1734	1447.0101	836.0525	1363.8857
1011.1058	1426.0046	1012.0706	1403.9594
1030.9606	1365.9987	1032.5602	1317.952
1056.3876	1427.9922	1056.6543	1406.9829
1056.9143	1401.9569	1057.7491	1380.9503
1063.0066	1113.0001	1063.6073	1091.0166
1240.4014	790.019	1238.9796	820.0464
1297.8966	937.3336	1384.8213	923.84814
1318.2491	919.00616	1321.6877	779.9675
1477.0531	706.26447	1740.4717	653.3688
2573.0056	1391.2676	2591.0186	1390.8944
2685.0847	900.6891	2637.937	906.4887
2670.0	787.9995	2631.1892	792.597
65.03114	1357.0569	41.990223	1356.296
39.70497	9.572346	86.229614	33.554554
91.68964	946.967	95.006386	915.7879
150.28233	965.1528	146.68904	995.3203
408.9039	654.3361	362.68027	641.11816
388.8333	593.07056	386.96274	615.16614
404.09647	939.0068	402.04465	968.144
461.8197	897.87695	414.75336	888.19965
612.85895	969.6961	650.15125	977.25354
631.45026	666.9989	631.4671	689.00116
673.0705	643.7653	646.1006	635.6651
825.05383	960.97314	825.6292	1005.0179
869.88434	1326.9952	870.87915	1302.9536
1074.9064	1370.0266	1076.3185	1321.98
1185.9458	1433.998	1186.6842	1413.9515
1187.8259	1352.954	1188.6108	1332.9456
1222.7208	1410.9906	1223.3636	1391.9448
1496.9581	587.99677	1497.0697	620.9964
1605.1531	1071.3188	1572.2482	1075.1382
1558.9801	1003.81714	1643.0726	994.6671
1637.1895	1546.0018	1637.4279	1387.9977
2453.7786	863.0085	2453.0518	843.99805
2532.7864	623.73584	2517.8477	635.81146
57.952694	781.99475	32.38944	1011.04346
121.1037	994.31555	62.924118	985.50085
99.99831	1311.0304	147.01982	1313.6432
175.28114	35.454407	160.57825	27.877867
203.01198	566.0009	201.21274	590.0906
324.0717	841.0069	303.94492	1050.9948
430.90952	630.2896	447.1942	635.37854
483.73752	675.0563	485.954	645.9965
831.0327	1393.605	817.9568	1392.5217
853.1235	778.56354	868.3216	782.86334
900.6328	1115.9816	904.81116	1032.9402
1099.0168	1579.0834	1036.001	1580.0632
1186.6434	1409.9976	1186.7804	1389.9917
1243.8809	819.99384	1244.7068	803.98486
1274.1166	1196.9845	1276.7446	1046.978
1627.3661	1012.9962	1627.4242	1033.9988
2034.0012	1528.8529	2102.005	1529.4296
2438.4597	909.2477	2436.9734	894.0026
2442.9275	1175.1722	2470.8884	1172.7255
76.757805	15.182364	39.553898	-0.32855695
89.02197	44.634377	38.10564	14.165669
129.39226	513.13293	127.01825	538.0018
168.42932	454.14102	155.90529	581.0893
203.7968	930.8757	207.21352	897.81537
355.0604	479.00528	339.5482	656.04803
686.7637	920.0687	539.65894	887.5424
609.596	978.0447	607.56573	1005.11743
878.25836	686.0105	874.157	787.00635
1038.8142	769.0078	1038.6415	787.00616
1213.2286	793.99023	1213.3639	811.00507
1247.8278	805.99524	1247.3854	822.0106
1553.8391	710.9925	1552.6729	892.0172
2081.2908	1507.0172	2078.9678	1411.025
2236.9414	1111.2465	2261.9458	1109.3031
2488.9648	1210.1768	2478.1846	1025.0475
35.99355	1426.4133	57.00404	1426.7412
110.734436	431.809	169.61177	451.13632
336.0848	856.8717	338.28854	909.8632
458.006	550.00037	456.68176	572.10077
548.8655	965.9904	544.5928	1026.1132
572.82355	927.99207	571.5592	956.0702
593.9071	655.05426	592.5923	677.0354
652.1387	647.0611	649.5608	695.0838
1038.4574	791.02844	1037.3392	809.02106
1052.54	770.4623	1024.1475	761.53107
1296.5687	1027.9658	1292.244	1209.0297
1346.9261	915.03625	1348.4907	831.97156
1627.5128	1037.9956	1627.313	1060.012
1919.0074	1585.4512	1780.0284	1587.7308
2102.0093	1519.9949	2035.0151	1519.3717
2407.8667	771.20703	2446.1301	764.77386
2593.981	1212.7136	2715.1099	1204.6511
2786.9978	1631.0348	2900.996	1638.0642
110.72351	12.062566	111.68995	0.8867124
171.68427	960.8692	174.76453	929.8772
322.90768	1339.507	312.4223	1362.7393
399.98904	880.05255	340.85352	867.7014
391.2296	565.1062	389.23563	588.1931
420.99545	538.15515	411.91092	654.9931
564.69794	550.9785	552.8749	717.06226
570.09686	970.0057	568.45044	998.1434
840.61786	706.98724	839.2184	749.00726
890.588	767.9874	889.9444	789.0289
1114.3513	742.98914	1025.6531	714.06366
1067.4185	799.9936	1067.2308	817.01355
1236.0348	1568.2039	1132.006	1571.2091
1194.5068	1140.0192	1193.6711	1162.0634
1199.1713	1462.0049	1201.2908	1386.9518
1605.3346	770.0018	1605.5797	722.9978
1864.4877	815.98737	1864.6404	834.00305
2054.857	1508.0026	2053.0823	1409.9985
2415.7598	914.06506	2410.9846	823.0533
2419.8328	822.9005	2424.724	913.01495
2439.1072	1200.9901	2471.9387	1197.4347
88.0087	387.001	65.8961	580.1026
179.54568	0.9891506	179.72495	10.005468
264.75568	635.88477	281.702	452.8798
393.93997	528.09814	392.77917	551.0394
409.67612	879.9696	405.5227	924.2367
404.93625	929.31726	453.1978	939.0157
455.95322	586.2172	453.29245	610.14374
582.732	1064.9816	588.975	973.9297
607.93243	1043.0774	605.76825	1069.1469
685.4468	739.9691	568.9339	707.2352
929.6916	982.44934	824.76117	960.12244
833.3321	640.9632	825.0077	792.05554
843.6168	983.02405	842.63995	1008.06396
853.63385	1394.993	853.21545	1417.0231
1120.652	735.07184	1019.591	702.25977
1062.0105	1139.9637	1062.817	1117.9567
1099.5508	750.44543	1075.681	743.02637
1147.2762	597.61005	1179.433	620.38885
1246.2738	873.987	1245.9867	889.99976
1574.656	1075.9946	1574.9834	1176.0
1867.92	1149.032	1867.4171	1132.0172
2260.015	1580.9663	2159.9924	1579.5211
2385.027	918.2961	2414.7795	915.5826
2397.2502	1181.9052	2398.625	1200.0284
2831.9775	1606.4911	2784.9387	1604.343
91.95532	1230.4913	24.87352	1224.3907
298.99127	132.0156	325.9493	147.09064
392.33453	1307.3318	335.3051	1364.3035
548.65924	1031.1167	546.6843	1059.1888
593.80634	971.0313	548.52515	962.52893
905.61127	694.0508	904.9829	713.99945
1358.5027	1190.0021	1358.605	1164.9943
1619.0079	1605.6547	1719.0175	1604.4337
1860.6456	807.02966	1860.2504	788.97266
1866.6151	1069.0101	1866.087	1048.9713
2059.1326	905.4766	2044.0847	901.66547
2146.0073	1581.2832	1929.0734	1586.857
2131.705	666.9865	2131.3643	623.9892
2445.8398	493.08762	2440.843	426.9363
2471.0422	1175.7087	2442.9634	1177.3848
2698.4946	895.2708	2684.2673	711.13385
7.1828527	565.0192	27.734657	369.86673
88.265015	575.5836	243.76663	619.8204
174.70903	41.617813	111.53458	11.864927
281.62543	452.09882	88.5617	386.28577
386.3176	620.07367	384.9863	643.88745
372.33127	516.8709	421.86615	534.5768
570.1193	957.2649	589.106	960.34686
676.98395	1357.1921	690.9949	1357.381
803.8988	1420.9945	802.60345	1445.0862
820.0418	1990.0662	797.9973	1990.9308
842.5828	754.00525	842.3938	775.0125
995.8177	1288.993	988.51263	1480.9434
1036.4924	1136.9784	1039.8527	1057.9512
1062.1831	837.9977	1061.9023	815.98846
1243.013	867.97394	1243.4354	851.95874
1418.9904	1454.4918	1490.0002	1454.9536
1637.0481	1387.5525	1568.0524	1389.6895
2144.9155	724.26276	1740.5258	594.36316
1868.7273	1176.0527	1867.9769	1157.9595
2222.8474	841.0992	2250.8894	836.34686
2452.115	816.88495	2377.0835	826.6427
2436.953	887.00195	2436.2551	870.0719
2423.9294	790.4174	2448.926	787.3894
2453.1204	1107.98	2453.4243	1124.9924
2454.9036	886.0029	2454.328	867.0204
125.20063	916.9105	128.90968	883.76605
180.51437	498.13654	178.07562	525.18713
482.90698	360.22876	446.77982	345.54163
553.29376	717.9411	699.1638	758.40955
641.5808	605.17633	677.38025	617.9328
836.8929	1352.9956	839.071	1300.0029
855.4727	758.0996	854.1169	778.1432
1078.0432	824.0019	1077.304	841.0565
1189.371	1439.9784	1188.7162	1459.0247
1201.5018	1141.0042	1201.3209	1163.0109
1231.5602	1051.0232	1230.1147	1086.0048
1289.0085	679.4276	1276.3174	560.966
2804.8872	440.44495	2977.0933	405.45847
7.0056424	1425.6136	31.015125	1425.9642
146.94798	1325.9277	131.9391	1325.0862
874.71735	1086.986	873.52075	1111.0756
902.7588	749.9934	902.2362	769.03394
1017.8457	1343.9962	1017.33154	1365.008
1056.9679	1062.9985	1055.9386	1085.9972
1197.748	1160.9965	1198.0278	1141.0284
1229.065	1096.0137	1230.1165	1168.013
1303.5344	760.014	1299.0962	930.0547
1378.194	756.9201	1316.9641	769.82965
1301.9374	741.69464	1460.6167	709.13196
1861.2373	856.00507	1861.1171	837.99255
2204.3337	920.00867	2204.555	936.9928
2174.0815	793.5666	2257.0874	781.6069
2404.4443	1072.0148	2404.2922	1055.9878
2520.9614	1336.1942	2505.9565	1333.2186
2537.0107	1444.3203	2511.996	1444.5255
2625.0237	787.0507	2622.739	743.0655
29.808289	1418.1074	32.096798	1400.88
68.72578	911.0767	65.22065	944.23474
135.702	77.95586	142.23027	33.885975
493.77484	877.05347	324.79938	840.93866
554.90765	958.45264	593.1517	966.25684
568.6651	555.0138	702.8841	599.3509
639.99976	1547.734	607.9988	1547.766
676.79083	620.1634	670.4172	729.0244
860.0517	1289.9437	856.30145	1353.0773
875.78467	1029.058	874.00555	1053.1481
1026.6815	1057.0853	1025.5166	1080.0262
1059.4321	1015.02264	1057.5945	1050.0836
1097.2048	756.9708	1093.8289	849.0304
1362.4972	1164.9994	1362.468	1190.0017
1394.9766	1546.8502	1406.1721	1545.1018
2424.8386	1098.061	2422.3647	1050.9808
2634.1697	793.9222	2640.4324	888.0378
69.01527	1321.7584	16.970377	1318.4686
81.32441	1250.0466	83.05513	1238.0079
159.92479	829.0906	155.50113	874.24506
452.92255	943.4415	403.51324	934.77527
538.92664	887.99414	523.204	1084.0164
674.8236	1106.924	686.90686	920.05865
804.73175	1280.0138	803.4132	1350.0454
873.76355	1057.9895	872.69196	1082.0753
1010.2016	1453.0084	1011.0826	1431.9615
1198.3552	1136.9866	1198.791	1115.975
1228.1653	799.97614	1225.7056	886.02014
1235.1234	1463.0027	1236.6954	1389.9719
1577.0532	782.99896	1577.1473	877.9999
1638.0576	1329.5189	1567.0459	1332.2107
1864.582	838.9912	1864.854	857.0173
1879.7457	1072.045	1878.021	1023.99927
2475.1013	921.1086	2464.9785	744.0584
2766.0166	1253.3087	2740.9817	1254.6632
0.9679819	1463.6268	186.01439	1467.2688
38.006413	1355.8887	9.984207	1354.274
153.92155	889.0851	150.95891	921.18085
151.98615	1347.1017	153.54816	1331.9534
292.23083	1334.9857	293.91327	1362.0675
698.68866	757.9268	707.6751	596.926
841.5682	1021.0598	840.6129	1046.0997
852.9397	1052.3274	822.85504	1046.7871
857.5069	712.0152	856.93506	731.0581
882.03394	789.001	882.8585	761.0253
892.1218	993.0062	890.83655	1018.0941
899.0842	1089.4656	883.0107	1086.9323
1025.643	1084.09	1024.3848	1107.0758
1100.1036	1482.97	1106.231	1299.9408
1116.7435	871.992	1121.0133	734.96924
1187.6487	1376.0011	1187.6805	1356.9978
1252.1127	671.7098	1045.7646	591.6064
1239.3856	1064.9939	1239.4773	1086.0023
1719.2593	1541.9694	1660.1516	1496.8016
1864.1732	789.9754	1864.5726	809.009
1874.1528	885.0114	1872.8763	790.0151
1881.7506	1180.0212	1880.0839	1081.9985
2224.9226	796.32025	2245.9915	793.9247
2430.182	1200.0947	2425.2805	1106.0375
136.04736	446.90335	133.90791	467.99066
331.88577	959.06024	329.84058	989.1252
363.53122	584.03253	363.0437	607.0009
430.45514	606.0209	430.12582	628.9875
567.9662	1625.8866	639.96045	1623.6986
824.17773	1006.08356	856.1392	1012.2822
855.6627	1366.9791	854.17303	1391.0725
885.0403	1331.4152	873.95514	1330.652
1004.8374	1431.9153	1003.2948	1453.0944
1057.1512	743.9699	1053.7826	838.95685
1079.5466	782.01917	1078.9487	799.06836
1098.9711	822.05707	1101.0574	749.9727
1262.5066	811.9869	1260.2433	896.97986
1287.2002	1513.4706	1260.8713	1517.0553
1333.7286	1045.9958	1332.9105	1100.0289
1881.9603	1080.2545	1831.1062	1072.3191
1865.2097	861.97754	1865.582	882.00775
1894.9844	1334.2368	1833.9202	1330.2113
2060.98	600.9307	2081.9573	594.8523
2343.6304	1568.018	2334.03	1369.9501
2338.0188	1789.473	2363.019	1788.4817
2466.2551	744.622	2354.502	762.1932
2590.4465	1415.1157	2597.5713	1387.6296
2631.6736	743.9689	2633.6174	786.0177
141.01613	840.1059	124.87628	994.9871
597.31085	934.0194	595.12634	969.0079
607.15924	1008.07336	605.3233	1037.0837
648.9442	698.0439	647.9664	719.0914
654.1065	1426.0839	656.62134	1392.8955
816.6392	1422.0945	815.3144	1445.0758
819.7221	1364.9845	818.3746	1389.0769
839.8317	1050.9937	838.9254	1075.0725
846.7516	648.75555	902.62854	667.1297
903.76013	727.02075	903.26697	745.06195
913.4162	1121.0048	913.7135	1094.9967
890.8533	710.4502	918.20636	719.3669
1093.0143	1571.3966	1027.9547	1573.7448
1069.6189	1029.0201	1069.3323	1052.029
1078.5084	802.002	1078.4331	820.99774
1068.0531	1481.9327	1100.0237	1483.5248
1237.003	1576.2006	1135.9962	1577.7506
1203.3975	1092.0182	1202.4353	1113.0199
1220.2607	1324.97	1218.1013	1378.0448
1234.5696	1142.9952	1234.8013	1121.9978
1298.2944	662.9017	1305.7075	685.09766
1332.6232	1109.9921	1330.8563	1194.0391
1338.5463	835.9884	1336.5001	916.0383
1470.8306	715.00964	1463.6406	1333.9958
1628.5928	798.98785	1628.7529	820.0019
1852.0743	1176.0143	1850.5487	1076.9916
2084.0176	602.0721	2056.9285	608.70807
2508.0417	1392.9836	2528.048	1392.133
54.1334	34.705574	98.53354	54.822426
79.92479	1267.9932	81.37314	1251.9435
187.02844	848.0023	184.4918	878.9584
401.47934	972.04144	398.96182	1001.16956
477.7882	1077.9011	494.18704	876.93365
565.7762	1034.051	563.9379	1061.996
631.2035	940.01184	629.6234	967.1527
639.89154	1620.0546	644.2513	1548.8928
814.9923	1392.1691	801.97375	1391.5787
823.6388	1298.9773	822.1178	1323.1333
888.9758	745.99927	888.42285	764.0436
1024.7101	713.97974	1025.823	753.03357
1048.1831	1407.9619	1047.342	1426.016
1066.4652	1118.0598	1065.5673	1140.064
1276.8291	1046.7942	1185.9478	1027.2427
1234.0442	1166.9941	1234.1617	1147.9949
1237.6516	1148.9827	1237.4065	1168.0181
1360.5587	1067.0018	1360.6364	1043.9954
1368.8813	830.9788	1367.3842	910.02625
1628.7433	822.99207	1628.6042	845.01013
2088.9392	1347.831	2037.9198	1344.0953
2410.588	816.01666	2408.85	773.0465
72.76109	873.1824	69.348015	906.1396
157.945	23.12825	160.26468	6.0359216
364.26178	885.01825	362.16852	915.0118
421.5953	1010.03894	419.75772	1038.115
628.34265	981.02094	626.6859	1008.16394
624.98615	1564.66	637.00696	1564.1709
850.9205	1081.381	837.8632	1078.6553
1203.896	859.9973	1203.4265	878.0371
1211.1211	862.9935	1211.2192	880.0045
1339.7655	775.9942	1338.5096	827.0372
1385.6733	917.9785	1388.5043	742.9758
1613.4438	776.99854	1613.5397	872.99945
2217.2756	939.0234	2214.3706	848.98804
2183.0251	1059.265	2259.9932	1051.9287
2451.0793	789.6006	2424.023	793.1733
196.59279	1002.9542	200.41742	968.9345
200.36108	966.93823	203.55798	933.86066
242.95935	479.09076	231.33604	601.9372
856.29193	1423.9569	854.8816	1447.1146
915.14355	752.5758	898.96576	747.1011
1059.1692	1341.9814	1059.6393	1320.9696
1102.9506	1019.2304	1012.80945	999.8881
1225.3878	1442.0	1225.388	1460.0
1227.3912	1359.998	1227.4185	1379.0009
1247.4072	834.0107	1246.988	850.0259
2058.0479	860.8432	2043.8436	856.51306
2078.825	1051.8994	2028.7755	1042.1527
2072.2388	1205.0223	2069.5317	1113.0138
2653.9304	1088.0708	2660.4114	1186.039
96.58838	1359.0631	93.04326	1392.1119
119.50372	0.9003119	118.82717	11.055109
129.38304	1330.917	127.46058	1345.1967
132.13008	484.01016	130.25497	508.01993
402.00488	1008.08374	399.74323	1035.2285
451.30704	640.08826	449.7567	663.0511
440.9582	540.11975	483.68552	555.0364
824.10266	1018.9608	823.00507	1044.0875
825.7024	1078.0381	824.3463	1103.0729
900.09735	791.68274	914.2951	796.03796
922.9604	1279.3835	795.8708	1266.2506
923.936	701.9973	919.7973	799.99146
1222.6714	1436.0021	1222.5417	1415.9965
1271.0061	904.9788	1203.825	885.607
1319.2695	1046.9999	1319.2616	1102.0001
1406.0624	1407.0072	1402.8356	1434.9811
1490.0013	1459.9503	1468.0184	1459.3379
1552.8815	899.1493	1650.084	885.60266
1575.0015	1017.99927	1574.9664	1067.0015
1845.1364	774.02734	1843.8066	732.0061
1868.6344	1023.9072	1869.7753	1044.0127
2047.2224	1202.0197	2044.8636	1108.9781
2078.577	1401.9838	2077.308	1356.9913
2177.963	1234.2903	2282.044	1228.8418
2228.9055	1212.0446	2225.203	1120.9917
68.542336	1342.0604	70.228966	1326.9142
109.71752	1223.0837	105.16033	1262.1354
208.79785	507.1537	206.57698	533.1348
268.18216	1409.0212	272.1578	1374.9019
354.49948	998.1436	351.61618	1028.2505
345.05264	923.7255	363.93344	927.347
819.00006	1325.7368	807.9998	1325.7341
818.96594	1390.4557	830.0477	1389.762
1050.732	1345.9874	1049.7858	1366.0841
1055.4905	1089.9994	1055.465	1113.0005
1092.4155	782.8643	1068.2255	775.28076
1107.2656	1171.9844	1110.6915	1010.95087
1190.5139	1389.9957	1190.3306	1411.0029
1191.4551	1357.0035	1191.2999	1377.0178
1212.3927	823.0007	1212.3641	839.00244
1261.4587	1486.009	1264.8561	1313.9774
1299.3733	1459.8445	1293.6256	1519.9642
1324.2649	835.98816	1322.9263	919.01495
1381.1262	1211.0011	1382.8171	1017.9896
1570.3552	1177.9991	1570.4945	1075.9979
1851.679	783.99084	1852.9716	880.01385
2467.0205	1102.4106	2430.0627	1104.2572
2630.5205	1116.9623	2631.9714	1137.0021
175.44542	967.041	172.57195	998.2369
545.54626	1615.6002	570.51587	1607.5065
648.67004	1392.9781	646.2784	1429.0847
619.8378	923.7639	665.13196	933.3784
880.0117	1423.4417	867.99603	1423.1891
1058.4062	1367.0072	1058.7623	1346.978
1079.0916	769.6973	1091.1936	773.3602
1282.993	790.02155	1196.6785	761.99023
1347.0317	1339.8329	1303.98	1341.4735
1865.7931	1043.0463	1865.0255	1023.03735
1867.7102	1101.0602	1866.7717	1080.964
2186.8489	845.836	2212.8013	842.46844
2651.362	1187.1135	2644.566	1089.03
55.013306	1393.5365	37.941246	1393.0464
177.29567	21.0298	175.8988	34.88901
430.67007	898.977	428.7016	927.1885
483.6328	558.9732	475.31787	673.0232
567.87976	1002.05493	566.1887	1029.1367
623.804	1044.9883	622.2528	1071.015
778.9721	425.04486	799.5021	437.80136
1016.82184	1377.9916	1015.7341	1401.0347
1027.9331	1020.99854	1027.438	1044.0094
1051.9319	1310.9982	1051.0746	1342.0297
1086.5732	1033.985	1082.5054	1149.9475
1218.8219	1439.9894	1219.0671	1459.0121
2225.0237	1113.0432	2223.0273	1067.9988
2705.2888	1004.94305	2582.3933	1017.0072
2622.4524	1053.0933	2621.3674	1035.0984
2729.9832	1254.7451	2697.9246	1256.8512
3057.164	275.1334	3050.168	231.29236
206.08919	536.08936	204.11363	560.1734
359.5145	652.6934	486.6704	689.1496
391.77142	892.05475	389.50284	924.03564
453.6881	613.06604	451.47375	636.1414
817.7511	1393.9918	816.95874	1418.0316
838.4198	1080.0166	837.4656	1104.0977
838.104	1076.2198	851.139	1077.9578
910.9482	997.9975	904.9201	1121.9475
1024.4866	763.01385	1023.32	804.0091
1095.211	1156.7523	1010.91614	1142.496
1254.3439	1069.0286	1252.0682	1175.9802
1336.9171	1389.0557	1337.831	1373.9897
1363.268	1135.0074	1362.5227	1162.042
1330.0061	1042.0448	1368.1152	1036.8442
1639.3906	868.00397	1639.6636	772.99615
1850.1583	1068.0175	1849.1427	1018.9971
1857.462	1076.9501	1859.511	1178.0099
1869.7245	1049.9668	1870.6425	1069.9706
2281.3652	1214.0308	2273.1223	1044.0426
2397.514	828.992	2397.7625	844.98816
2428.1377	1104.2887	2392.1218	1108.1388
2465.9683	1093.06	2464.4014	1040.0769
2612.5754	1142.0332	2616.151	1187.832
2629.119	1093.0725	2630.6729	1111.9446
2642.7646	400.9413	2648.5195	574.016
121.348595	953.9272	125.15214	919.9052
217.63132	856.9654	203.54396	1006.95715
360.66245	930.0569	358.08954	960.0077
945.4682	1575.0602	983.9406	636.8746
1049.4901	1381.0199	1048.6771	1401.0275
1080.602	1322.9875	1076.1969	1463.9749
1350.0417	1106.0009	1348.2354	1193.0256
1570.4451	1073.0059	1571.1691	1017.9759
1828.7576	1000.261	1895.0006	1012.997
2034.86	824.0038	2033.7328	782.0072
2354.6538	761.92285	2362.581	931.87964
2392.3284	1078.9481	2393.1116	1098.9956
2433.5593	1105.9171	2438.5107	1199.026
2517.9863	1038.0005	2517.3635	1020.02203
2625.5503	1034.8922	2626.8787	1054.0084
108.39489	832.11615	105.80362	863.23346
149.21329	36.03112	142.94476	78.991936
457.05902	906.00433	454.56168	940.0412
649.0832	974.5537	609.95166	967.2593
821.7131	1327.028	820.77264	1351.0303
840.0874	1047.3705	852.1329	1049.043
886.74005	1088.9915	885.98065	1112.0652
1217.6589	1413.991	1217.0222	1438.0006
1243.7887	907.62555	1280.9402	920.1772
1353.004	1461.102	1381.0073	1460.9994
1638.5344	1370.0009	1638.5992	1329.9977
1654.6626	1540.002	1653.3606	1313.0094
1768.0186	1587.7909	1715.9768	1589.0096
1854.4415	1502.0056	1853.992	1457.0001
1861.4797	879.0021	1861.5051	860.9993
1897.8257	898.7371	1821.8203	880.7595
2054.9155	677.78485	2023.5559	658.73083
2161.5466	787.985	2166.1313	954.94147
2393.7058	1109.9215	2395.7778	1154.9642
2450.5059	1148.0156	2450.3286	1131.007
2539.681	1486.0916	2536.8982	1446.0071
2643.88	1079.0656	2641.1265	1031.9926
2689.567	1075.1027	2686.1248	1027.0627
159.74507	1397.9755	175.05562	1238.909
595.11273	970.00836	587.71313	1069.9788
626.18243	1013.0116	624.51886	1039.1603
654.68176	946.0488	645.15656	1079.0112
816.1462	948.0078	806.53674	1128.082
1104.0856	1297.0146	995.8598	1287.6143
1037.0593	1319.0022	1031.7504	1462.9539
1173.7864	1344.9927	1169.003	1485.0343
1269.0505	1054.7653	1191.7606	1038.1108
1204.3138	1058.0116	1203.5328	1079.0569
1217.7704	1389.9974	1217.5221	1412.0059
1363.9288	1069.0004	1364.089	1095.9995
1551.342	1395.9691	1552.7981	1364.9905
1613.5217	721.9989	1613.4159	768.00323
1870.722	1081.9681	1871.6073	1102.0173
1890.8774	1016.66724	1829.913	1005.4738
2044.1226	1100.0187	2043.1665	1054.9965
2081.1663	566.57367	2059.266	572.9182
2408.3872	1127.14	2406.9858	1111.0012
27.724907	369.80194	0.4984124	360.4622
126.06396	543.09186	123.91478	567.9926
305.06418	1051.5925	477.05103	1078.6759
784.02014	1475.997	912.00867	1478.5703
933.8017	809.71625	840.47986	783.8788
894.4941	1305.9739	886.641	1457.9814
1019.2503	1317.0873	1018.3981	1339.0542
1067.6709	1092.0378	1066.4266	1114.0806
1190.0525	1414.0018	1189.3304	1435.0114
1238.4119	1123.0063	1238.321	1143.0105
1277.8507	797.452	1202.7834	772.6555
1356.5441	770.9901	1355.3918	824.0302
1841.2543	1077.9882	1841.4434	1098.0052
1860.5917	831.0084	1860.4896	813.9971
1871.3998	1107.9948	1871.6472	1127.0176
1886.2009	1512.0358	1884.0339	1402.9993
2052.7815	1401.0062	2051.434	1354.0162
2065.0757	564.9978	2064.085	530.9684
2269.7905	936.0093	2262.5967	773.06195
2292.0007	1534.0659	2264.993	1534.3696
2398.6062	851.9542	2399.739	866.94415
2450.9014	808.01166	2451.0054	790.9939
22.505579	1222.088	20.816082	1250.9893
60.61401	1418.0753	62.576855	1402.0708
280.09232	1329.7479	288.97287	1368.2369
389.14737	931.0128	380.03458	1036.003
889.74713	1031.0236	888.9572	1056.0303
1211.7404	842.9936	1211.3456	859.03314
1312.2812	1196.0048	1313.7761	1107.9962
1380.6312	1672.1799	1385.5238	1627.8372
1566.3544	1011.0059	1565.8535	1041.0143
1591.53	574.94244	1495.9739	527.05206
1832.0797	800.0002	1832.0762	781.0
1903.9613	1323.6257	1830.9313	1321.8895
2251.7712	1167.019	2253.2698	1184.9775
2379.312	827.92737	2384.2432	916.9865
2469.501	1148.1036	2468.184	1129.0564
2670.5933	1031.0262	2671.82	1050.0116
2690.1194	1084.4932	2653.1162	1087.4531
150.27377	926.02454	147.48587	957.1332
262.33838	1374.9386	258.61594	1415.0571
357.58078	964.0461	355.26865	993.18005
371.76154	487.69275	513.7976	536.5879
567.52216	712.722	681.87335	744.4563
868.31836	762.08386	856.06104	757.8244
869.7791	1396.9862	868.3427	1420.0214
912.9593	1289.4335	803.8883	1279.1895
888.00806	1018.94604	904.09674	1021.35333
1025.2485	753.1997	1051.2273	761.26825
1061.7323	1380.9838	1060.454	1402.088
1093.9763	1601.7588	1127.943	1598.42
1182.5052	1126.9893	1181.3086	1182.0284
1191.9854	1333.9615	1191.2623	1353.0479
1224.2865	1354.9836	1224.7001	1336.9701
1238.7343	1098.0013	1238.6947	1119.0013
1242.1145	1339.0024	1239.3097	1469.9637
1290.5492	1564.9907	1289.306	1625.0271
1478.7839	574.9801	1478.0314	621.01685
1545.7968	1460.0605	1571.8391	1462.63
1839.3801	1018.99615	1839.583	1039.0144
2030.899	1038.536	2077.3235	1047.2837
2057.0366	614.18445	2086.085	608.4282
2379.949	918.0026	2375.3394	828.9824
2383.9766	773.82104	2403.0422	771.32275
2452.8733	1196.0726	2452.2915	1179.0242
2375.9817	1223.6083	2489.063	1218.3527
2674.6873	1089.8932	2675.8381	1108.0736
95.83903	953.17535	92.7026	986.067
822.65326	1047.0278	821.54297	1073.0658
856.60016	737.033	855.66486	754.03656
873.2883	1331.0139	872.17426	1354.1049
925.34186	770.9743	928.30994	694.973
1014.8774	1109.991	1013.2534	1132.092
1314.1627	1104.025	1315.3461	1048.9645
1318.3362	1109.0217	1316.9021	1197.0146
1363.5664	1106.99	1363.3844	1133.0096
1835.3108	782.9783	1835.6265	802.0062
1883.7894	1392.0065	1882.282	1342.9913
1829.9954	1529.879	1907.9982	1529.5571
2026.096	781.9943	2025.9951	798.0063
2060.1165	1176.0436	2059.3252	1159.984
2069.1458	1104.0399	2067.089	1060.0426
2184.8035	853.9306	2188.1155	940.034
2200.3472	825.9613	2200.8083	842.0055
2203.137	897.99634	2203.5933	915.0109
2251.2158	1143.9951	2251.6052	1161.009
2467.7695	1125.0353	2467.1665	1104.0239
2719.9988	1533.0911	2570.9976	1531.1913
103.71351	879.069	100.60329	911.2516
125.24326	1368.9269	124.07629	1381.0073
145.78433	1001.3938	200.70723	1009.8921
326.8494	1044.9589	456.9387	1065.3903
427.05853	942.07306	425.0528	971.14166
874.8378	1303.9285	873.41327	1327.0869
1014.806	1431.9879	1013.4848	1453.0929
1049.6001	1432.9894	1049.0422	1454.0276
1068.5767	1065.0151	1068.0005	1087.0522
1209.0355	609.90155	1197.4626	605.7197
1202.56	1117.0142	1202.0305	1138.026
1182.1168	1182.2834	1273.1436	1197.1195
1355.4847	831.9716	1353.9653	913.0181
1369.5641	769.9919	1369.276	821.0072
1370.1578	1191.025	1372.02	1105.0005
1509.9839	586.99054	1510.2719	616.9878
1845.6232	878.0032	1844.8306	783.0014
1876.2124	739.9961	1878.9657	889.0191
1897.8075	894.02924	1893.5203	719.03625
2062.5427	791.98346	2066.8188	932.0361
2213.7886	843.0447	2212.2378	800.9912
2430.808	1050.0103	2433.3198	1097.0364
2504.3057	635.5328	2544.2297	661.6489
2565.1538	729.8804	2575.0386	907.83124
2717.4045	701.0384	2751.6614	1232.0219
866.0175	1113.02	866.5113	1087.9904
1045.5343	1025.9814	1040.9204	1141.9968
1059.5603	1433.018	1058.8859	1454.0604
1062.539	1346.9952	1062.3297	1367.0243
1063.612	1321.9823	1062.6931	1342.0774
1226.7485	1392.0164	1226.3325	1411.0292
1383.9843	1380.041	1384.8204	1359.9926
1549.2407	1449.9618	1534.6943	1358.207
1837.0906	1064.0093	1836.8854	1043.991
1856.1282	1019.9665	1857.6134	1070.0115
1819.9369	891.2729	1897.2004	909.133
2026.939	655.4139	2054.2485	671.58026
2151.1633	1566.072	2120.4016	781.0626
2222.927	848.94354	2225.479	936.01526
2233.2456	1120.9501	2236.8582	1211.0057
2367.7314	1035.0565	2375.5308	1209.9763
2439.992	1405.8065	2437.5671	1380.8478
2445.9915	1342.9928	2456.912	1329.9265
2606.279	1034.9805	2607.75	1056.0175
117.367714	989.9238	121.35836	956.8022
424.51956	976.12177	422.19144	1005.1756
487.89487	575.99634	488.7631	550.9571
863.8879	988.9938	857.0737	1112.004
871.2186	1368.9623	870.1503	1391.1038
999.1018	1155.3328	1106.0533	1171.65
1199.1316	592.4286	1179.9954	588.01996
1829.1266	887.4266	1895.2164	902.01996
1910.7504	1522.03	1905.9409	1322.0015
2010.5619	754.036	2012.6984	780.0248
2195.1355	1122.9172	2198.6252	1213.0145
2239.4568	871.0329	2240.5435	888.9671
2247.3499	1067.8557	2249.2864	1085.9694
2395.146	776.99603	2395.5825	793.01135
2609.5337	1092.954	2611.3474	1113.97
2718.2551	1198.1146	2705.5044	1004.03253
524.0327	1084.7905	673.96466	1108.2262
649.8041	981.1584	608.6289	974.1941
802.1762	1363.0085	800.91736	1389.0925
867.8022	1424.0237	867.12164	1447.0626
870.00244	1449.1908	882.0024	1449.2275
1011.65247	1053.9899	1010.15717	1105.0339
1066.0027	1368.9557	1073.0974	1369.3833
1110.7118	1010.33795	1005.8392	987.7467
1206.6962	1335.9927	1203.5034	1468.9641
1219.2188	1061.9801	1216.4749	1170.0121
1242.4424	887.0893	1243.2556	873.9539
1364.3585	1042.9951	1364.4447	1067.002
1639.9047	771.3419	1612.1969	775.3582
1835.8075	807.9907	1836.015	826.01135
2059.2778	1409.9694	2061.6091	1507.0094
2064.3408	1184.98	2064.6104	1203.0059
2293.8062	1453.0073	2292.739	1424.9338
2650.3245	1030.0426	2653.4165	1079.0369
32.00628	1307.1067	44.961403	1306.3442
542.87335	1077.7765	655.9644	1096.2184
1003.72614	1300.015	1002.3849	1365.0286
1012.33856	1000.9956	1012.4731	1042.0017
1056.6539	1116.9939	1056.2467	1140.0221
1372.2467	1096.0015	1372.6086	1034.9977
1832.7366	824.01105	1831.9829	806.00073
1867.5648	1126.0046	1867.5032	1107.0016
2013.6779	815.0042	2015.147	926.99805
2062.6106	1113.9979	2062.6724	1132.0011
2352.999	1583.022	2300.0027	1580.9338
2634.4932	1167.8905	2635.8118	1185.8671
2850.1682	1149.3291	2801.9797	441.93326
64.223076	1381.0327	66.727165	1363.96
100.241165	916.1431	96.459114	948.9376
104.98423	1273.9868	122.01124	1273.7217
678.2121	1380.9323	676.92804	1357.9481
843.8069	1302.9896	835.5787	1455.9773
872.00104	1419.9751	880.0288	1420.3105
913.286	1478.0142	923.121	1279.9067
1097.0946	1306.8478	1003.9021	1299.1915
1246.6622	852.0111	1246.3597	870.0228
1264.026	1182.8402	1192.7972	1171.2454
1292.992	1217.8948	1379.0271	1211.3574
1838.7456	1147.0398	1838.1722	1128.9628
2063.4558	1161.0103	2063.794	1179.0227
2676.1199	1113.9325	2677.271	1133.044
0.75897104	364.66306	23.080893	372.77747
138.74686	8.544729	152.83852	0.70956355
182.54652	894.0494	179.7267	925.24646
57.750534	1003.62494	215.86201	1027.8988
453.89	944.9142	446.07764	1045.9287
874.2083	713.7252	840.97906	704.07214
888.5836	1060.0298	887.35913	1084.0183
1005.8463	989.0387	998.3045	1154.0596
1226.1464	1417.0015	1225.9501	1436.0201
1377.0653	820.00165	1378.6422	756.991
1573.0243	881.00244	1573.3829	730.99854
1836.3408	856.98346	1836.563	875.0054
1841.3901	1103.9922	1841.4966	1123.0028
1872.8514	781.03906	1871.3878	737.9868
1826.8512	708.5124	1887.9282	726.247
2225.1692	1119.5677	2195.0876	1122.8125
2396.2878	798.9706	2396.6533	814.9851
2407.9946	1055.0004	2409.299	1072.0536
2542.7036	1428.5634	2506.268	1409.3911
2680.1995	1163.9924	2680.9238	1183.0029
836.93915	1363.093	802.9888	1361.2019
937.98175	973.0854	816.7565	947.1379
945.11414	823.9629	951.1059	680.9625
1026.0474	1044.7623	1039.1255	1047.3706
1087.6643	1113.9874	1090.4996	1037.9813
1326.3269	777.9788	1324.7219	829.05414
1350.9325	1043.9993	1350.2802	1100.0149
1375.5002	910.0255	1376.894	827.99817
1578.289	727.988	1577.4917	775.02527
1883.0511	1026.979	1886.1636	1182.9967
2053.2166	613.9906	2054.3474	640.0283
2058.2075	1354.9728	2059.266	1401.994
2206.5635	1089.0107	2206.4282	1071.0118
2390.2983	1054.9769	2391.85	1075.0116
2418.038	772.9984	2419.8008	814.9664
2539.025	1380.2473	2527.005	1379.849
1312.8542	1399.978	1311.8392	1452.997
2026.5573	804.97424	2027.2534	820.0345
2017.7084	762.988	2072.9155	779.28613
2044.9594	1412.9988	2044.9794	1429.0
2180.3516	851.98883	2178.9873	808.9687
2263.0269	1118.0055	2232.0225	1118.8353
2395.9297	1157.0034	2396.9404	1178.0029
2413.1602	1157.9023	2414.596	1174.9498
2540.7114	668.8511	2395.4749	567.75433
2886.8848	1599.1722	2853.1648	1184.9866
800.5639	1390.9928	800.1827	1414.0195
1019.9995	1366.0574	1029.0076	1366.1357
1257.0103	1322.8842	1181.8918	1316.2191
1228.1681	1336.9672	1227.4552	1355.0574
1428.4656	1621.9781	1427.6029	1643.0247
1577.8354	877.9158	1604.8207	873.8189
1613.7505	767.63916	1639.0018	763.00977
2040.0826	782.9666	2041.4407	827.0173
2049.6826	1054.9861	2050.6377	1102.0277
2170.591	1052.9473	2176.3577	1226.9882
2213.1821	850.5981	2186.0781	853.6863
2199.9644	1066.2987	2214.9763	1065.5347
2247.065	949.5739	2180.0168	957.1491
2286.0874	1424.9908	2285.916	1442.0093
2645.1619	1087.4873	2609.1533	1091.4077
1463.5752	1378.9943	1463.1262	1412.0017
1578.8308	774.00543	1603.7888	769.75903
1639.5322	762.002	1639.7396	707.9952
1836.1923	831.9967	1836.5177	850.99115
2035.1385	854.4723	2022.9302	851.26587
2027.0598	1219.5436	2094.088	1228.33
2197.0193	842.0935	2196.2612	826.03485
2199.2476	804.93964	2200.0266	821.04706
2201.5332	854.9835	2202.0286	871.02997
2265.9756	1397.3035	2275.9915	1398.1064
2607.4927	1059.9515	2609.5552	1080.9454
704.46497	1354.4806	687.86926	1344.2113
887.01105	1365.7649	856.0326	1364.3075
935.2253	1578.0051	935.10535	1607.0045
997.3205	631.1186	1301.706	741.80817
1310.4407	1526.0117	1307.052	1654.0543
1355.604	1370.0963	1350.0338	1405.0054
1614.1842	1654.0118	1617.274	1606.0177
1824.3317	1315.0225	1827.2212	1530.0105
2028.5839	672.1715	2053.3645	680.97345
2070.815	1112.0244	2030.0618	1104.658
2183.2795	805.9483	2184.9377	847.0025
2453.7488	1130.8922	2454.8079	1148.0735
2691.7263	1109.0181	2690.2083	1086.0524
179.05533	930.0967	176.1155	962.1938
651.95074	1046.9249	659.6142	939.90076
1001.64996	1375.9926	1001.13617	1400.0243
989.9933	1481.3291	1031.989	1480.9083
1106.1	857.6398	1026.8248	835.6311
1185.3801	1028.9613	1185.8566	1045.9761
1386.0137	1626.8618	1410.0234	1626.4824
1829.9692	1006.00037	1830.6528	1064.0159
1837.7605	1097.027	1837.3242	1076.9712
1838.3235	1123.0303	1837.4255	1102.981
2032.0491	1497.0013	2031.3218	1523.009
2059.4343	829.0326	2057.186	789.9893
2083.3433	1411.9917	2085.7942	1513.005
2250.9585	1122.9999	2250.9324	1138.9999
3069.699	249.01442	3070.6548	268.96863
579.97125	1579.2334	594.01025	1579.5605
807.15765	1127.9252	930.15204	1145.9634
2037.1646	830.3455	2020.9332	826.26575
2050.7678	788.00665	2051.2256	803.9935
2051.0447	1108.948	2053.4368	1203.0143
2073.9705	1115.0009	2076.567	1207.0122
2095.0251	1217.8225	2027.9518	1208.3414
2212.444	1125.9794	2213.1404	1140.9935
2238.3772	851.90015	2239.464	866.89386
2260.2632	1527.9261	2261.9941	1581.0002
2411.5112	1198.012	2411.382	1182.005
74.402176	1268.9889	74.84639	1285.032
443.0178	1045.8861	409.06412	1040.589
608.0874	1037.5035	621.03796	1039.7844
1570.0415	1375.0989	1558.021	1374.545
1850.7587	729.9858	1851.6404	777.0067
2060.3618	532.98285	2061.8792	565.05304
2234.777	837.0319	2232.473	820.9323
2236.5825	889.10974	2235.262	872.0571
2249.0647	845.47955	2223.131	848.9739
2267.1946	1388.3512	2254.7021	1395.2683
2449.581	786.9634	2452.1196	757.92303
2456.4795	1178.9635	2457.7773	1196.017
2695.1074	1158.9927	2691.8413	1111.0107
2703.6501	699.0216	2736.5413	1232.09
296.89664	1362.9758	296.16968	1335.9685
1264.8636	1314.2982	1175.8998	1304.9537
1420.9861	1364.1359	1457.0089	1363.5569
1573.0	1451.9963	1551.0	1451.9906
1840.3555	1045.9827	1840.5986	1065.018
1871.9513	1159.0017	1872.5951	1177.0145
1905.5249	1195.0131	1900.3618	1007.0175
2045.8954	1437.9987	2045.9194	1454.0001
2053.5066	641.8178	1700.219	428.63712
2211.2449	1093.9541	2211.8743	1111.0046
2521.995	1376.0458	2506.9526	1374.4456
2678.1536	1138.9424	2679.1072	1158.0446
62.936646	1635.8552	65.512085	1616.9336
1073.2949	1053.7811	1080.1364	1055.4366
1289.7263	1627.9421	1291.3998	1648.9681
1605.3607	777.0284	1578.154	781.8663
1613.7874	872.7128	1638.9271	868.5587
1839.1288	1173.0367	1838.3243	1153.9863
2068.9026	782.32416	2019.8281	767.57153
2078.1277	584.4616	2059.8643	589.5087
2196.3137	821.9819	2195.3381	805.096
2230.8955	1067.0055	2233.278	1111.9323
2407.034	1076.7742	2393.017	1077.3903
2441.8413	1433.1061	2440.0825	1413.9009
2670.8123	737.01294	2680.241	873.9834
101.39015	4.9216332	76.24055	15.568222
856.1444	731.5306	869.1448	735.5293
2058.2368	836.1412	2043.9445	832.20154
2198.9458	1114.2269	2221.973	1112.6125
2209.9507	1071.8995	2210.7832	1088.0626
2536.0852	686.326	2396.8198	590.26135
2826.7705	1020.9336	2825.3088	1003.9734
15.128684	1611.1627	11.23381	1638.1779
163.86734	1253.1578	165.37262	1244.8859
1207.3606	876.0777	1208.11	862.9492
2044.0819	1379.9994	2044.2079	1398.0055
2061.3264	1083.994	2061.6555	1102.0245
2084.0786	939.6793	2018.3469	923.5832
2066.8167	1399.0201	2066.5103	1380.9913
2263.5637	1109.0194	2261.2942	1058.0314
2307.1946	1344.0339	2316.7292	1570.0536
2377.6064	780.0189	2379.4807	818.97687
2616.0	1188.9816	2651.9995	1188.8457
9.487528	1393.0514	6.0928955	1425.2208
14.200607	1317.905	10.251851	1351.1487
919.3036	728.35986	890.07806	719.7355
1015.67474	1405.0267	1014.8034	1427.0319
1261.9982	1521.0009	1283.9999	1521.04
2220.632	800.9693	2222.5789	841.02045
2633.0657	1143.9973	2633.7651	1161.0096
2823.5525	1119.9612	2816.9558	1025.933
125.02567	1324.624	101.001114	1322.9836
1030.035	1376.3657	1002.00995	1374.8196
1904.1439	1193.9468	1826.9459	1183.3956
2130.877	618.002	2130.4543	592.00885
2198.7373	893.036	2198.2808	877.0205
2273.277	1044.874	2171.4526	1054.6934
2411.3174	1110.9053	2412.477	1127.0376
2611.3691	1117.9069	2612.8691	1139.9408
2829.2166	999.9838	2862.3242	1443.0505
3070.4429	0.9990078	3070.533	132.00032
100.12561	1323.8994	96.540245	1355.0621
133.80846	45.412437	83.89266	22.231127
1200.8734	772.0161	1201.4026	809.00854
1281.0718	1526.0757	1269.7577	1536.7994
1497.9996	1347.2603	1410.9973	1347.1503
1488.9794	1361.9175	1495.6527	1441.1135
1883.4703	730.7367	1826.5775	713.3852
1832.9971	849.03015	1832.4543	830.9863
1871.6866	1133.003	1871.8754	1152.0111
2045.8801	1462.985	2046.1375	1478.0148
2466.766	1448.4177	2441.0015	1433.9976
121.66248	1404.9789	120.842606	1418.0529
148.17407	1382.0269	150.04822	1369.8535
878.00104	1327.9343	885.0152	1328.0459
1191.008	1038.9866	1191.5297	1078.0197
1444.0094	1459.6599	1422.9978	1459.0806
2053.804	579.9367	2053.0818	605.0024
2073.4583	1486.9894	2073.854	1504.0034
176.78957	529.0575	175.33607	549.0245
535.8884	236.1927	556.06995	247.87924
938.97504	1607.5051	951.0452	1606.8955
1290.5833	1329.0026	1290.4272	1364.002
2051.3752	811.97046	2051.6987	827.02795
2193.2197	1070.9447	2195.2175	1115.0354
592.058	963.7067	548.96295	955.1874
1025.1077	591.73975	1012.2401	586.4193
1608.4778	1464.6207	1617.3389	1499.143
1842.0962	1155.9647	1842.6775	1174.0104
2202.6838	875.99817	2202.5857	893.00916
2286.4436	1394.9364	2272.5835	1386.7009
2435.7957	1559.0092	2427.955	1385.0021
2714.179	1463.625	2735.5596	1473.827
10.054572	1356.0057	6.701677	1388.1774
329.47726	1331.5212	309.66467	1319.5552
600.9098	1550.064	598.235	1588.0869
1075.0149	1378.6215	1049.0159	1377.5961
1193.4111	852.01917	1191.5448	892.0254
2089.6226	589.45905	2123.366	603.09406
2375.3418	823.979	2373.0706	786.99567
2851.425	1355.967	2844.0667	1260.9175
0.9777923	1453.0094	164.00888	1456.5961
376.1063	1035.321	329.9844	1028.0996
856.9157	1021.4789	824.2245	1015.72455
931.1159	1145.9606	938.79395	973.9908
1060.6315	1407.023	1059.8666	1428.0679
1609.4109	1677.0417	1611.456	1656.9446
2035.8811	1080.0018	2036.149	1097.0134
2598.9084	1449.0061	2596.9758	1420.0016
2627.015	1059.9108	2628.6172	1078.1217
2698.478	1277.0607	2714.0156	1284.9694
1190.7765	1088.9724	1189.6718	1137.9926
1297.1163	1392.5422	1308.866	1395.5276
1573.8762	1176.7405	1600.9099	1174.0836
2061.0437	1060.0002	2060.9333	1077.0061
2083.725	933.0524	2077.1409	773.03534
2190.887	1120.0042	2189.2607	1076.0643
2235.5942	866.07434	2234.8474	851.9552
2398.0369	1202.548	2428.0356	1200.5299
2451.599	1077.988	2451.88	1092.0024
2672.8062	1055.8914	2673.956	1075.0027
2719.1165	1384.8236	2729.298	1391.5485
1817.3446	698.9715	1819.1887	785.996
2249.428	1207.1011	2248.395	1191.039
2550.878	1566.0071	2546.5322	1491.0271
2578.3892	1379.5446	2567.9863	1386.9808
1039.8694	1056.7601	1014.91895	1052.4718
1539.8589	1365.0149	1542.1952	1387.0852
1831.269	1102.0282	1832.0776	1122.997
2053.993	1408.3816	2037.9984	1408.0825
2183.5864	941.01465	2180.5059	853.9821
2194.5498	1217.0186	2190.745	1124.9692
2230.9844	935.891	2253.9424	932.59766
2332.441	1037.9926	2332.2288	1054.003
2410.029	1077.975	2410.4688	1096.013
2626.065	1111.109	2625.1538	1094.935
2828.5671	1132.0339	2832.408	1180.968
855.9952	1354.7075	868.99164	1354.4932
1097.5588	867.1727	1115.6344	873.9719
1378.0652	1324.4622	1291.104	1328.3358
1375.9447	1452.8169	1350.924	1451.1224
1550.4723	1316.0035	1550.3651	1360.0009
2081.5386	1360.0195	2083.571	1408.0182
2511.5366	1443.0437	2509.6392	1422.9397
144.80605	1419.1073	146.42734	1406.9238
1859.9465	773.00055	1859.7996	758.99164
2197.915	870.0101	2197.7852	856.0113
2215.308	1193.0038	2215.0999	1210.0258
2249.9214	1090.0067	2249.7898	1108.0131
2443.0579	925.41907	2470.0945	921.6847
2599.9421	1206.0532	2675.028	1201.4596
2820.8613	1027.8569	2827.95	1120.0807
1.0179676	268.9506	985.6575	626.94214
1178.4862	1413.9888	1178.3381	1434.0026
1832.9717	1330.9683	1834.6711	1383.0107
2072.1208	1437.9985	2072.0913	1455.0001
952.2746	1604.829	948.34564	1575.551
1039.9065	580.1967	1009.1929	565.5943
1036.1173	830.54736	1046.2167	833.16345
1083.801	598.43494	1049.6315	582.8056
2047.463	802.0021	2047.4056	786.9985
2067.6204	1427.991	2067.4175	1413.9795
2086.478	609.45807	2128.7852	624.6004
2123.8845	617.3051	2084.8076	602.5081
2530.9924	1470.1534	2519.97	1469.6084
2671.699	1108.1342	2669.9321	1091.007
1836.0298	1038.0001	1836.126	1018.9956
1841.9613	1130.0007	1842.275	1148.0126
2048.1548	822.02216	2047.839	809.978
2077.6555	773.19025	2014.4495	754.90283
2406.0498	1096.0948	2405.1736	1078.0889
2581.9985	1015.94604	2591.889	1198.952
96.42572	1399.0391	94.21849	1423.1117
1313.9545	1452.8757	1336.2563	1444.6991
1843.2162	1501.0063	1842.8654	1458.0011
2072.2322	1065.9915	2073.8086	1109.0436
2436.6113	1455.0977	2440.941	1561.0433
2577.0168	1587.3004	2539.015	1586.3859
2839.5662	1193.9569	2834.9246	1132.9297
1024.057	1111.0305	1023.42035	1133.07
1127.1166	613.6793	1089.9397	600.1659
1545.0139	519.02185	1530.9725	527.9568
2043.7751	1356.9916	2043.9158	1370.0009
2046.8722	1486.9955	2046.9597	1504.0002
2071.091	1413.9536	2071.8167	1431.0078
2072.9954	1462.0	2073.0234	1479.0
2408.7073	1151.0028	2408.5522	1135.014
2713.2534	1352.5458	2729.9119	1375.3334
915.898	1015.9992	916.0871	991.9928
1395.0392	1360.7524	1411.1113	1363.2963
1795.4939	522.2173	1780.968	513.0508
1826.0474	1195.58	1904.0712	1204.3687
2090.1025	582.7483	2122.091	595.7767
2250.9731	814.9995	2251.4604	787.9903
2585.764	1432.0753	2591.4346	1449.8615
1394.999	1464.9312	1382.0016	1465.1139
2070.7083	1381.9955	2070.4424	1399.0226
2516.3599	1420.3069	2533.8103	1429.3655
2728.0283	1206.8187	2720.0034	1207.0968
821.7689	1121.4634	889.9633	1132.2324
905.9045	1031.4854	878.77466	1026.1448
1080.9294	1064.5391	1068.0198	1062.8485
1400.6768	1436.5928	1383.019	1426.9651
1853.9058	1452.0005	1853.9181	1431.0
1445.9741	1648.0256	1461.8925	1664.1064
1459.9374	708.09033	1468.8269	714.2498
2122.6958	606.2208	2087.5903	592.49084
1113.4653	769.0172	1114.2441	747.97205
1832.7303	768.0158	1831.6731	749.9606
786.92633	437.10144	777.0512	429.92944
1179.1536	1388.9907	1178.9227	1409.9991
1611.9541	1173.6373	1636.934	1170.4777
1831.7698	1126.9607	1832.796	1147.0615
2063.266	1138.001	2063.2053	1155.0007
391.6766	1342.0022	357.09436	1382.2213
1740.6785	655.04297	2119.7236	771.8967
2834.2415	1126.9863	2832.54	1096.9694
150.00612	1424.9996	150.90385	1442.0051
1323.6632	1391.0162	1324.1033	1372.9781
1819.2114	855.9719	1818.2496	883.00885
2059.5964	1150.9886	2059.3306	1136.9938
2501.0889	1382.5675	2514.9067	1380.4043
2596.3457	1387.2068	2583.0117	1379.9783
2207.224	1111.1724	2205.6484	1094.937
2060.9075	1197.0443	2060.4585	1185.9814
1830.8793	1074.9869	1831.2206	1097.9967
1834.3496	1399.9907	1837.1271	1504.0233
1240.667	1592.899	1242.5092	1605.0742
2623.9893	1078.0933	2623.1514	1060.0394
1575.1147	1447.7555	1606.6709	1462.5712
2446.8013	1093.1261	2445.104	1076.989
1550.0228	1398.9958	1549.8672	1436.0037
1825.332	713.01587	1826.0923	744.9978
1898.4971	1008.7462	1826.7073	995.59796
2066.4277	591.4624	2080.785	587.2643
2392.9634	815.1447	2391.893	800.0787
135.59717	18.814966	150.02617	25.947044
2189.873	801.2264	2205.933	798.5923
2577.708	1395.9467	2578.5425	1407.0344
324.28476	1616.5879	336.1487	1624.7848
1341.9601	1360.9979	1341.3867	1372.0201
1345.102	1463.9496	1338.1727	1449.9147
1458.0704	1364.0012	1457.8734	1375.0156
1488.168	1443.4702	1482.4242	1430.8076
2159.7607	1578.1273	2153.4363	1566.2361
2265.7434	1162.9703	2263.9875	1119.0005
1428.4885	1583.9803	1428.9097	1572.9966
2111.6917	779.01154	2141.4795	1575.1317
632.9745	1590.2239	621.0158	1588.8611
1318.2596	1497.5039	1307.6373	1460.8154
2068.548	1450.9902	2068.333	1438.9762
25.02789	1250.1553	34.01809	1250.452
34.019066	1392.5131	20.96078	1392.0017
2244.5317	1105.0189	2244.005	1091.9998
1433.0023	1640.0	1433.0162	1630.0
2450.6365	1459.943	2451.5322	1469.9524
2058.8901	572.5472	2054.671	579.4123
1259.1553	1612.9855	1258.1359	1602.0808
1359.2075	1346.7207	1344.0269	1351.0931
2254.123	1193.0044	2253.622	1207.0579
2706.7263	1216.0374	2708.9224	1232.147
1537.8055	1356.0609	1533.6478	1342.797
1832.3973	1153.9652	1834.065	1172.9943
2253.0486	887.0067	2252.9138	867.9935
1513.0353	1461.3586	1496.9739	1460.4766
2239.9434	1211.2397	2266.0962	1209.289
412.02496	263.9522	421.93256	269.12906
1200.0203	817.9841	1199.4172	855.0068
1832.4811	870.96576	1832.8186	855.9959
2732.1438	1226.9734	2728.6357	1208.0676
1546.0109	1466.5737	1534.9926	1466.2925
1602.2673	1691.0853	1605.5344	1680.8513
1863.9595	737.0017	1864.6841	754.0134
2267.2097	1205.0581	2266.0337	1189.071
2457.3767	1378.9066	2461.3433	1394.9149
156.46272	1278.9669	157.32527	1291.0482
2668.4976	1072.0018	2668.4407	1056.0055
3058.816	231.9308	3060.2617	248.97778
2468.3691	1428.936	2471.1475	1444.9745
1650.0201	1546.1885	1641.8992	1547.059
592.9857	1373.0095	585.42633	1361.7147
