583.4739	575.9773	584.3378	555.9714
3070.178	548.5885	3011.7717	566.24475
280.90277	524.5211	350.10602	537.43176
350.167	535.09644	282.08972	522.5145
580.91034	616.9372	582.35266	591.9051
549.58685	634.9069	552.80963	585.9875
139.13773	495.26178	65.102646	481.4498
568.64746	311.3977	-0.9132049	169.68965
434.12903	551.31415	368.98865	539.0604
250.99374	250.025	294.99155	261.03384
280.12473	591.2984	340.1824	601.9738
556.01587	611.9128	580.1281	616.29504
826.9262	622.9975	827.6306	601.9876
348.21625	244.11575	287.91016	229.36739
555.89386	577.5753	615.8818	588.641
661.1839	592.98425	661.6456	569.01245
577.1571	672.01135	578.8279	648.9152
1129.5923	682.99365	1129.9032	662.983
61.997513	553.01447	127.13708	564.20184
615.11194	586.40497	554.9827	575.09186
659.04474	629.972	659.71893	606.96246
64.85839	483.75845	140.03824	497.79517
589.7823	286.6737	514.2395	262.259
1128.249	745.98535	1129.2056	696.9845
1268.109	713.0293	1267.3828	690.9545
109.64196	218.34454	0.39964095	189.25455
236.08954	244.63171	188.95792	233.17311
368.93463	541.34863	434.26288	553.59796
553.1344	640.24396	607.20325	649.85693
1324.9475	722.00854	1324.777	701.00183
45.08146	477.56873	0.9558037	469.23398
226.89246	238.42868	126.912735	213.34787
198.91104	923.7353	270.94547	932.4508
193.97728	861.1874	269.95123	870.40204
311.38696	564.94714	313.4627	540.8675
366.19736	606.859	424.19202	616.8898
351.08218	541.56696	280.95114	528.2574
579.0455	643.941	580.53143	619.9092
615.151	592.1826	553.84143	580.85846
630.13794	654.19763	683.11914	663.307
0.85901946	471.7772	46.00604	479.9667
46.218918	483.74106	0.6830377	475.82275
306.2167	624.944	307.94052	600.85266
357.89825	270.42038	311.9292	259.2925
401.17987	583.0224	427.21832	587.81354
903.9965	156.07219	899.8783	212.91873
1537.9197	763.02435	1537.4902	743.98895
2899.1226	818.6662	2874.1497	816.37146
283.92773	561.38495	341.16327	572.1303
802.2161	656.9058	824.15045	661.23816
1067.739	671.0148	1067.4929	650.0059
2293.4907	605.57245	2337.5864	589.841
65.03706	521.7925	130.10458	533.4145
549.8195	669.02734	605.2181	678.7586
557.99585	573.021	611.09973	583.4943
896.6644	636.9985	896.75824	616.0034
63.063866	490.6499	139.70258	504.63043
0.82559556	412.8763	163.93266	445.33835
140.0838	501.54102	64.23847	487.69382
370.17377	577.1539	399.18246	583.1116
366.86	547.7539	433.9597	560.21704
435.26535	557.6044	367.85037	544.78705
498.05658	257.8383	546.69885	274.8606
606.8307	652.9487	551.799	643.126
606.3967	678.96063	611.75165	596.9185
656.9307	657.9383	658.26056	634.8996
823.556	687.97546	824.8284	664.9353
894.98956	674.96844	895.73895	650.96063
290.85608	934.2583	358.99408	942.0517
585.1116	617.36676	608.1024	621.4189
825.1632	660.976	825.82196	637.96625
873.1033	670.404	894.16406	674.05316
1065.5933	731.9885	1066.9218	684.96954
3070.6284	687.9997	3070.193	1253.0001
270.06314	929.4377	200.04773	921.575
268.87173	200.50815	308.14618	210.42085
608.0611	624.6751	583.7909	620.1122
634.3206	626.2737	685.23584	635.73004
1540.6749	1139.9972	1540.7305	1113.9951
58.10809	584.3695	125.99856	596.0084
331.781	280.9024	142.0346	234.85736
280.93692	879.5218	199.91208	869.7273
286.05847	520.6906	347.14484	532.2335
341.91168	575.46985	282.7465	564.34863
683.8839	666.65393	629.8127	657.0553
685.0548	638.70166	634.90936	629.49365
1027.0127	1653.6274	559.0232	1663.1411
829.1683	662.1003	849.21515	665.84973
1266.6027	793.9557	1267.2378	773.9441
2481.593	538.9105	2177.888	652.3765
2896.1335	792.6941	2870.8865	790.1102
2932.9717	823.2433	2905.8733	820.0873
3036.2266	626.8908	2480.8303	539.07275
276.11984	621.32776	339.07968	632.5531
271.17892	470.56384	457.001	503.99448
424.961	620.221	365.85977	609.7949
372.17175	537.0987	432.09207	548.5168
655.01483	686.9309	656.699	662.9088
1527.0309	1109.4249	1540.0471	1110.1254
1538.7576	818.02264	1538.4287	799.9922
1592.0981	1079.0066	1591.9069	1053.008
2677.055	1182.1438	2645.9263	1180.1504
127.90465	567.5555	60.821407	556.0404
130.8506	536.82904	64.832016	524.9322
340.7664	605.2849	278.8142	594.02185
280.94437	531.2918	349.91525	544.44434
394.63214	609.9683	396.61905	586.88116
397.03882	581.93195	398.8093	556.9157
400.3289	539.94946	401.90717	518.993
800.1264	684.3048	823.0944	688.48047
892.64075	726.9313	893.7506	704.98737
1064.9122	757.96967	1065.5266	735.95886
1319.9006	1086.9767	1320.4728	1059.9677
1.0030887	541.98267	32.08477	547.52454
0.96444833	479.2078	46.81986	487.05295
159.82394	446.8889	66.903984	428.48474
314.90018	524.9316	316.2675	502.95444
623.9342	546.3217	554.95703	532.20996
610.8386	596.85394	586.7539	592.3022
795.11597	1029.9027	818.0709	1032.3291
1540.7225	1111.0082	1540.5569	1085.0028
1588.0023	772.0265	1587.5233	753.9861
4.011918	189.95041	37.027756	197.8845
96.689705	525.884	98.90207	500.90277
168.12883	443.35223	0.7873263	410.0693
295.0502	929.5817	324.1117	933.0692
497.97614	1304.5598	570.01575	1307.6313
581.94415	591.2849	557.8887	586.56757
553.86847	583.7087	614.81104	595.0182
602.80145	917.5697	656.947	924.41864
627.9965	651.99976	631.27026	600.9532
683.70734	691.9827	688.49316	610.9111
824.69794	664.5044	800.85596	659.71735
822.3435	713.9716	823.2526	692.9245
1267.0531	770.9864	1267.7299	723.9817
69.081955	479.56982	136.12517	492.34305
387.77072	883.8768	189.55284	859.66003
320.08557	1019.9894	347.0615	1022.274
338.59573	631.9659	345.78052	546.89703
392.33475	639.9467	394.26447	615.86096
827.23083	689.52875	848.18567	692.8166
849.75586	669.20087	827.8482	664.74664
1541.4689	1168.0153	1540.7783	1144.0063
2902.0127	844.85425	2877.027	842.6879
0.81768966	895.56866	61.050102	902.5689
1.9624441	510.203	35.122528	516.3377
63.833233	1165.1267	36.08149	1170.4266
183.06062	240.77594	210.91554	248.31218
196.11865	1007.7413	225.05011	1010.46844
194.59023	868.33453	283.7189	879.28735
241.02551	1368.0149	303.00983	1369.6204
302.82773	241.67598	273.92133	234.30867
359.05124	939.5474	292.00482	931.9573
364.03986	636.7661	422.22482	646.6805
427.01727	590.9044	368.7517	580.3737
612.49347	583.922	613.6811	560.98346
1261.9838	1040.9863	1262.3616	1012.9779
1261.6278	1080.9998	1261.6487	1053.9989
1538.6562	841.0089	1538.53	822.0031
3017.3904	690.95966	3069.4087	684.0987
0.8748116	901.20245	64.90951	907.86914
0.72166896	574.5405	30.029688	579.8357
134.97545	1373.69	213.01895	1376.4678
358.92307	492.3795	281.08112	476.59982
373.98624	891.11176	296.92374	881.6191
2930.0735	797.4109	2902.8733	794.0139
35.083126	583.1352	0.7276979	579.83307
35.83409	519.8705	1.7384745	513.3722
132.96083	506.20627	102.90518	500.49936
628.2451	682.6012	683.1367	692.2199
820.3511	985.96356	821.8692	958.93646
922.1219	643.0027	922.5645	622.99036
153.86143	451.70068	69.787476	435.07468
235.98994	1400.734	268.0038	1400.4799
288.15173	1016.5512	319.1262	1019.79486
308.84647	594.9878	310.76605	570.9017
324.10843	981.98444	351.12082	984.8684
284.46826	875.56396	377.92432	889.5073
545.1229	957.94763	546.9151	927.93524
517.0587	1002.4255	571.1075	1007.94806
579.9228	619.4352	555.7953	615.15375
894.9165	677.4604	871.7711	673.2617
899.1499	675.1308	918.1036	678.3995
1324.1068	1087.8922	1339.1597	1089.3439
2751.9417	1348.0055	2652.967	1345.1306
184.29807	178.22792	251.87747	204.3174
204.07233	919.34796	268.06137	926.44666
200.13596	968.7705	230.10127	972.08417
631.893	588.0588	633.2827	566.95276
598.111	1010.96436	650.1561	1016.54395
823.8442	691.8558	799.73303	687.4664
885.0043	206.95279	884.1505	224.95972
890.91235	168.93684	903.0827	157.08492
1072.001	707.9948	1088.1565	711.2153
1260.5774	1142.9728	1261.0754	1116.9823
1319.5992	1117.9951	1319.9175	1091.9867
1324.7307	782.00494	1324.5485	734.994
1538.7137	795.0119	1537.9225	776.00323
1544.3762	1084.988	1544.6013	1111.0034
1545.0635	1111.1266	1558.0675	1112.0717
1735.9153	832.0194	1735.5928	814.00726
2466.3494	528.9493	2327.637	580.0136
24.045912	950.4881	54.073433	953.1813
90.16943	588.91693	92.77416	562.8774
68.82072	431.90244	159.0347	449.82535
290.10953	978.72876	319.0669	981.2236
371.75592	492.20218	451.90366	508.47452
715.6762	554.6002	546.71454	520.4107
625.53455	966.9272	626.9739	937.94904
625.0854	1050.0524	647.087	1052.0349
847.96094	696.21906	826.9169	692.4663
848.71924	720.987	852.3764	641.9249
853.259	629.00507	853.6873	607.01337
894.0587	700.9709	894.77026	677.962
1045.2759	703.3675	1065.2135	706.73615
1324.0997	1118.719	1339.0868	1119.8864
1588.6158	850.0014	1588.5491	785.0005
2467.3765	369.6141	2041.5374	561.1944
3070.4985	553.99994	3070.4858	626.99994
59.979	427.10608	0.7271637	415.37845
99.789154	500.09906	68.77935	494.1502
337.92773	1288.5106	131.01855	1278.612
0.7648312	219.00357	512.0438	338.81296
231.08421	1011.1656	259.1016	1013.9933
266.31793	1393.1442	267.97495	1377.9973
318.98334	1422.8593	123.979126	1419.0757
284.08133	1055.0979	346.0287	1060.6816
459.91815	502.4018	271.7795	464.08258
543.129	1041.6846	568.0851	1044.1327
802.8384	620.7458	853.28656	631.6775
918.8422	681.83435	898.8024	678.0447
1244.1505	1079.4193	1260.1011	1080.938
367.98016	538.0654	369.6543	512.9769
431.47888	547.8817	433.26266	524.9427
553.7099	573.04913	555.1017	552.9378
587.8433	556.0944	586.7164	578.08795
683.8587	920.2479	506.63998	900.1791
897.1817	701.9021	917.1318	705.2038
1127.4742	769.9844	1128.1305	747.94434
2935.0913	849.20026	2909.8494	846.32056
0.77984166	947.506	23.035166	950.75946
32.87972	550.73816	0.75501454	545.5034
0.88336647	1029.4303	48.058945	1033.2771
20.02788	990.6455	50.07795	993.0089
101.12378	483.93356	102.643196	463.8971
191.14024	1046.5553	255.11978	1052.7661
235.94812	889.39954	207.90155	885.75824
258.04514	190.8141	305.1795	202.26085
179.81297	847.4507	398.05328	875.5868
313.80173	540.0452	285.85876	534.7445
344.77176	546.1241	316.90543	540.46576
435.05612	269.78485	407.82205	262.68234
489.99747	1507.7499	516.9947	1507.4764
513.12933	1038.6953	540.06287	1041.3656
887.3655	176.88293	885.5637	202.04037
947.6558	601.6495	794.6406	569.72235
1056.8387	1058.9539	1058.0312	1028.9219
1058.426	1015.991	1058.8654	987.9822
1260.9725	1111.9707	1261.7418	1084.9641
1612.7328	752.2943	1580.853	745.7117
1741.7533	1159.012	1741.533	1136.0045
1788.6077	1137.0173	1787.5487	1113.0642
2535.1646	1602.599	2454.3394	1545.5197
353.95993	1274.753	95.107735	1260.9758
273.26865	616.9456	279.58496	532.0435
363.06488	487.68228	276.979	470.10284
429.78668	562.075	400.9308	556.3489
873.8661	634.70654	921.0659	643.6521
1036.0957	1057.0663	1057.0803	1059.2161
71.77712	438.12775	151.81322	453.94513
233.6186	920.8846	236.20448	889.93353
325.85397	900.25757	298.86948	897.12415
98.01319	1438.022	339.0098	1441.2726
119.94851	1269.0708	347.04846	1279.9924
362.4661	607.81915	366.59534	549.9711
423.95667	645.9966	430.53964	561.9639
515.82605	287.6881	560.97437	299.10135
622.49396	1011.96497	624.5755	981.90137
689.07153	598.00494	690.51807	576.96686
556.79285	348.88034	937.146	438.3795
796.97906	986.17773	846.99164	992.07086
917.09094	708.4712	870.9087	700.5312
1091.5784	676.01	1091.4303	654.99695
1557.0585	1458.9928	1542.9319	1458.1729
0.8553115	466.7717	42.093082	474.50354
93.58092	556.86096	96.02575	531.90454
269.92776	893.5856	239.89137	889.8807
270.65262	939.22687	197.864	927.8718
398.9471	556.28674	372.73233	551.4511
596.999	1047.0092	619.0713	1049.3182
793.1361	1064.6195	817.1004	1066.9817
3070.4978	1.9999976	3070.4954	547.0
4.891412	465.9868	7.584876	443.828
0.8817101	418.61465	57.88731	429.58554
233.10802	972.76715	261.0686	975.217
280.75668	523.0612	282.70474	498.9761
323.82806	931.9227	325.87186	900.9256
357.84494	904.1986	330.90765	900.7139
346.8403	531.8905	349.01093	508.9066
151.83992	1077.8982	388.0993	1097.8225
452.0879	505.56506	370.0046	488.97717
478.9797	1287.3904	679.06305	1297.7867
515.3179	274.6428	482.9838	267.06915
798.95856	712.2397	847.2444	720.5864
870.4376	201.90364	869.3241	219.95831
1109.2549	715.6526	1128.1462	719.22705
1339.0354	1123.7146	1323.8962	1121.8362
1539.5208	1416.0055	1538.9194	1363.0122
1542.9735	1455.481	1556.0415	1454.8136
1741.5919	1132.0096	1741.0256	1108.0466
2457.0825	1550.886	2528.577	1602.585
0.82488716	988.1448	16.079805	990.4783
55.034378	431.81592	0.8691364	421.70074
53.096313	1036.9331	0.97939247	1032.2283
558.7291	550.0521	557.1537	572.0825
637.9664	546.1663	706.97687	560.1144
820.097	1067.587	841.06683	1069.0261
867.1175	1037.7758	891.0886	1040.0764
892.24475	995.9724	893.26953	967.93677
901.6581	153.6524	884.0199	171.00371
1065.7545	710.2877	1044.9392	706.3189
1055.9557	1091.9691	1056.7825	1063.9641
1143.0135	1071.8638	1123.9039	1069.9689
1540.7129	1072.0144	1540.432	1047.0063
2710.94	562.3652	2556.0156	536.9054
131.52808	533.8501	134.36029	506.03668
281.7399	479.28757	358.05966	494.7047
382.0328	261.8708	425.99268	273.02884
546.8583	927.087	523.85815	924.08777
611.98114	971.1778	654.9221	975.7341
816.8609	1070.3971	792.8993	1068.0115
1120.7649	1065.9562	1121.7924	1036.9572
1134.259	720.3763	1150.1731	722.91547
65.947	913.4617	0.8860329	905.99274
125.41859	594.9353	128.54478	566.8381
128.60638	564.85315	131.66179	535.859
326.0302	933.6469	356.067	936.2174
1043.009	1665.3589	437.99045	1680.6215
663.58765	607.02625	662.5181	630.97845
1046.8676	628.6166	1103.8165	640.8539
1153.1517	689.00183	1153.4164	667.005
1324.6525	804.00256	1324.5038	784.00366
1523.9664	1454.9642	1537.9841	1454.5104
1544.4526	1114.9805	1544.7886	1140.0028
1592.6179	1174.0004	1592.6124	1150.0001
2929.0461	768.63885	2868.8804	760.93506
39.828262	488.93445	6.8398	482.87167
350.09555	1063.9319	281.9254	1057.8337
445.0455	509.77603	372.9727	495.13446
650.89496	1019.9697	596.87866	1014.1203
634.91376	601.0566	631.62897	654.1009
818.0959	1030.953	819.60657	1001.9275
820.1061	1032.8297	843.09845	1034.9142
872.07874	697.54596	893.13916	701.19727
1281.1117	1117.9635	1264.8693	1116.2125
1290.6865	717.01117	1289.8994	694.9679
1303.0995	1085.8177	1319.0706	1087.1626
1558.1434	1116.0038	1544.8433	1114.0891
1575.0231	782.9476	1575.5415	802.9601
3020.0217	1355.0328	2929.9548	1353.0029
0.90368867	1035.0475	50.940395	1039.6482
33.633404	547.96045	40.020336	488.78632
137.99564	1398.2004	204.98572	1399.6567
571.96295	1011.3588	514.84906	1005.46216
575.89056	930.8448	550.921	927.6097
628.99365	542.03076	551.96765	526.1569
798.86346	577.6574	866.0796	591.6169
814.59814	1100.9233	816.2388	1070.9037
866.24347	274.02158	869.9696	231.9973
1054.5155	1122.9775	1055.7673	1095.9429
1061.1577	1059.6395	1080.1345	1061.8398
1125.0874	1098.7803	1141.0769	1099.9265
1243.0824	1110.8126	1260.07	1111.9912
1271.4436	690.99744	1271.4808	711.99915
1273.1613	746.19104	1287.2014	748.9897
1740.6627	1094.0134	1740.4415	1072.0056
2937.1196	874.8798	2911.9792	872.19366
0.80919296	605.132	166.16785	633.00415
142.00626	1364.8108	206.03545	1366.9279
143.99951	1333.1707	160.00221	1333.2158
278.99432	885.0474	202.88834	875.9323
350.9913	988.086	289.90747	981.91614
600.1124	965.01166	654.09644	971.1521
691.79517	609.04517	631.372	597.2048
686.20917	330.1799	711.1191	336.53305
843.93964	1038.5624	793.8726	1033.186
851.6194	220.07007	861.1007	0.9610856
918.8588	732.99475	921.76105	654.9539
1038.9993	971.00586	1093.1234	978.0522
1109.5789	694.017	1108.9318	716.0274
1592.5253	1115.9996	1592.5433	1091.9989
1752.0939	1461.0057	1751.9536	1438.9939
1781.2769	839.01636	1780.9138	822.9793
65.035866	905.6791	0.9423031	898.5163
54.892	570.08905	62.592144	492.9593
259.97025	1017.29877	194.91809	1010.8228
270.99426	1401.447	300.99777	1401.5657
297.97516	884.20184	372.82648	893.41046
261.64557	453.73865	471.1145	496.43823
568.81714	1047.7139	542.89874	1044.949
654.73944	970.9838	656.6054	940.91345
706.14703	557.27155	635.9781	543.1084
675.17535	334.33282	701.2164	341.17685
861.6047	598.94965	804.7133	587.4139
873.6325	648.018	873.0047	670.0571
907.7834	150.629	859.05273	133.8469
893.0708	1074.8441	912.0608	1076.007
874.91675	949.6655	935.10065	957.1958
1046.6096	681.98596	1045.8525	703.0665
1089.1974	763.0059	1091.425	688.95264
1125.0675	1066.9481	1142.0616	1068.038
1542.4214	801.0004	1542.3765	843.00256
1556.9901	1392.5945	1543.9772	1392.3788
1593.7354	1419.0039	1593.5702	1366.0013
1596.3894	1149.9921	1596.5269	1174.0027
1600.0007	1456.3354	1610.0007	1456.3469
1740.2766	858.9656	1740.7635	877.0333
527.09686	345.586	0.66972387	222.41154
209.19623	1334.1338	211.11041	1317.0123
237.98846	1291.2617	325.03967	1295.1003
259.85294	1014.9868	266.39648	941.8565
267.71432	925.88525	270.57172	893.8725
433.12637	244.52696	460.0732	251.72592
575.31476	961.02185	577.40454	930.9586
654.92926	940.51685	631.8148	937.35266
698.70825	566.49365	637.6923	554.575
788.83057	1431.0234	789.31335	1413.9523
802.67303	633.032	801.5305	657.07275
820.9807	958.1866	801.8748	956.2099
1035.198	1089.3365	1055.1533	1091.7114
1047.0822	729.53503	1064.253	732.5668
1061.0916	1092.134	1079.1017	1094.0392
1250.2002	741.9293	1266.2018	744.9205
1320.6068	1046.0038	1320.5359	1020.0013
1545.0547	1140.1553	1558.065	1140.9973
1544.0796	1073.3386	1560.207	1075.2793
1592.4332	831.99835	1592.4553	851.0006
1734.9829	800.0042	1734.9165	784.00037
1738.8148	783.9999	1738.8008	801.9991
1780.5822	809.00806	1780.4913	792.9972
2224.4888	567.19116	2246.9844	557.9618
2401.7324	859.9713	2299.6177	886.53015
2401.0544	1414.1019	2338.9587	1417.1653
2742.9805	1357.796	2659.9568	1355.7523
55.914764	956.8405	0.8723509	951.2588
207.0125	1369.9159	135.02206	1369.086
303.25528	1356.1425	304.98703	1340.885
348.9086	1025.9259	287.91064	1019.90546
428.5273	250.13419	471.88995	262.38937
669.9324	1305.487	488.94284	1297.2567
516.901	906.80365	588.9165	915.6775
619.08777	561.9494	612.31775	683.96216
1672.3551	617.51215	556.9255	351.31216
883.6056	171.24896	858.1873	162.45833
914.97	1046.2689	893.89777	1043.9156
901.43854	237.03258	907.8358	150.91351
1150.0774	726.58887	1133.8976	723.5447
1260.9366	1084.6115	1243.9122	1082.8464
1265.0668	1112.9873	1281.0631	1114.0417
1593.733	1456.0068	1593.6036	1432.0076
2709.886	994.27515	2628.908	987.0288
2941.4695	493.54282	2907.0303	506.0832
30.059895	579.0075	33.72678	549.8399
0.9423225	424.30542	53.758343	434.27963
259.00934	1055.8999	188.9654	1049.3713
262.91293	978.87585	232.91121	975.893
565.99384	1315.168	503.96725	1312.8926
540.92065	1044.8158	512.894	1042.09
519.05774	955.45325	563.8747	960.1863
522.9737	1471.9795	551.0581	1471.2563
634.22327	313.1219	672.0655	322.7425
795.6801	999.99316	795.0384	1030.0436
829.6398	637.06616	828.63104	662.0658
1057.9086	1062.8499	1034.8527	1060.3705
1122.1693	1022.9865	1122.6067	995.99365
1159.8164	660.9002	1114.6552	651.6909
1133.5854	663.01215	1133.1285	685.0441
1266.1237	1081.8134	1281.1687	1083.3806
1319.3254	1147.991	1319.6753	1121.9956
1528.0225	1138.5974	1539.0995	1139.2142
1544.971	1483.8712	1556.9631	1483.5631
2293.8008	698.4148	2383.3208	667.94226
2387.0923	657.27026	2285.3477	692.0182
2905.9817	871.17896	2882.0276	868.7305
2933.0251	473.05914	2906.214	484.50174
41.78808	473.87122	44.332565	449.92908
166.35054	632.9436	183.72658	432.8894
509.11923	1075.684	567.0964	1080.9363
564.0947	344.6404	529.83795	335.61496
609.0137	1389.28	598.9983	1389.09
795.91376	939.6796	860.02313	947.8178
857.71436	165.797	880.0688	173.80809
868.1168	1071.9292	889.0855	1074.2163
899.5202	651.06384	898.512	675.06354
1042.2355	620.6899	1048.6289	666.77405
1088.0579	714.726	1071.7301	711.2777
1132.7443	697.014	1131.352	771.04425
1151.3944	775.007	1152.7084	700.97705
1249.211	707.9594	1268.2394	711.8199
1339.8344	1093.2177	1323.858	1091.0437
1330.2789	756.54034	1344.1544	759.1922
1539.8381	1455.006	1538.9515	1431.0018
1768.0112	1464.774	1756.939	1464.2212
1781.8206	862.02795	1781.4165	844.96643
2204.3875	699.1305	2484.0686	603.2822
2252.9773	1669.179	2535.9885	1672.1146
2646.9624	1182.6285	2676.9749	1184.42
2646.0156	1177.7771	2673.023	1179.6714
2796.015	1647.7448	2608.03	1651.5017
0.6684387	400.6343	178.07588	436.62595
136.08542	490.90912	138.36786	467.9372
229.9524	975.4419	198.88206	972.0947
300.44836	1394.1466	301.99124	1378.898
313.35837	1055.943	316.213	1023.84106
524.99384	1436.0748	541.0065	1435.9679
531.9579	1335.1024	546.0138	1335.6396
561.4423	295.38126	517.2279	285.02682
584.012	620.0528	582.7121	644.985
626.85815	937.13715	603.84204	934.26624
648.0127	1055.8905	623.87305	1053.0973
664.8857	932.9259	603.82874	925.38684
793.45215	1069.0188	792.2029	1099.0916
802.28674	583.8854	804.04663	618.9977
930.0819	612.59143	877.77844	602.1049
1042.1815	444.0919	1029.028	426.97855
1046.1416	756.1304	1066.101	759.3796
1102.1649	1064.304	1120.0927	1066.0477
1133.2115	745.8304	1149.2302	748.7271
1266.0479	1041.5292	1284.1656	1043.3691
1352.717	699.42596	1312.7048	691.4878
1342.9352	1050.0033	1342.8531	1023.0004
1538.9542	1458.5405	1523.9675	1458.0955
1561.5767	1171.0074	1561.1315	1085.994
1736.6526	876.0152	1736.4497	857.99493
2425.0342	1363.4556	2347.023	1369.307
2356.9507	1413.1578	2425.9478	1409.1082
2936.0361	452.41022	2907.0706	463.18948
3023.0156	1349.3345	2926.9512	1347.0784
188.86922	1052.4674	258.8481	1058.7041
239.97046	644.1702	462.05127	682.70447
284.04233	534.91907	279.29465	591.1094
370.76862	551.0535	368.8867	578.06177
585.9381	592.0573	584.3486	618.0824
620.9271	1052.7737	595.8669	1050.4126
621.7551	551.23364	558.6608	538.70874
900.44885	617.00757	900.3393	638.0122
914.0045	1079.9532	892.91144	1077.9172
894.11237	1040.7358	914.13196	1042.515
1176.6204	649.7733	1041.5996	620.8707
1097.9874	648.0601	1049.5973	637.92206
1087.1263	740.37775	1069.8246	736.86395
1127.9092	722.49304	1108.8201	718.97687
1271.2344	770.619	1287.1163	773.31476
1289.4115	799.0028	1289.9003	726.99255
1303.6322	1003.99664	1303.2606	1045.0205
1304.1323	1116.692	1319.0804	1118.2042
1303.0348	1045.6964	1342.095	1050.1711
1542.0212	1417.2164	1559.0358	1417.677
1574.947	735.00793	1574.6532	770.01385
1592.6737	1145.0074	1592.5381	1121.0026
1608.317	855.0236	1607.3634	787.02295
1798.5146	814.08453	1797.4271	794.9757
2622.888	980.1843	2716.0007	988.9918
2910.6467	487.216	2935.0916	476.20316
3012.0	1364.9972	2937.9697	1363.4536
3070.092	630.011	3070.722	682.00336
19.033459	1524.4642	0.9113752	1525.7703
51.926575	996.7765	0.90996635	991.9521
64.69232	481.04572	66.4145	454.96133
356.46017	935.95856	358.8446	904.91125
440.89502	514.51514	373.63165	500.80743
510.05273	202.80487	558.05963	215.77942
537.1707	1076.0123	539.35645	1045.8807
701.8658	705.7048	543.285	675.5036
542.4596	684.05927	697.9085	711.51794
661.7884	635.0457	660.45245	658.0842
774.9564	1705.9639	822.9977	1703.9441
831.40753	603.02216	830.26355	624.06866
873.08813	178.73915	870.604	196.94597
887.3239	1106.9657	888.7982	1077.939
1101.1298	1096.4755	1119.0848	1098.0033
1539.6377	1512.0007	1539.607	1459.0002
1541.4261	743.99646	1541.4734	763.0013
1672.9785	1672.5466	1373.9862	1686.7078
1610.9775	1394.6647	1598.9575	1394.2584
1598.9539	1484.9604	1610.9745	1484.4261
1940.7476	1118.0839	1939.4058	1098.0398
2593.8325	651.1348	2683.9373	664.42505
2928.9172	596.77606	2895.9724	593.25775
2907.8052	497.55466	2936.0786	485.17987
53.214348	1091.7024	30.02128	1087.8712
100.01085	1335.3163	85.99304	1335.7971
229.25983	970.84485	232.2022	937.8397
319.72455	980.9152	321.91635	947.928
521.98773	1507.5356	544.99854	1508.0635
556.3725	586.023	553.0322	640.0638
620.286	1048.9508	622.4279	1017.8916
854.49286	639.66644	800.3589	629.371
1036.165	1014.6031	1083.1008	1020.1464
1071.5112	650.99615	1071.3462	672.01843
1126.9531	748.23596	1110.7963	745.0252
1101.0894	1022.2234	1146.0695	1027.3955
1265.9318	748.3344	1249.7874	745.04266
1281.99	1087.0825	1265.863	1085.1332
1346.4093	809.0006	1346.5187	736.99774
1521.2719	1026.7463	1526.1003	1069.9888
1595.5819	1053.9644	1596.1466	1079.0193
1599.9731	1390.9291	1610.017	1390.6777
1932.18	839.0393	1931.4076	822.9325
0.865727	841.15814	63.94536	848.4713
0.8340941	1066.1075	86.01472	1072.8131
97.94413	844.4649	0.785058	832.7885
196.99994	1337.8776	179.99994	1337.8765
542.24786	1003.9568	544.0292	972.9442
498.12747	888.03796	693.0187	913.8591
618.0564	1084.9419	619.9652	1053.9363
655.004	973.9646	598.9344	967.57587
630.56006	657.0727	629.3937	682.1115
801.155	660.03577	800.4117	684.0437
842.01605	1072.8337	820.9228	1070.8013
892.8629	967.9293	874.8131	965.26685
918.821	971.1616	898.8334	968.08124
1149.1208	752.41315	1132.7838	749.05035
1114.9694	643.14856	1168.1815	654.1196
1261.9373	1115.6833	1244.8972	1114.1191
1308.087	681.9815	1307.3579	718.02747
1541.2362	775.92377	1542.4766	796.0323
1557.0126	1487.6753	1543.9548	1487.1714
1559.8846	847.03345	1557.815	778.00555
1591.8219	785.9854	1592.6022	829.97156
1597.0269	1117.4084	1609.0475	1117.9536
2971.856	1017.5648	2897.93	1010.7624
27.91073	863.992	0.8598224	861.55774
585.0208	922.8264	520.8639	915.1353
648.99963	1527.13	480.99814	1526.6421
853.8318	0.8966262	843.43445	218.97304
944.9972	952.0221	787.76636	931.81836
1047.5319	733.0104	1047.1031	755.04095
1071.3081	733.5933	1087.2028	737.07404
1120.9272	1101.7507	1101.9121	1099.9067
1270.2207	712.6132	1289.217	715.6356
1307.4513	732.0006	1307.4218	753.002
1319.9237	1121.6921	1303.8981	1119.9243
1323.0093	758.9543	1306.8649	755.6629
1344.0914	762.475	1329.8273	759.9919
1341.7437	1150.9978	1342.5111	1061.9872
1597.9977	1419.0577	1613.0541	1419.6702
1742.7472	1187.0465	1741.9268	1164.9656
1788.705	1164.0171	1788.4008	1140.9948
2254.6128	530.0174	2202.7808	550.4435
2249.7556	599.3707	2223.7893	609.4576
2968.1003	886.19885	2872.9644	874.2846
19.006884	948.78406	22.801317	913.7618
109.914345	829.7855	0.68654376	817.8745
177.11113	1595.1191	191.04732	1581.0559
592.0661	1083.3236	618.1106	1085.8676
687.06323	365.73975	614.71924	348.15506
665.74866	570.98724	664.62994	593.0825
870.0475	724.7225	917.2061	732.796
890.9308	1043.6697	866.98004	1041.1931
890.25555	1038.9675	891.5235	1009.9355
923.8727	652.6974	871.4299	643.1225
1065.0009	735.9955	1046.8716	732.70795
1079.9495	1065.3838	1060.8848	1062.8756
1070.6542	685.01855	1068.5525	759.04407
1110.7819	640.0226	1109.6259	680.04694
1109.0618	680.7284	1153.4916	690.83984
1142.012	1103.8973	1123.9089	1101.7773
1270.6287	774.0017	1270.5723	795.0069
1287.2059	776.9692	1270.8596	773.70276
1308.2118	752.752	1323.1218	755.28186
1544.9822	1388.7783	1556.009	1388.6172
1594.4288	1485.0121	1593.9205	1461.0017
1597.0625	1145.9282	1609.08	1146.6285
2654.933	1349.2108	2747.9993	1352.0236
150.728	232.48459	41.545586	212.48016
206.98915	1379.3374	137.96404	1377.1193
222.87234	250.51407	266.18155	261.26898
305.01663	1373.4434	239.01584	1371.4702
365.97446	610.0573	364.4432	636.0849
601.95703	1338.2286	629.99274	1339.2086
875.2538	233.01733	872.31616	276.0216
872.7383	674.02594	871.9283	697.0678
888.6871	1072.9358	890.1061	1043.9075
1120.2932	1097.9884	1120.7349	1070.9794
1330.1658	781.02594	1344.2678	783.42645
1346.7844	727.02423	1346.3656	705.99274
1540.9733	1113.5621	1525.9122	1112.8463
1558.9001	1144.8602	1527.9688	1141.2693
1611.6493	1082.0092	1611.4727	1055.9968
1620.2318	859.039	1618.8574	831.9565
1736.6382	854.0252	1736.322	836.957
1727.0725	1094.3278	1758.1425	1097.6787
2280.526	496.75668	2294.8586	486.79642
2400.1975	998.9668	2320.2656	1015.3002
2701.002	1125.9597	2681.9497	1124.9839
2893.8364	1004.8252	2977.8784	1012.3558
278.8038	594.9844	276.7985	620.1434
304.731	1336.9701	306.40088	1321.9335
530.07495	328.6914	437.92328	306.31595
582.42737	649.0844	580.95416	673.9973
620.0532	1086.2258	647.0631	1088.0818
816.53143	1065.9307	817.90094	1036.9481
859.70325	137.86206	902.7646	152.68393
877.99695	594.0146	938.1087	606.4756
1058.8527	988.07935	1041.7616	985.74664
1121.9424	1069.6698	1101.9186	1067.9465
1287.1194	752.4204	1272.8988	749.49097
1527.162	816.9962	1527.6989	840.03033
1557.7343	768.02325	1557.3661	747.9749
1596.3047	1120.9795	1596.6984	1146.0048
1612.7332	1177.006	1612.3354	1092.9984
1631.015	1189.8542	1528.8616	1179.3455
1750.8125	1398.0248	1750.3315	1375.0139
1753.6271	1515.0194	1752.4778	1492.9751
2066.9573	1515.6288	2098.9878	1516.4688
2605.0093	1651.6438	2524.0115	1652.7983
2754.02	1341.2439	2646.9626	1338.4143
146.8793	456.60712	70.70903	441.46353
357.6392	497.82178	284.72638	483.38156
316.6276	1017.9701	319.2074	985.856
299.22702	893.25885	364.16617	901.7256
433.13593	305.44757	336.5841	281.6902
368.90735	895.78314	297.83737	887.3744
1344.0	786.99994	1328.7982	784.03394
1365.8467	1007.1334	1238.8701	989.9607
1525.1317	1070.9556	1540.1451	1072.8494
1544.4425	1143.9506	1545.2997	1168.9897
1578.4452	1119.9564	1579.2319	1146.0232
2140.058	1234.3835	2055.7214	1247.1613
140.69388	505.8729	131.63405	598.96436
232.003	936.9707	202.89938	933.97876
257.54507	448.95767	239.48236	643.0449
354.54865	510.04294	344.68765	636.05383
352.55038	984.96094	355.51297	950.8708
452.0141	294.94418	479.05753	301.77213
855.9999	955.0008	799.8744	948.0084
1102.9945	978.9999	1101.9459	1022.0474
1251.0221	766.8864	1266.225	769.8427
1243.0303	1038.7256	1262.1289	1040.8309
1930.9989	1374.5385	2029.0007	1374.3157
1964.5043	1461.0256	1963.5692	1442.9705
2218.257	505.44864	2186.7935	547.8468
2427.0735	1428.2915	2352.0889	1432.5596
2.9620464	822.2742	103.11908	836.13983
115.80418	1162.3481	85.71281	1157.977
147.0415	1049.8588	115.80185	1040.674
293.69247	876.9022	296.69635	928.902
405.73563	520.0573	404.0915	541.1629
684.9682	1292.5964	474.97882	1281.3969
507.98694	1385.4576	495.96985	1385.7468
518.8038	1462.0602	520.08704	1444.9316
539.58026	1039.9696	541.75604	1009.91
1017.4144	1402.7777	998.1024	1413.0688
1055.8728	1095.1931	1035.8868	1093.0615
1110.0819	741.5788	1127.2118	744.91095
1239.6344	990.7092	1244.8441	1037.9069
1262.949	1012.56287	1248.8833	1011.28705
1296.702	688.5227	1253.78	680.124
1328.3951	735.0003	1328.3588	782.00104
1327.1477	805.19073	1345.2738	808.4999
1544.2737	1046.965	1544.675	1073.005
1542.0905	843.47864	1559.2672	846.4604
1574.6842	805.9269	1579.2955	849.0753
1610.0184	1121.841	1596.8478	1120.3099
2020.0327	1371.0803	1933.9637	1368.019
2856.8467	688.045	2939.9658	700.23267
47.15508	487.90164	36.211765	581.90826
64.8861	868.1297	33.89862	865.00555
181.9824	1566.6759	204.02602	1565.479
403.7104	871.14984	176.78728	840.57904
314.80017	571.0702	312.53757	596.87177
521.01843	691.89166	720.203	725.8077
929.75134	426.9403	850.7245	406.04184
888.401	245.20665	899.891	236.53119
1078.9058	1097.7703	1059.8243	1095.4347
1111.2363	746.00226	1111.037	767.01935
1118.0652	995.38245	1108.8512	994.409
1245.0332	663.7203	1250.9698	706.8666
1271.5146	724.00854	1270.7347	771.02875
1283.6674	1145.9786	1285.1067	1055.9857
1284.7701	1043.9974	1285.0792	1015.98987
1319.9323	1090.7185	1302.8951	1089.1123
1525.9899	1388.0619	1537.0103	1387.9426
1739.232	814.9513	1739.9475	833.0416
1782.56	884.00305	1782.4358	865.997
1787.7742	1100.062	1786.5616	1076.0728
2125.2266	931.8369	2042.771	954.15375
2224.5684	607.9722	2222.664	568.9676
2424.7974	1196.5281	2317.7615	1211.2684
2912.2815	477.63934	2934.0293	468.06674
2990.997	1553.3103	3015.9988	1553.267
822.36475	226.6846	1.5305827	-0.9135499
63.023304	1158.0027	46.985485	1158.3755
206.00998	885.0005	204.28482	919.11554
207.72072	1353.0718	209.3177	1337.0316
847.8009	962.22595	826.86584	958.8263
870.1923	197.40341	856.9559	193.1369
979.70795	439.15256	931.747	426.9984
1029.6378	608.98883	1024.5068	775.0466
1119.4739	1129.9949	1119.7343	1102.9878
1271.0754	795.5775	1288.2423	798.6428
1309.8531	779.97	1310.631	802.0482
1360.0592	1626.2845	1329.9388	1627.6736
1327.0591	723.5784	1346.2429	726.2669
1578.3806	1038.9894	1578.6719	1077.0101
1578.3813	1090.0109	1578.8186	1115.0206
1596.0675	1091.9817	1596.4973	1117.0087
1596.0205	1079.7767	1610.0854	1081.0713
1738.0089	1424.7264	1769.0411	1425.739
1784.4011	793.00073	1784.3696	810.0044
1800.3585	888.0452	1798.5665	823.0395
1933.934	889.0379	1933.3282	871.98834
1984.8452	1184.0104	1983.4337	1162.9042
2950.9973	1580.5034	3048.0054	1579.9779
1.1253983	509.0067	2.5179565	483.02777
61.26013	555.10156	58.99896	583.1611
222.16005	1047.9194	225.33278	1014.8401
368.4659	580.038	366.33743	606.1092
373.1516	507.2835	439.3608	521.2951
398.0012	616.07404	396.14597	641.1587
434.93158	129.254	507.08295	148.69206
604.0525	1462.0747	605.12695	1446.938
636.9113	564.9948	635.61505	587.0947
859.6517	607.9441	854.75885	725.94855
1029.4159	424.6455	1059.3567	433.83847
1068.1943	759.88745	1087.3098	763.22644
1146.371	1027.0052	1146.7666	998.9967
1524.9658	1083.9387	1525.7476	1109.0078
1523.2034	760.9585	1557.2714	767.6104
1560.2952	1418.0126	1559.345	1364.976
1609.982	1150.1841	1595.9205	1148.8176
1607.5442	778.00476	1607.3247	756.9966
1753.6417	806.0076	1753.236	786.97363
1805.6001	1103.02	1805.2709	1079.9818
1948.841	844.0086	1947.8623	825.95325
2710.0095	858.92053	2605.9417	846.4875
2933.8633	704.9168	2861.9712	694.19324
10.71867	1028.0845	14.624773	994.83844
79.915245	853.6743	18.874071	846.0019
49.035385	1081.6799	0.7412788	1076.3397
277.36002	896.02747	274.61923	931.97095
606.2331	1427.0104	606.95087	1410.9531
655.73016	983.2371	596.6252	976.10736
701.892	561.5437	637.8361	548.82526
827.87787	1712.5164	774.9893	1716.8705
868.3184	1417.9955	868.22473	1432.0015
889.75653	192.03471	890.4453	177.02043
899.497	218.96822	898.8007	229.98741
869.06805	994.39355	918.12354	999.8993
1251.9161	770.9763	1252.1763	792.0102
1252.0918	792.48804	1267.1456	795.1877
1265.4865	1055.0	1265.486	1082.0
1395.7614	1466.7278	1413.7085	1423.2927
1591.1367	851.21	1606.2046	853.81775
1948.6384	1463.0157	1947.854	1444.9629
1988.8341	852.00635	1988.1442	833.95624
2118.2422	747.6942	2035.813	776.46405
3009.9985	1437.437	2944.9993	1437.2252
0.9762372	1545.3712	40.016502	1546.0477
24.855947	896.8914	27.892706	864.8949
190.14175	1007.0133	197.01682	933.90753
269.0094	261.95926	320.2782	273.79498
463.03693	270.8479	504.27698	280.85907
499.00595	1471.6625	519.00433	1471.4833
513.34814	1043.0242	511.11566	1075.147
601.03705	274.84778	581.0062	269.97446
538.76245	511.14426	725.03815	549.81616
637.882	559.5346	697.29895	572.6452
695.8258	575.9369	689.2699	697.96075
794.3867	1034.1112	792.9893	1064.0928
847.31055	990.9663	848.7248	962.0354
873.0369	198.25836	877.7272	179.43372
1096.7197	655.9746	1094.4987	767.99005
1132.0736	771.58527	1150.2119	774.80646
1264.8785	1116.9993	1264.7275	1143.01
1328.5184	701.97797	1328.8235	723.017
1537.0425	1391.6672	1525.9581	1391.3141
1751.7178	1423.0542	1750.8287	1402.0072
263.41394	636.3905	437.9047	666.55145
402.71222	557.0516	400.89478	582.13727
534.644	506.9731	520.74133	691.05597
582.94727	1713.9945	635.0138	1711.2625
647.3636	1088.0236	654.0458	984.9382
918.4255	998.9708	919.7969	971.93896
1071.8246	451.71487	1042.1403	444.42877
1102.5374	1101.0067	1102.1862	1129.0273
1108.2229	718.969	1108.7822	741.0309
1143.603	1133.0164	1146.128	1039.9763
1243.3737	1052.0084	1242.7445	1080.0392
1519.2831	719.96484	1524.3439	760.70886
1523.0065	1416.569	1540.0176	1416.8228
59.94426	917.5124	0.88168585	911.08765
67.53975	494.05234	61.808426	553.1753
92.177826	1041.0166	96.765656	991.9781
346.65622	1059.9725	352.4066	987.95264
438.08698	526.95087	436.5222	556.0281
650.04834	1091.4531	593.0516	1086.4165
828.3164	665.0653	827.1232	689.1054
873.42737	590.9574	874.6816	632.94977
1157.6511	668.9814	1156.1323	778.98804
1245.4283	1114.9967	1245.4899	1141.9989
1264.8677	1683.0343	1272.6573	1485.9865
1283.8196	1016.1704	1267.7393	1013.6913
1323.7181	1059.9987	1323.5895	1088.0073
1323.3932	1091.9932	1323.5201	1118.0023
1358.0004	814.0316	1357.0828	784.9974
1375.7351	1182.9985	1376.7689	996.9987
1555.896	801.5523	1525.8326	795.888
1614.5857	1513.9982	1614.3302	1430.0051
1744.2476	1071.9498	1744.7633	1095.0499
1991.7971	921.9692	1989.4012	860.02313
2911.206	584.89154	2872.6948	568.72687
289.97424	981.0672	284.9339	1054.1334
435.61432	560.90424	429.4501	650.1002
373.8707	497.63403	443.05243	511.74298
696.9506	909.3789	495.71967	883.1508
569.0133	1083.846	508.94336	1078.6554
567.6322	1080.0417	573.5088	990.9676
559.72565	544.3025	620.60516	557.12744
605.1369	930.8594	658.09406	937.21655
478.95065	1105.5452	685.0725	1124.1989
782.774	555.9869	772.4206	734.0245
793.62366	727.159	932.9229	751.442
867.2686	1077.0128	865.8768	1106.0898
1037.2933	1094.0438	1036.7404	1122.995
1227.828	977.9959	1223.3439	1167.0082
1302.4404	1058.994	1302.5526	1085.9977
1669.9976	1649.8705	1371.9719	1655.5212
1511.1138	1014.9956	1511.8115	1193.0046
1523.1514	772.9969	1524.0172	815.02026
1561.1083	1076.0149	1560.6735	1049.972
1759.598	1098.0135	1758.7881	1074.0072
1761.5911	1190.0105	1759.4933	1108.0386
1785.2728	844.9702	1785.6958	863.0305
1786.277	866.9777	1786.5746	884.0423
1792.9921	1426.8262	1817.009	1427.055
2314.9763	1009.885	2405.2761	991.34546
31.693077	1172.6362	9.384973	1191.4563
59.92072	1391.0829	66.24031	1320.8417
61.950695	1754.818	332.97968	1743.5128
202.2467	934.10565	199.27957	969.10846
400.601	587.0571	398.3123	611.1248
497.9946	1351.4071	511.00558	1351.5802
551.9159	1425.0621	553.0064	1409.0005
613.0206	1371.6873	598.94995	1370.758
611.0912	347.61874	545.9875	332.05237
635.62244	1710.9526	637.7507	1693.9688
758.1228	382.46323	690.9759	367.10535
1025.0784	776.55194	1185.0802	804.54126
1080.1691	1127.0056	1083.2616	1032.9429
1248.7468	720.9924	1248.9427	766.0046
1542.606	1430.9486	1543.376	1454.9879
1591.4667	754.0003	1591.4535	773.0017
1605.1724	811.2514	1592.9017	808.42676
1614.2806	1420.0106	1613.4941	1366.9927
1755.4417	880.0142	1753.8079	815.9539
1765.0762	1402.0365	1755.975	1401.3165
1770.7323	1426.0085	1769.1443	1375.9637
1931.0018	1511.1436	2012.0142	1510.1205
2120.972	1055.8766	2059.1968	1069.869
2677.8154	670.24664	2599.8958	658.704
2718.0447	1184.2941	2682.995	1182.0764
2934.0242	482.05997	2910.2417	491.60242
2996.026	1469.6302	2984.9402	1468.8511
2915.0012	1210.9777	3006.0337	1216.437
47.76903	1032.8619	51.806557	996.86615
144.28584	469.02417	141.83087	498.07022
281.9352	1060.7347	350.0231	1066.7379
293.1054	944.145	290.76065	978.1901
373.6093	513.0305	372.4559	536.0729
575.996	1508.563	602.003	1508.3225
821.9926	1396.1775	764.9249	1393.8076
792.9005	1441.6475	807.0447	1440.6068
826.63135	693.0135	826.13916	716.0457
833.96686	215.9648	822.64014	226.61737
865.03986	1106.5635	914.08765	1111.0394
1049.555	641.98145	1097.2919	652.7004
1062.9441	987.9988	1062.3368	1016.0506
1368.6543	688.7151	1243.6924	663.5259
1304.6392	1120.9961	1304.7981	1147.0073
1561.0057	1084.9338	1525.921	1081.9198
1593.9879	1459.6049	1579.9935	1459.3254
1611.0646	1460.2623	1598.982	1459.2053
1727.6895	856.01514	1728.6626	876.0164
1744.6212	1107.9746	1745.5999	1131.9756
1784.276	823.9053	1785.548	841.03357
1789.4786	1191.0237	1789.1357	1168.9823
1802.9208	1489.0509	1801.8329	1466.0079
1933.4047	867.0456	1932.9741	851.97217
1951.2682	914.0584	1949.1759	852.0278
2776.9998	1572.4391	2671.0002	1572.4893
225.82503	1009.897	228.71921	976.8877
365.35196	907.02734	362.70477	941.1323
474.53308	1283.0365	456.6423	1544.1125
520.28125	921.00433	519.7538	955.04266
543.0042	1439.8003	496.004	1438.8108
594.8383	1049.0603	592.38666	1083.1715
686.6481	1123.9817	697.789	909.93695
746.2196	1296.0115	733.1936	1544.0626
825.64557	958.9864	824.5316	987.982
791.09174	1099.912	841.07367	1104.1266
871.73737	701.0364	870.6007	724.079
887.411	221.09718	888.38007	207.02618
928.0083	621.96246	923.65607	736.94916
1081.9669	991.216	1064.9072	988.60645
1170.7986	981.60394	1030.8705	964.0313
1307.3519	756.9877	1307.5342	777.0043
1364.0009	820.99493	1247.8069	801.1294
1378.8134	837.0027	1378.4584	680.0012
1724.0778	1051.9932	1727.7932	1094.0183
1790.3682	1076.9128	1791.8984	1100.9427
1807.9224	1195.0022	1805.6412	1113.0378
1819.647	1427.0142	1817.65	1377.014
1957.3936	1121.9806	1956.2583	1098.9873
1983.647	1158.0234	1982.244	1136.9174
2367.1353	1072.0547	2363.7175	1018.0179
2683.0105	1423.6788	2730.026	1425.2076
13.876868	594.7152	140.73221	616.5554
183.65448	432.68716	0.7482187	395.22946
598.87195	978.9941	597.38403	1011.1105
934.01184	1305.806	745.9195	1294.3176
856.58984	196.34125	870.7909	200.68384
888.9364	1077.6018	866.86584	1075.2698
1036.7408	1027.9913	1035.7382	1058.058
1101.6079	1035.987	1100.6857	1064.0554
1594.5416	1512.0	1594.5428	1488.0
1792.774	1168.9713	1793.5914	1191.0521
1825.7899	1064.6055	1723.8347	1051.2634
1960.5522	1209.0508	1957.8147	1131.0416
1998.4064	1126.9774	1997.1268	1103.9374
2002.2565	1213.0757	1998.9121	1136.0038
2024.6118	702.0397	2032.656	577.9777
2377.339	677.0011	2301.2603	702.76855
2742.7375	1515.0311	2741.1868	1501.9778
3020.0	1555.9476	2989.002	1556.0056
3048.005	1568.4419	2949.9949	1569.5383
0.66076785	434.84674	51.33875	444.15588
18.913515	848.6567	72.899055	855.7665
52.727066	437.4745	0.66002953	427.83664
50.448067	451.04364	47.62225	480.0606
103.03694	501.00385	100.33703	527.035
175.25526	840.92566	154.2782	1051.0278
577.7024	178.20589	592.06177	181.74983
823.9968	1683.8627	781.9962	1684.8373
898.5588	678.0777	897.41296	701.07043
1083.404	1020.0045	1083.7173	991.98566
1265.459	1085.0096	1264.8882	1112.0399
1310.134	802.2472	1325.0183	804.8968
1510.1844	709.00134	1510.4313	859.00256
1543.0433	1457.9805	1543.5306	1484.0088
1543.2218	1486.9852	1543.5234	1511.9816
1544.234	819.64496	1556.2219	821.7153
1512.0977	1193.847	1644.083	1205.0197
1800.6719	1425.0176	1800.3796	1403.0082
2704.9722	1468.3013	2690.007	1466.9242
311.93298	600.9953	310.17554	626.152
538.25146	335.00812	560.3522	340.61072
720.5979	724.9806	729.18854	546.9608
775.5151	917.0798	764.40295	1128.0739
779.07025	1358.0974	765.99384	1357.0793
896.6348	236.13399	851.1639	221.49104
1026.1742	1417.8684	1022.01044	1444.0017
1592.942	1119.7378	1578.9498	1118.6385
1574.2485	770.79486	1606.13	777.3694
1943.4067	1097.971	1944.9222	1119.1487
2015.12	811.3959	1912.9805	791.0984
319.92664	504.9955	318.70047	525.1037
586.00183	1374.0762	595.0209	1373.8561
660.1439	663.06964	658.68066	687.10236
764.068	1447.0356	761.99536	1509.0667
921.0042	1317.9242	759.94745	1308.9419
805.7975	592.99133	860.3799	604.1403
1003.3721	1486.6808	1015.69415	1461.8483
1186.9017	640.46625	1030.6732	607.55096
1021.91846	1460.41	1043.4417	1412.1971
1233.9275	651.9989	1231.4257	812.9755
1301.4169	803.9977	1301.2572	774.9986
1307.1125	719.37885	1325.0667	722.6322
1324.4935	1020.0005	1324.4677	1047.0023
1389.5333	1415.0474	1372.7986	1423.5684
1525.3802	1113.9857	1525.6285	1138.0142
1560.4889	1514.0013	1560.2583	1428.0046
1964.2322	815.968	1965.0133	846.0516
1974.0762	875.0483	1973.2336	858.9355
2150.1162	1368.279	2063.018	1376.1981
2342.051	1076.2921	2365.849	1072.1357
2336.217	1019.0981	2395.09	1007.456
2969.0017	1087.9775	2906.9243	1082.9307
31.02321	1690.734	0.9584054	1691.6847
517.9604	421.98715	510.83713	443.94717
582.944	933.996	580.56635	967.0408
642.66437	1469.979	652.13403	1318.9457
767.53046	1322.9905	767.04376	1347.0211
776.74866	1679.0475	775.03326	1706.0656
842.01746	1104.0009	846.8835	1003.9457
868.81836	1007.99384	867.8003	1038.0609
765.01544	1128.8193	951.10675	1144.7532
944.1578	440.3363	1033.1223	461.48572
1045.3895	705.99316	1045.5026	728.99756
1060.7952	1063.9923	1059.7363	1092.0656
1168.0076	786.9574	1044.8019	765.1176
1266.9681	773.1685	1251.9385	770.3253
1323.4008	1122.013	1323.1517	1149.0199
1627.7145	742.3668	1518.8695	719.62476
1579.1552	1430.9773	1579.6459	1456.007
1941.5526	1153.0063	1941.4601	1131.9979
2041.8381	963.3906	2127.1892	940.71204
2085.0728	841.9971	2082.7903	785.0084
2239.0085	1644.4065	2177.9924	1643.5336
2346.7317	751.0706	2343.8914	700.06177
2707.9753	1067.3463	2636.9778	1062.3116
2683.9758	1184.3633	2715.9668	1186.4972
2936.7695	468.06805	2997.194	481.1001
96.67471	563.15356	94.29362	589.11865
97.50332	986.95325	105.87583	897.98834
134.00417	1198.0751	120.98876	1198.7976
195.7855	1010.1781	192.19048	1046.2185
317.0336	541.0026	315.06186	566.16156
578.84985	973.54803	516.755	967.52606
557.0546	962.54614	516.9141	957.71356
635.7879	1426.0631	636.92175	1411.9136
812.4902	1501.0333	813.5769	1485.0392
954.0973	764.9702	959.7782	592.95966
1509.2584	1333.9968	1509.5559	1542.9993
1578.8176	1353.0015	1579.3566	1417.9971
1581.3651	1147.9408	1582.4525	1173.0237
1579.979	1456.4634	1593.9578	1455.9175
1647.1584	1542.0083	1645.1863	1341.9982
1942.7739	1180.0062	1942.1699	1157.9954
1976.2994	831.9744	1976.6156	848.0273
2014.1552	1721.9895	2012.7952	1701.946
2108.921	764.78046	2048.231	786.6415
2704.8223	866.54517	2610.154	855.66095
516.14087	1499.0122	517.54	1482.8734
585.43726	1683.0297	583.3326	1714.0903
637.01355	1691.3096	589.97235	1693.3679
628.5201	981.9709	626.6299	1013.15936
823.4837	1002.9778	822.2293	1032.0961
869.37585	945.9693	870.4466	993.9677
895.4133	1010.9784	894.34125	1040.0494
925.9274	1544.9971	935.641	1307.9443
1035.6022	1060.0491	1034.7148	1089.0525
1123.6428	1102.9962	1123.3535	1130.0251
1266.2051	1013.0028	1265.8256	1041.0248
1302.4054	1090.0012	1302.3262	1117.0039
1308.1184	777.315	1323.1866	779.9209
1365.96	1463.0	1365.9059	1498.9999
1388.7117	1462.8359	1379.8207	1478.4668
1612.0131	1488.7748	1597.9445	1487.9595
1727.4535	1105.926	1728.777	1131.9095
1789.6311	1439.9286	1790.5525	1460.9758
1846.0303	1351.3491	1724.9202	1345.7161
1935.2944	822.92487	1936.2883	840.0413
1965.3104	857.9412	1967.0624	896.9972
2323.5776	1495.018	2322.1326	1460.9944
2319.915	1224.3447	2425.9456	1210.5813
2638.9678	1195.5525	2740.0315	1201.4617
2874.5999	565.14874	2910.6978	576.8471
14.667873	988.9611	18.774614	953.8566
55.87649	954.8824	59.64693	918.8584
149.3934	1057.079	119.22505	1050.901
157.7973	1120.8776	131.79848	1114.8724
475.07504	492.63455	258.75186	448.2082
598.59015	914.95874	602.0178	963.9988
815.0915	1440.0066	816.8121	1415.9866
913.9415	1110.9976	918.0779	1012.91895
1059.5165	1096.0186	1058.5066	1124.0902
1061.6865	1030.9907	1060.8579	1059.0548
1100.4625	1068.0012	1100.387	1096.0038
1125.4604	1038.9869	1124.8062	1066.0437
1528.8904	1142.9377	1529.7157	1168.0094
1542.3256	1362.9774	1543.2301	1415.9961
1583.5908	1487.9973	1583.4285	1513.0093
1597.9773	1487.984	1598.3694	1511.994
1625.9362	866.3695	1526.6188	849.2057
1722.1345	800.265	1752.2249	805.7716
1740.058	877.64557	1754.171	879.95514
1758.9674	1461.4083	1766.9982	1460.9662
1773.9994	864.0	1774.6854	884.0108
1825.1759	1206.2299	1732.0028	1196.9712
1963.4691	1433.0846	1962.1907	1409.9342
2008.9999	1424.883	2027.9999	1424.8593
2320.2275	703.68884	2375.1782	685.5397
124.06238	1189.8483	98.80755	1179.4683
112.840744	1517.0656	91.473145	1543.5753
70.93443	448.34314	145.27724	462.5492
198.62187	971.04126	196.09337	1009.1389
256.31528	1052.0322	259.912	1016.8887
580.425	973.96515	573.69727	1085.0422
728.886	546.5439	535.7758	506.0695
785.20276	1502.0532	786.00214	1484.0001
814.10394	1467.0052	814.91846	1450.9452
820.281	1071.0132	818.8637	1101.0878
926.89215	963.87024	874.82434	957.4172
1100.8973	767.01514	1101.3693	738.9894
1110.1654	768.0164	1127.1884	770.88
1769.9304	776.0014	1770.5677	808.04834
1719.1185	1210.6614	1839.0635	1221.2837
2226.652	570.95715	2228.8235	604.0116
3071.0781	1643.6259	2810.0176	1648.0344
596.4611	1013.01373	595.44995	1047.0431
631.15076	938.0071	629.7897	967.0838
633.6861	542.8879	634.89557	561.0734
733.9985	1544.7605	924.9982	1544.5272
906.99255	1527.8638	754.99524	1526.5481
936.07434	745.5761	794.8594	720.8016
1379.0839	1491.0394	1389.7417	1468.3484
1579.2148	1459.9532	1580.064	1481.9976
1597.3085	1365.9956	1597.4847	1418.0017
1724.3192	1346.9673	1729.2147	1544.0195
1740.3353	836.99066	1740.4615	855.0108
1770.2689	820.94104	1771.1101	839.0414
1780.1149	1165.994	1781.4146	1191.0304
1848.8333	1404.0316	1848.1028	1354.0131
1981.758	1123.0302	1981.2706	1102.9691
1984.9797	1102.9633	1985.7692	1124.0087
2323.895	1216.1925	2421.928	1203.4457
2375.5254	1193.1028	2367.7158	1081.0198
2911.999	1217.0166	3009.0544	1223.1343
201.00513	1596.1553	177.9972	1596.9153
236.62729	937.9712	233.98352	972.1534
240.65814	889.971	237.9202	922.24774
287.54922	498.96463	285.8874	520.1481
330.0162	900.0548	328.28732	932.1233
508.9752	1081.2881	569.04663	1086.4578
670.2798	1543.0162	684.7788	1292.9872
800.4659	688.0526	799.64	711.0589
847.8287	1003.2724	793.6	995.9708
897.3616	968.01294	896.3556	996.0844
1113.8462	655.7576	1154.4076	663.99207
1126.6122	996.01373	1125.9832	1024.0446
1160.4232	735.02576	1161.7644	660.9776
1635.9113	734.4249	1511.692	708.47394
1645.0312	1340.4597	1509.9626	1332.6458
1753.8336	814.9022	1722.9614	809.2092
1791.3375	1113.9259	1792.6177	1137.0212
1802.8167	1544.0067	1801.9038	1655.0074
1968.9847	898.9317	1970.3055	917.9788
1972.6316	846.01544	1972.462	831.0061
1974.7323	896.0292	1974.3635	879.99164
2007.0115	818.942	1918.9154	801.42535
2030.6239	758.9151	2187.4941	704.54065
2428.0315	1203.0682	2412.4443	982.0392
2605.8772	852.1268	2707.9717	863.2599
2938.8022	476.94977	2997.944	489.2682
204.01604	1392.2023	206.2748	1380.8556
340.90305	1440.9923	354.1313	1274.9308
584.0031	1436.9086	606.04565	1437.6602
764.9967	1380.036	778.0034	1379.9912
779.76843	922.7498	953.895	945.7932
897.1017	706.01917	896.7193	728.02985
951.14465	1143.9703	958.1944	940.97205
1019.8081	949.99286	1012.4466	1148.0166
1185.0333	803.9872	1187.1959	640.9761
1242.3654	1081.9968	1242.6191	1111.0033
1634.9965	1351.0692	1518.9384	1345.2252
1825.8396	771.8109	1711.7527	749.2504
1833.9153	1054.6616	1715.9286	1039.5579
1756.5846	1493.003	1756.7468	1515.0018
1789.1334	1403.9799	1789.5234	1425.9907
1912.7811	620.08203	1921.8162	621.9091
1943.8806	1206.0562	1942.7743	1184.0114
2016.0355	1390.5944	1916.0184	1392.8243
2010.0011	1515.7229	1983.0016	1515.6125
2404.216	863.14075	2388.1143	659.0699
2377.9602	1069.7693	2404.0454	1065.2625
2976.4304	1197.0637	2964.5554	1090.9379
99.947845	533.09247	97.5128	558.05005
361.94577	949.9184	352.95932	1065.9968
494.94647	1388.9268	509.06097	1388.2229
661.95557	942.93896	659.79144	979.9878
829.5044	252.13924	789.3948	234.68983
854.4134	964.9738	847.98047	1108.9991
1162.4733	778.00964	1163.0425	750.00085
1328.0461	783.97595	1328.5302	805.0108
1542.1727	795.969	1555.1438	798.1419
1570.6646	851.0132	1569.562	822.9779
1597.4437	1459.9884	1598.0961	1484.9974
1715.1653	1040.9784	1718.3	1210.013
1803.2233	1516.0154	1802.7875	1493.9844
1946.4216	1184.9055	1947.8286	1206.0779
2029.0338	1362.4164	1926.9133	1356.4934
1979.2053	902.96545	1979.637	918.03906
2016.834	1089.2748	1926.7986	1077.5461
1975.0632	937.6953	2019.9967	947.0156
2712.6072	1182.1262	2702.441	1069.9601
2906.6506	511.88885	2942.8447	500.50616
104.953804	1362.9	98.43853	1431.0419
518.97205	902.2228	586.0448	910.643
551.22516	928.01465	549.262	958.1474
877.76886	608.045	928.3887	619.24316
1124.5295	1071.0044	1124.2942	1098.994
1122.9673	1131.5294	1142.0797	1132.7106
1178.8763	1164.9971	1183.3961	970.98596
1376.8832	996.8762	1228.848	977.1403
1378.8235	679.8647	1235.8611	650.68054
1294.5455	695.997	1293.8461	802.00555
1741.9623	1135.2988	1729.902	1133.7761
1821.8207	1510.0055	1819.574	1437.044
1927.8053	891.96136	1928.6733	910.0636
1937.3597	872.98834	1937.9431	891.00183
2098.924	1131.0038	2096.031	1072.0476
2998.4978	493.54526	2939.1008	481.50217
2933.95	1357.1592	3014.0227	1359.0157
61.66849	901.9726	64.39914	868.9503
71.264145	457.02325	69.407364	478.12384
388.79086	1097.9858	404.10455	870.9396
517.7964	969.98914	516.0781	1002.11115
424.42773	1737.8807	524.1568	423.70834
540.0121	1475.3112	522.9951	1475.468
543.45013	1045.0251	541.6571	1077.1483
633.1348	1462.018	634.99854	1447.9998
867.6844	1042.9862	866.409	1072.0618
773.08026	734.52893	953.1352	765.20654
1050.9474	1021.4585	1066.9658	1023.298
1321.0837	1149.4526	1340.9255	1152.487
1633.8638	1040.0765	1520.9011	1025.7814
1561.8184	748.9856	1563.5818	849.0074
1605.1567	834.27484	1593.8217	831.8249
1611.2444	759.98193	1612.6672	858.01935
1838.9775	1361.5598	1733.9463	1357.336
1772.1361	1518.0138	1770.8441	1437.0024
1777.1533	1112.9808	1777.5358	1136.0077
1932.6288	1487.9943	1933.0623	1459.9855
2365.2527	1139.6805	2346.0847	1142.5638
2886.9834	871.13025	2901.993	873.0556
3012.4775	565.9517	3007.1328	513.08765
66.39012	917.93506	53.713547	1036.9695
99.20459	1047.3914	127.97836	1057.0643
229.7439	1015.0592	227.0234	1049.2406
273.48267	938.9553	263.36523	1056.0316
554.2436	366.05463	529.80493	359.75708
635.7831	184.75826	665.89343	193.3724
751.96643	1300.5652	929.0548	1311.0764
868.22266	220.24997	855.4571	216.46025
866.1412	1469.9866	865.9523	1482.015
1351.0844	706.9975	1350.7958	812.0022
1555.9747	825.1169	1544.8456	822.71594
1592.1481	805.8258	1605.1929	807.47034
1644.8566	1204.0176	1642.189	1030.0125
1687.4358	1642.0115	1668.0219	689.0403
1753.9124	1374.9269	1754.796	1398.046
1755.5194	1438.0093	1755.9639	1461.02
1790.2559	1466.9607	1790.8528	1486.0046
1891.9004	653.95355	1854.4945	632.898
1992.6099	835.0162	1996.306	924.0703
2043.5494	567.9696	2036.4689	673.0316
2289.193	1466.832	2309.131	1489.7556
73.94183	1261.9656	9.933165	1258.1094
113.77087	1264.8822	105.31294	1353.1259
462.92773	677.99493	475.9548	492.92642
497.00717	1435.3971	523.0154	1435.707
990.6895	1454.9879	989.1248	1495.0049
1339.807	526.7748	1287.561	513.76276
1373.591	1498.9998	1373.573	1462.0002
1519.829	1344.9468	1524.3894	1415.9108
1527.9111	1487.0023	1528.5771	1511.9579
1597.4332	1431.9913	1597.5779	1456.0026
1616.1517	829.01337	1614.921	750.9855
1722.5376	810.94556	1723.9928	852.03564
1771.0411	841.99866	1771.6725	861.01086
1801.7144	1671.1128	1811.4606	1782.2228
1945.2167	1132.9744	1945.6605	1154.0072
2704.004	1154.9391	2685.9507	1153.7485
2687.0183	1179.7969	2709.0205	1181.7725
578.11664	1476.0096	575.4614	1508.1208
623.90204	1053.9951	622.35474	1085.1171
958.84894	941.1778	776.76556	917.82794
959.99146	592.0405	783.79144	554.99176
807.9987	1444.6969	790.99475	1444.769
871.0123	1363.5577	842.97833	1362.7767
1359.0825	1165.2054	1242.8817	1153.139
1733.2715	1162.9838	1733.5659	1186.0055
1776.4264	1062.9982	1776.588	1099.993
1830.2418	913.02545	1825.5044	772.01666
1938.0537	893.9975	1938.8594	911.1008
2295.2412	1458.067	2303.9468	1426.7076
2354.7444	865.08716	2347.3118	758.0478
2997.4211	484.96625	2939.0261	472.8743
320.43234	1024.0353	317.72598	1057.2223
626.4121	1018.0247	624.489	1050.0894
823.9584	1703.9977	825.0343	1684.9454
898.4927	1518.9845	904.25	1330.9464
1234.1146	813.3217	1379.0325	837.8079
1615.968	1057.0004	1617.352	1184.0071
1718.6018	760.92896	1723.1848	799.742
1745.3291	1135.9594	1746.0638	1159.998
1759.994	1398.0491	1766.0261	1398.7858
1936.4406	852.89734	1937.5898	869.02924
1977.2697	859.9689	1977.6877	877.0077
1981.4464	1444.9786	1982.262	1462.0353
2006.5964	1483.0175	2004.9061	1444.004
2372.1438	1016.07025	2376.5579	1069.8722
2937.9084	485.45724	2998.0986	497.50708
106.944885	463.9951	105.07723	485.00687
144.86783	1003.3086	101.53637	984.7478
409.4736	1671.0488	402.4579	1739.0472
545.8128	1009.98785	543.793	1041.1809
893.9466	1044.0338	892.84125	1074.9586
1181.9255	970.5778	1020.7667	949.8102
1366.5471	1688.9996	1366.6024	1617.9989
1557.88	776.7319	1523.9719	771.17096
1818.715	780.4333	1718.693	760.5442
1752.9739	1487.0519	1751.8619	1465.0575
1799.8826	1400.0304	1799.2563	1377.0203
1803.7249	1402.9664	1804.7906	1425.9634
1945.8517	1157.9673	1946.7355	1181.0101
2032.4154	1238.9799	2024.7899	1082.0588
2140.9763	1384.7007	2077.9766	1389.706
2397.2827	1187.1718	2395.085	1165.1915
2678.397	846.05615	2668.5142	739.9521
2672.582	1066.8589	2682.6733	1180.0292
2875.9006	820.05963	2897.8945	822.1239
1.0012909	855.9902	69.01063	864.91907
109.070786	461.64285	133.11723	466.40848
1324.5441	1616.9878	1323.4216	1659.0112
1579.0042	1418.5154	1594.0115	1418.6425
1787.2179	885.0531	1798.1017	887.55804
1840.0029	1221.9999	1832.9043	1055.0466
1987.3011	1163.9019	1988.824	1184.0887
2305.3374	1002.9802	2317.3047	1206.9822
2605.038	858.67004	2710.0205	870.8231
288.99213	492.04135	355.253	504.67288
839.8313	1448.9923	838.54785	1477.025
787.7903	561.0199	949.1636	594.2045
997.6919	1495.0284	999.2982	1455.93
1012.5267	1460.7174	1004.4396	1474.2625
1290.7155	725.5467	1249.023	717.8751
1289.8788	1017.99854	1288.279	1150.0034
1323.0709	783.76215	1310.955	780.15106
1745.9221	1164.0024	1746.6578	1187.0428
1754.4032	1401.9767	1755.6758	1423.9609
1809.375	1080.9652	1812.4115	1201.0402
1845.0497	1520.1323	1877.0416	1519.6254
1936.1515	1182.9899	1937.6842	1206.021
1973.062	1088.9811	1973.687	1124.0056
1963.9829	1409.7214	1981.0208	1410.1259
1990.6143	1465.1016	1989.1456	1445.0626
2056.046	1259.3341	2141.9392	1247.5562
2701.0215	1058.9976	2694.9106	1005.1236
71.128006	859.0523	14.088084	851.34784
204.16237	1571.203	193.67361	1579.5919
546.9762	1499.0652	548.048	1483.0032
563.9733	1334.1892	551.9308	1332.4906
805.00116	1478.9369	791.98724	1478.6989
790.9939	1509.051	804.0062	1508.9672
1044.6276	771.1213	1164.9562	792.2498
1243.9166	1160.8711	1356.0386	1171.5972
1468.3073	505.36398	1486.8458	514.31915
1529.911	1186.986	1621.973	1195.2985
1777.4023	1139.0251	1778.4564	1164.023
1787.8602	1368.0039	1788.7295	1399.0356
1792.2977	1141.9723	1792.7695	1164.0264
1973.4075	1134.9669	1979.5001	1210.1216
1925.0591	1228.375	2031.0574	1238.3923
2370.7202	719.0147	2371.8252	740.0092
557.99774	1519.9999	559.3456	1479.9779
585.8981	917.817	519.9267	909.5874
579.9958	1472.555	604.0014	1472.485
786.7611	1466.0482	787.8457	1448.9269
1347.0219	735.8556	1307.0302	729.8006
1347.7001	1025.9844	1346.139	1156.0017
1607.046	786.7479	1575.0188	780.89703
1743.9978	1493.9708	1744.612	1515.0114
1759.0239	1107.7845	1727.9634	1104.3297
1801.7094	1462.0155	1801.4441	1439.9827
1802.2604	796.96625	1804.7805	891.00586
1817.992	1492.4446	1807.0088	1492.6051
2366.1516	715.991	2364.8542	694.0678
2391.357	1103.1276	2389.6475	1081.105
2629.044	987.996	2634.9922	1053.1832
2659.6748	1356.0352	2663.55	1391.9407
191.86832	1069.6904	361.08786	1082.872
515.08923	1005.0423	513.7672	1039.0686
543.95593	1404.9855	497.00516	1402.8846
1021.8159	299.46567	1043.0546	307.86185
1087.7219	1029.0195	1084.986	1130.0267
1523.3964	1428.9927	1523.5326	1454.992
1564.0322	1366.9869	1565.0284	1522.0062
1727.9233	1133.9258	1729.8708	1158.171
1798.8611	823.74023	1770.1223	818.34796
2023.9769	1080.174	1919.8219	1066.3412
2387.0862	1038.2394	2385.1897	1015.1487
2399.0415	1134.2975	2385.1724	1136.2346
2664.0059	1152.8818	2643.009	1151.8231
2680.714	1027.1155	2678.7383	1005.11334
2915.8604	1170.8728	2919.1729	1193.2703
2931.7737	772.02594	2943.7065	876.0336
144.68192	1336.0577	142.30411	1364.1106
459.99573	1544.7836	669.0002	1544.0518
543.07526	1368.9674	532.9831	1368.2322
791.1617	229.51425	826.26685	241.19832
1154.8888	698.62665	1108.4006	690.3776
1296.9696	1694.1068	1365.9916	1691.7546
1510.0042	1542.7073	1646.0028	1543.1459
1565.4698	1050.9966	1566.3718	1177.0116
1783.1051	811.4592	1797.1575	814.1891
1986.1432	1137.9106	1987.7161	1158.0222
2019.9982	1224.0183	1936.8224	1215.7966
2121.032	1226.0668	2119.298	1200.9105
2683.0886	1122.1838	2696.0444	1123.5905
3009.0046	1210.9326	2911.0632	1204.0929
46.58288	1517.9562	58.015293	1409.0016
233.57108	976.1385	230.56612	1010.2262
321.1162	98.56774	432.15656	128.41757
591.93787	1088.6667	649.99274	1094.0782
867.05383	1452.0005	866.9205	1466.0088
1279.7177	1683.283	1299.7603	1675.3912
1980.6794	1412.0059	1981.0464	1432.0175
1988.3352	1188.9022	1989.886	1210.0815
2626.128	816.9898	2627.8833	839.0887
2733.11	1422.079	2730.7078	1395.026
51.867096	993.87463	55.960243	956.88495
326.09692	948.13434	323.98297	981.1271
519.99274	1475.3958	493.00186	1474.8988
601.89325	1499.0638	602.9754	1483.9268
841.0052	1384.1106	854.02344	1383.499
885.00775	1398.4878	870.9954	1398.7107
923.2942	1010.0105	919.54236	1114.9836
1013.05914	1149.3771	1177.1	1164.9462
1757.924	1136.7979	1745.9375	1135.6547
1755.3242	1465.9038	1756.9349	1488.0774
1793.9819	1493.0005	1794.5721	1515.0115
1918.6499	802.0359	1922.3575	838.1685
2001.6805	1106.0148	2006.7767	1216.0104
2035.1713	777.9533	2042.0306	949.9589
2314.907	1461.0038	2316.2092	1493.0728
2328.3174	728.043	2326.9944	707.0634
2330.8198	705.849	2332.571	726.95264
2340.3345	843.8624	2341.637	865.96246
2357.6157	1193.1758	2355.9858	1171.0748
2298.907	897.62726	2403.3906	871.56604
2699.0195	1097.6176	2680.9646	1096.6931
171.91545	1139.3347	151.69043	1134.2255
864.06415	244.77824	835.8236	236.60985
892.5471	1078.0133	891.8187	1107.9956
1059.1655	434.64346	1069.2919	447.77493
1151.4392	1001.9878	1148.5066	1136.9893
1817.8685	898.7689	1728.9047	883.55756
1807.0809	908.6489	1830.0153	913.93396
1950.8875	1444.8939	1952.9471	1462.1259
1952.4957	826.9821	1955.744	917.0092
1963.0065	1442.0925	1944.0012	1442.206
2008.1312	932.26697	1928.9834	918.0925
2069.9	1138.0044	2067.3516	1079.9846
2337.7783	1087.8741	2345.431	1196.0403
2337.9417	1362.3347	2431.0142	1354.1624
2389.2356	1013.98267	2390.9365	1037.0784
2458.7344	1598.0182	2455.5786	1551.9603
2643.0078	1148.8574	2660.066	1149.7806
2661.6038	1056.0388	2656.3037	1001.87244
2670.9854	1584.8955	2777.9932	1583.478
606.0074	1440.895	580.00854	1440.7214
786.8712	1720.4077	833.96747	1716.5979
821.7685	1036.9915	820.65686	1067.0613
1060.9312	618.3265	1182.7808	644.0388
1523.2794	1458.9181	1524.6296	1480.0237
1821.9784	645.09845	1781.9296	636.3213
1805.1714	1439.9788	1805.5701	1462.0078
1805.2452	1465.9121	1806.8746	1489.0088
2077.4011	880.9797	2078.769	908.0117
2374.1355	830.0581	2372.6543	808.02325
2375.975	856.0685	2374.5078	834.0997
2440.3237	1604.9069	2427.9407	1429.0042
2629.9692	725.0025	2626.1116	677.0715
2743.0544	1196.2053	2636.0095	1188.8617
2931.1262	1024.8748	2936.9478	1077.2281
2963.0046	1079.9995	2957.0522	1028.9939
106.880844	888.99445	108.18813	860.96216
1642.0264	1029.7887	1512.9136	1013.6936
1694.9517	1670.8322	1689.6984	1641.0532
1948.9764	852.1634	1936.9381	850.42993
2368.8352	693.0083	2369.9465	715.0027
2373.0032	754.079	2374.663	775.02673
2961.9932	1558.356	2982.985	1558.7645
512.93994	1386.0931	514.4305	1371.0426
800.2226	249.20087	838.32996	259.81543
1023.8422	955.26544	1179.9098	974.7239
1224.0703	1168.2368	1374.0876	1182.048
1614.0045	1429.5529	1578.998	1429.1971
1830.9025	1446.9624	1845.061	1448.3981
1988.9655	1432.0502	1987.9437	1411.0027
2089.8696	935.9579	2085.608	848.019
2103.7678	1231.9629	2099.2236	1137.9891
2156.615	1778.0114	2156.9802	1694.0043
2352.4268	697.0382	2355.751	746.94995
2638.018	1202.6571	2743.0417	1208.2113
2737.6226	1466.0376	2734.9187	1438.9084
3002.905	1429.1136	2997.4016	1376.0621
494.65536	1406.0573	497.48245	1423.0859
641.95807	1723.192	581.91223	1726.3099
659.6925	981.9834	653.6906	1092.9833
924.73724	973.9888	923.28455	1008.01215
1232.9144	981.6127	1372.1324	1001.05133
1803.0244	1377.9655	1803.7682	1400.0415
1812.095	888.99615	1811.2489	867.99
1941.7936	1658.0134	1940.7527	1642.0161
2046.7059	1062.0121	2054.4207	1248.9827
2074.6729	1234.9651	2069.9585	1143.9503
2286.2617	692.8532	2298.9927	889.0005
2378.5156	833.0326	2379.9944	855.00037
642.5186	1519.9858	643.72943	1478.9921
1618.0145	1368.9819	1619.4004	1524.0143
1806.534	1493.9954	1806.3043	1517.0131
1934.9186	910.0418	1934.2966	893.9499
1960.7496	1100.9304	1965.2108	1213.0314
1985.8214	1209.0504	1984.9618	1188.9589
2332.6184	731.0232	2333.8904	751.94586
2349.5806	1073.1097	2347.8787	1051.0867
2356.5828	756.959	2363.9075	861.00653
2404.2612	1065.0474	2400.0964	1000.0579
2657.4004	739.9736	2658.8608	762.07526
2667.8755	729.0122	2663.2593	681.97455
2698.1155	1156.8	2700.2202	1179.0737
2484.9363	605.41125	3000.9524	685.3069
239.71826	1377.9755	238.23561	1395.0205
323.5036	986.0395	320.90207	1019.2275
765.59894	1411.9913	764.9935	1440.0215
1578.0725	1077.4229	1595.0557	1079.5574
1770.0066	1435.595	1737.9988	1435.0739
1767.0087	1492.2915	1760.9973	1492.2185
1858.9226	628.33344	1893.763	647.6219
1925.9619	1078.0038	1930.0526	1119.0944
1966.7222	1415.9082	1969.0746	1460.0493
2020.916	945.0504	2014.7278	812.0592
2106.4775	928.087	2105.105	904.05115
2405.081	1074.5634	2373.1653	1079.1506
2376.6562	1080.8729	2385.0269	1189.9979
2602.6643	697.0314	2604.9216	721.19415
2894.1938	708.9785	2899.6475	758.15
527.32104	1371.9794	526.89557	1385.9968
630.0012	1353.1027	599.99994	1353.0612
503.94327	1096.6328	661.02563	1110.7139
1245.0208	1142.7825	1283.0569	1146.4026
1284.8525	1054.332	1244.021	1049.81
1344.8976	1060.2677	1303.0094	1056.8837
1559.0153	1428.5411	1523.9874	1427.3807
1757.296	787.99194	1759.8844	883.0304
1906.8804	631.1613	1909.1699	618.6647
1922.4948	1459.9921	1921.9448	1494.9991
1975.7274	917.0266	1975.3925	900.9918
1681.0273	679.878	2031.1248	758.4442
2071.5596	843.979	2069.5703	791.0161
2089.3694	1232.0305	2086.5654	1173.9727
2241.9011	584.9189	2242.989	597.001
2370.401	776.97577	2369.1277	755.93176
2397.8088	1136.0154	2399.6538	1159.0277
2662.3096	793.97675	2663.9695	816.0774
2682.6167	1005.81287	2685.1826	1027.9789
2731.9827	1468.2821	2712.993	1467.1163
67.63357	1715.0778	62.965797	1753.1185
1034.9559	1142.483	1157.0348	1153.618
1246.8208	807.05133	1360.916	826.493
1866.1907	1406.66	1853.0303	1404.7876
1918.2903	1067.9539	1924.0159	1228.0352
2062.613	855.0181	2066.6912	941.9676
2075.8264	1143.9153	2080.0537	1234.9976
2360.092	1169.8383	2361.8772	1192.9321
2388.547	1065.9713	2387.345	1043.0343
2412.1892	1187.0391	2409.5818	1132.9719
2621.2317	811.0668	2619.3037	788.88666
2619.2002	734.98413	2621.022	757.9982
2850.4626	678.95135	2871.2795	876.8654
598.97833	1355.8324	628.03674	1356.5883
626.9925	1407.2258	582.00916	1405.7255
1302.9746	1641.9774	1300.0531	1515.9756
1372.7914	1423.7344	1384.2609	1457.9125
1595.0096	1514.2739	1613.0226	1513.6425
1710.4482	750.0116	1713.4778	893.9899
1992.9633	1446.0021	1993.9966	1464.0002
2338.3499	817.04663	2339.991	839.9289
2339.9243	1199.0052	2332.447	1089.9694
2350.4753	1021.9675	2352.0483	1044.9967
2352.1917	1049.8506	2353.766	1072.9478
2391.0881	1041.9169	2392.8584	1065.0873
2657.0442	788.0784	2655.3054	766.8929
3016.8533	1553.1257	3007.742	1470.0283
242.8825	1339.0742	240.44092	1368.1211
627.9973	1360.0728	614.9413	1359.5907
2002.9861	1378.2867	1928.0145	1379.7457
2061.296	941.9876	2055.2117	796.9911
2335.6716	840.95825	2334.31	819.04285
2351.757	1110.101	2350.0366	1088.9158
2376.5747	806.03314	2378.3672	829.0493
2664.6255	820.94324	2666.719	844.0255
2673.3928	1179.1528	2662.7417	1067.1196
2690.533	1070.9664	2691.927	1093.1304
2890.527	757.05316	2885.2346	709.97363
2924.493	760.059	2919.2593	715.0862
2938.3333	1087.8575	2949.8875	1196.012
2984.0017	1556.3555	2959.9973	1556.4731
79.89418	1588.0885	69.404724	1694.1389
314.47556	1740.0497	317.51932	1710.9497
314.0502	943.57227	334.01	945.9147
415.98462	1678.9993	413.2833	1738.0587
790.9871	1105.1489	845.01514	1109.825
1088.386	993.9837	1087.5641	1024.9884
1865.0006	1462.4657	1837.0006	1462.5001
1978.2522	882.9584	1978.7201	897.04254
2088.4363	1404.9822	2090.11	1445.9955
2400.062	1163.8304	2401.96	1186.9211
2621.6094	762.96246	2622.9675	785.002
2634.7478	675.93085	2639.3843	726.05695
2665.5483	1001.8326	2671.4236	1056.1704
2699.9902	1393.2655	2725.03	1394.1799
2940.711	1195.1405	2929.0305	1087.9967
12.5762205	1369.9377	15.083698	1352.8655
368.8281	488.80652	370.86118	508.01468
520.01654	959.8735	557.8935	964.81616
631.0959	1498.0114	632.51843	1485.9432
1014.9193	1442.0494	1013.8169	1417.9626
1036.0465	1123.4111	1055.0073	1124.9072
1738.0221	1435.9994	1738.7384	1461.0074
1763.3157	1075.9697	1766.0521	1195.0217
1822.5529	1378.9282	1826.1849	1508.023
1895.657	1435.9587	1898.7981	1409.8553
2060.6963	793.01105	2062.6646	847.0122
2319.4233	768.91583	2325.4587	870.97284
2334.856	765.9392	2336.345	786.9045
2336.567	791.033	2338.2393	812.98175
2640.3848	733.9668	2649.801	843.10345
2693.1497	1099.8688	2694.5059	1122.0912
2874.6047	709.04694	2876.989	729.12006
2902.7412	1051.0337	2905.7568	1074.1621
2910.0718	713.9964	2911.0337	733.04877
2912.198	739.97217	2914.8938	759.15546
2970.1707	1373.982	2975.9739	1429.108
2992.0007	1558.1838	3013.0005	1558.112
582.17645	1408.0114	580.31683	1436.956
843.6823	1319.006	843.37744	1354.012
866.0819	1488.0046	865.3466	1501.0195
1639.4452	880.0093	1637.0385	736.01605
2328.5662	1351.9023	2340.6042	1545.0247
2612.6357	814.907	2616.1775	839.1203
2640.2368	842.0642	2631.2292	734.9807
2943.041	501.772	3003.87	512.7217
110.225685	859.0092	111.41027	829.97595
790.9563	1120.4841	927.0212	1132.7656
854.0417	1397.8635	841.0225	1397.3862
531.95654	423.19482	1666.2041	676.0847
1834.8033	1462.9442	1836.5461	1488.0315
1849.9288	1458.0305	1849.2494	1411.9963
2116.8506	1479.0167	2114.4915	1457.945
2123.4023	1199.9785	2124.791	1226.0111
2347.8809	1045.173	2346.077	1023.0754
2355.8933	746.6449	2382.864	738.5473
2370.9585	1606.4521	2344.903	1604.0544
2613.2861	720.13153	2611.6604	698.94934
2645.8457	1338.0137	2666.9026	1575.0087
2692.484	1150.0945	2691.102	1127.9313
2865.7043	732.9027	2868.6252	754.05176
27.909893	914.99146	24.65536	949.25226
1944.0884	1702.9948	1945.0879	1719.9949
2047.7941	1379.4613	2020.0237	1383.1771
2089.3926	1142.9254	2090.8433	1170.0084
2122.0835	1168.9972	2122.962	1194.9674
2369.2656	1080.4333	2336.107	1086.5776
3006.969	1468.077	3004.9512	1441.0784
70.333855	873.01373	69.05575	904.04346
897.9741	1398.4576	886.9991	1398.981
1922.1022	848.996	1923.6056	887.0156
2103.019	1070.9447	2106.174	1129.0448
2319.953	757.8334	2345.5928	750.5641
2623.9827	789.91296	2625.9395	812.0054
2899.442	1015.9549	2902.6123	1047.0396
2983.085	1497.8828	2989.051	1553.1025
2991.8567	1464.2823	2989.1814	1443.9761
1080.8007	431.45636	1070.569	426.9867
1057.9983	1126.0231	1079.031	1127.5826
1733.6428	1357.9358	1737.6477	1398.0352
1872.9384	1510.308	1845.9512	1509.0364
2114.0393	1444.0459	2111.649	1393.969
2297.6047	490.51572	2283.814	501.77197
2331.925	787.05743	2330.9048	767.95166
2333.972	814.0672	2332.5356	792.09576
2428.262	1409.0524	2425.069	1364.066
2650.5479	1119.1066	2648.9163	1096.8595
2650.3352	1067.9707	2652.3652	1091.1432
2683.8108	1056.0981	2681.8975	1032.9259
2687.9055	1093.0991	2685.8064	1069.927
2927.4722	1077.0571	2921.8574	1025.1235
2980.0264	1555.103	2967.9573	1441.0045
2977.0732	1439.8878	2982.9412	1496.0061
19.869406	994.20496	16.029928	1029.2225
789.7176	1483.9883	788.9661	1502.0817
890.74713	1432.0737	892.0359	1419.0035
2038.0664	1484.1001	2024.8939	1492.8402
2075.891	937.05096	2072.1208	854.99445
2078.5178	910.0304	2080.156	935.9902
2329.884	752.949	2328.6797	732.0762
2393.9102	1080.0066	2395.596	1102.9562
2651.6138	725.19183	2648.8042	704.88873
2661.8774	842.0887	2660.2039	820.9049
2956.4556	1443.9484	2958.8574	1465.1295
24.194046	955.02423	19.778028	990.3473
72.9669	455.1839	99.02282	459.8732
649.963	1720.998	652.08734	1680.8987
793.09015	1359.1519	783.87537	1358.1722
1929.8433	1129.9633	1932.022	1180.0426
2073.3481	789.9791	2074.728	813.0163
2119.471	1196.0304	2117.9158	1169.0049
2277.9993	1430.9233	2296.008	1430.7233
2402.0818	1208.6415	2325.058	1218.4564
2605.7136	733.0219	2607.5505	757.03436
2648.323	1091.0629	2646.1719	1067.8912
2739.327	1484.0593	2738.1746	1470.9846
2971.0242	1091.8893	2982.6094	1199.0422
1355.0636	725.9988	1354.5352	698.9895
1727.9183	623.3133	1686.8413	612.609
1767.5566	883.015	1766.8115	860.9726
1959.0032	1516.0947	1932.9985	1516.9573
2086.7712	1171.0125	2085.3027	1144.038
2089.8374	1450.9618	2091.7566	1493.0566
2101.6477	833.0887	2100.133	809.9913
2199.6638	710.8511	2252.5989	1657.5751
2320.597	872.0287	2309.2734	712.9805
2315.6238	709.8975	2318.6565	757.95856
2367.8245	741.00854	2366.8054	720.0581
2616.288	705.07477	2618.0864	722.2009
2636.127	1064.9891	2638.4492	1092.0472
2644.7327	1053.1327	2642.2957	1029.8643
2659.4988	815.1213	2657.7812	793.85614
2690.4426	1121.1188	2688.821	1099.8611
33.114502	865.0102	30.174305	898.1043
87.8844	1267.2955	110.10647	1263.6488
824.0358	1521.0002	824.3717	1480.003
2100.225	804.98956	2099.1602	781.9926
2108.9487	903.00336	2110.5935	927.9609
2266.7673	1426.6843	2280.6926	1460.5378
2354.6626	1087.8912	2356.1035	1109.9279
2374.8362	780.0122	2376.4792	802.0388
2623.6865	838.12225	2621.6218	815.94214
2669.4763	682.9558	2684.7996	848.0186
2907.1582	732.24365	2904.7322	713.90314
2909.7603	757.0234	2907.8984	737.9125
2966.441	1429.053	2961.315	1374.9701
86.87633	1160.484	102.61537	1164.5054
791.07306	1450.0034	790.2856	1466.9668
891.9775	1506.0022	893.4132	1521.0559
1340.9603	1022.4635	1325.8995	1021.1732
2072.807	1077.0092	2075.543	1134.9744
2103.771	870.0838	2102.1917	846.91876
2333.7546	1023.86237	2337.9229	1077.0061
2372.219	802.9877	2370.9834	781.05725
2361.5188	1477.9592	2371.434	1603.9658
2409.1726	1130.9879	2405.3108	1076.0485
2937.296	1367.9647	2940.882	1398.014
2980.0132	1429.0157	2998.01	1429.2552
836.7774	1700.974	839.70996	1675.8494
1026.0251	1439.3243	1032.5048	1418.8433
1526.028	792.8384	1536.0731	794.5779
1611.9819	1091.2151	1578.9635	1088.4332
2084.8787	1132.0056	2082.31	1077.0322
2087.9478	1104.9565	2089.1436	1131.0393
2616.5857	756.1027	2614.9753	733.92914
2695.39	1178.1316	2693.652	1156.865
2952.2485	1404.9707	2954.8433	1427.0184
2957.7778	1167.115	2955.785	1145.9261
0.6116892	307.7593	517.7988	421.9116
244.22527	1317.9591	243.32518	1335.0172
793.87366	1475.1425	802.9709	1473.8024
1773.6052	1377.9584	1777.4421	1526.0404
1819.0022	1436.8289	1789.007	1436.4495
1919.7968	1744.0273	1920.1757	1732.9718
2074.4878	816.9752	2075.7603	842.0122
2106.054	844.0403	2107.116	868.99506
2646.4148	1029.8522	2648.9382	1054.0065
2652.8389	1096.8334	2654.947	1120.0955
2745.1843	1547.0504	2744.4373	1534.9729
2957.005	1553.7738	2978.0166	1554.2268
2987.017	1402.7238	2978.9243	1402.2238
2114.1638	1095.0498	2112.7288	1070.9565
2303.016	1475.9829	2291.1194	1464.8082
2659.657	766.93115	2661.9695	789.0032
2904.186	539.52795	2468.156	367.6045
2927.7866	1173.0164	2929.317	1192.9757
70.62675	1306.949	73.499596	1285.9316
829.7378	1689.9955	829.35474	1712.0062
1350.793	1084.9968	1351.8217	1017.98193
1944.9523	1223.6172	2017.9797	1229.2625
2105.0173	898.99896	2103.5225	873.9688
2654.7178	761.1012	2652.9668	738.92365
2741.385	1497.9336	2739.6506	1487.8877
2947.3604	1028.9678	2949.2434	1050.0675
2963.2437	1500.8687	2965.4817	1522.0548
2965.9077	1529.8882	2968.5151	1551.0597
1736.5426	1399.9753	1737.6327	1423.9257
2008.5294	1425.9812	2010.554	1483.0159
2115.6958	1125.9591	2114.1716	1099.9899
2120.1519	1137.0553	2121.8484	1163.0751
2661.9175	1124.0839	2646.9282	1122.9436
2709.3552	854.17053	2688.923	657.1117
2870.0662	767.43884	2891.0107	769.9093
2034.256	1476.9891	2032.681	1439.9711
2092.316	1203.9846	2093.636	1231.0178
2131.845	1226.9609	2127.5947	1134.9725
2337.3945	866.09766	2336.115	845.05383
2616.0598	970.8317	2634.1208	1191.9084
2634.941	732.6172	2607.9014	730.03235
2641.0986	726.2493	2667.0452	729.65546
2643.604	1002.0374	2645.783	1025.1149
2675.0056	1056.9357	2695.0269	1058.6954
2914.1982	1052.9785	2916.602	1075.1516
2926.5256	717.94867	2931.4092	767.9601
1842.0587	1403.6505	1832.0063	1401.962
2037.9888	1517.1793	2018.9382	1515.9897
2107.7751	873.9699	2108.7068	897.97253
2638.7961	1094.915	2641.477	1120.0558
2667.0764	1434.994	2669.3281	1463.9745
2918.689	1088.9215	2921.1028	1110.1023
2963.7769	1173.8514	2965.5544	1195.1208
64.06108	1514.613	52.9719	1515.718
558.0691	1468.0808	559.8206	1444.9109
767.0075	1347.3057	794.00433	1347.598
2014.2941	1699.4774	2038.0793	1712.859
2037.981	1724.0148	2055.4836	1746.6257
2092.9575	846.00195	2096.893	932.0049
2116.4424	1069.9719	2117.966	1094.0022
2395.536	1107.835	2397.9185	1130.0088
2862.451	701.0627	2865.6438	729.04065
2906.9104	1085.9005	2909.5479	1110.0494
2924.2769	1143.9716	2926.4421	1165.0573
2987.3105	1426.1746	2985.1113	1404.8851
3005.0103	1497.9697	2988.0122	1498.1499
779.0874	1364.986	778.93304	1375.0144
1738.0232	1204.7458	1821.9626	1212.4087
2036.7036	677.96375	2037.9966	703.0517
2618.9377	783.0898	2617.0708	760.994
2729.7058	1390.0151	2728.9858	1376.0007
2902.652	513.79114	2905.8413	539.0201
579.8511	1444.0616	577.7491	1473.0543
867.0377	1380.7139	858.9152	1379.6437
1042.8674	449.51276	1062.1312	454.49258
2089.6597	782.96783	2092.344	837.9832
2332.0156	1081.9991	2329.0159	1026.9991
2641.7124	1024.1423	2639.2625	1001.971
2658.3745	1154.881	2660.31	1177.2329
1060.5023	1683.9728	1075.614	1695.1714
1155.1354	1027.0034	1155.9949	992.9746
2076.4207	853.0235	2077.475	878.9807
2090.751	1173.9536	2092.361	1200.0394
2106.7786	1137.9215	2110.801	1229.0088
2079.1204	1071.538	2119.1301	1062.5813
2117.7666	1164.0728	2116.289	1139.042
2607.7466	759.021	2609.8186	784.015
2686.064	1032.8774	2688.744	1056.1447
2913.6975	1142.9542	2915.1487	1165.0559
2926.2493	1192.1207	2922.673	1169.8917
68.96437	1158.2839	81.025444	1159.7972
842.0372	1413.999	842.506	1431.9868
876.0299	1112.6871	916.04675	1116.5105
1041.7432	1413.1302	1023.71045	1402.4907
2102.7913	781.01135	2103.9875	803.0007
2137.1816	1456.9907	2138.3042	1479.0354
2356.6577	1114.7924	2358.4617	1137.8859
2390.3938	853.04016	2383.5676	749.9624
2454.9324	1545.0807	2439.8276	1345.0885
520.8502	1482.9692	520.3959	1499.9839
792.63306	1414.0212	792.0963	1430.0367
759.00037	1534.8881	902.0021	1535.3481
1925.1184	1356.0404	1925.9886	1375.0463
2087.0195	1493.1986	2078.5596	1408.8436
2100.0837	1503.593	2073.1968	1507.3921
2954.7249	1090.924	2957.0527	1113.0995
2331.8867	869.5204	2352.8955	864.55725
2358.7217	1142.9088	2359.892	1165.0057
2382.4434	738.0371	2379.1057	687.993
2959.8838	1471.9098	2962.136	1493.9861
3009.0002	1527.1349	2992.0002	1527.1515
1921.7922	1496.4045	1897.9255	1484.145
2348.4736	757.46735	2318.3806	767.1792
2611.4653	693.0541	2609.7327	675.9259
2652.7732	1144.0106	2651.9275	1125.9099
2669.9739	738.1764	2639.892	733.7309
2877.3687	734.95044	2879.9495	754.1413
2906.678	463.36215	2898.4736	478.71878
523.2714	1445.9581	523.80054	1462.0066
1354.9808	774.0	1355.0054	739.0
1997.9594	1135.5729	1979.9083	1134.2903
2086.4111	1076.9767	2087.7175	1100.0725
2133.9602	1394.002	2136.3608	1443.0312
2319.0083	1629.5544	2295.979	1629.1228
2355.7012	1165.0898	2354.178	1143.0569
2696.015	1127.8793	2697.3984	1150.9761
840.178	1478.9547	841.17865	1504.9932
2393.3577	1131.0574	2391.314	1108.1504
2609.9717	787.0843	2612.0142	811.99884
2909.73	1045.1752	2907.0835	1025.9885
2951.013	1055.933	2952.4133	1077.105
85.76233	1557.2089	81.65997	1572.1808
492.34262	1479.0238	490.6773	1503.047
1893.0391	1523.8444	1877.9788	1524.5406
2104.4011	808.0294	2105.5803	832.0206
2118.3032	1098.9839	2119.6882	1125.0166
2911.6099	1028.0272	2912.9412	1047.074
2999.995	506.0254	2941.8777	494.62405
2994.6982	1442.967	2995.7378	1465.0123
698.86945	582.042	699.64685	565.9347
1411.2085	1423.2799	1396.332	1414.0802
2353.6924	1137.0853	2352.3193	1116.0444
2649.1216	698.98425	2647.0347	682.866
2708.6892	1070.9398	2718.5735	1184.0372
2952.2844	1500.9678	2954.7842	1523.0244
2948.9727	1428.4004	2966.0295	1429.5697
1593.9403	1176.1553	1612.047	1177.0907
2068.8052	1405.0294	2081.332	1488.1007
2909.863	1115.0183	2912.9631	1138.139
2921.9758	1116.9149	2923.817	1138.016
2994.2332	468.0361	2936.0107	453.95602
1899.7317	1451.9465	1902.1458	1439.8298
2701.4595	1006.9492	2707.5493	1062.0498
32.018856	1081.859	51.07922	1084.4075
2303.1428	1426.5659	2287.462	1417.9829
2368.8037	860.2418	2389.0034	855.01294
2394.7356	1159.0941	2393.1023	1137.1412
2655.3594	1125.8403	2657.9753	1148.1204
3003.738	1380.0306	3010.1682	1435.0972
191.23897	1580.7285	181.1402	1571.8407
2041.9845	1455.1244	2039.0779	1478.1361
2104.9922	1521.6815	2087.9944	1521.4879
2669.6802	1465.9406	2672.0442	1492.9961
70.95117	846.42035	48.028175	843.75745
766.98615	1361.0865	779.0137	1360.9044
1931.6149	1732.0797	1928.3152	1716.1417
2960.923	1146.9117	2962.949	1168.1005
3011.449	1442.0587	3023.478	1554.9491
8.645558	1411.0736	10.4859495	1394.9414
488.05408	1297.9695	504.32373	1326.8174
1714.0055	894.9513	1732.0043	896.9621
1880.7601	1481.4293	1903.0623	1493.8885
1620.1403	1070.006	1620.0001	1050.0
2955.0515	1139.1005	2952.9119	1118.9034
1601.973	868.22375	1622.043	870.6435
2963.7231	1034.035	2970.32	1086.0862
2990.3262	1404.967	2992.1438	1422.9855
146.37193	1316.9839	146.03896	1330.001
318.41327	1689.1162	326.81354	1586.9846
2238.0137	598.01196	2237.8682	586.01373
2297.0022	1641.9152	2274.964	1641.315
2945.6904	1442.0267	2947.674	1465.0281
2947.1023	1076.0769	2945.2874	1054.8898
15.630188	1347.9382	17.47237	1336.9119
2599.1438	658.87646	2602.9263	693.89996
2923.0273	1163.1388	2920.2698	1143.8187
284.2094	995.01685	287.91406	948.9931
582.56024	1308.9117	585.09174	1324.9856
2112.396	831.02704	2109.7559	772.0109
2117.0764	927.9965	2113.1548	840.99304
1979.0142	1532.9996	1978.7631	1523.9788
2642.515	1123.9807	2643.3765	1147.0233
2872.0786	723.99347	2870.8257	708.93134
2126.736	1124.0132	2123.7363	1063.9633
2132.4548	1440.9696	2131.1162	1420.9254
561.9909	1388.1641	552.9632	1387.6628
817.66766	1347.9767	818.1569	1361.9945
2144.5986	1443.9712	2141.8145	1386.0089
2382.014	748.0508	2356.0393	755.1443
2516.0164	1645.1322	2505.0015	1644.9241
1247.0181	360.9589	1265.8895	369.25146
1356.0483	1658.4039	1345.9525	1657.5851
1833.0089	1425.0001	1832.8038	1443.0092
1119.952	1029.6006	1128.9744	1030.3214
2119.324	1396.9673	2121.241	1415.9757
2941.4392	1403.0515	2943.6526	1427.1239
2958.5608	1119.9825	2959.185	1140.0254
2534.0117	1659.8497	2517.9531	1658.6062
2692.9844	1455.6823	2705.0537	1455.0845
2147.579	1576.0549	2145.8777	1563.016
2455.0005	1605.0818	2445.0	1605.0759
4.6366763	1450.1016	6.7338276	1436.9575
1929.0083	1441.0006	1927.942	1455.9958
