631.03033	393.35037	-0.845023	278.11707
154.92851	284.3505	201.04951	293.7572
435.01266	347.9356	464.0683	353.65292
60.873383	562.8203	136.08804	574.4296
463.17654	346.13342	-0.5605357	251.66014
239.07211	300.6686	268.00763	306.9649
122.12652	262.34055	170.0879	271.54178
369.91245	610.57184	438.00052	620.99664
136.16469	571.9166	62.053078	560.6508
228.13724	586.0952	156.95482	575.2979
438.06622	618.55865	371.07382	608.50793
1705.734	852.00793	1705.6083	831.99615
522.9957	632.0284	458.11554	622.2345
60.573387	233.60832	11.328209	221.80212
57.085598	631.4012	122.184875	640.70667
708.079	661.47394	645.14624	652.0257
900.336	691.0238	901.8972	668.99274
155.92686	577.48315	229.06763	588.55316
367.0661	676.53796	395.0654	680.54285
66.034096	558.7749	132.03429	568.7737
50.430687	506.51727	251.50415	539.0634
151.1216	645.1453	215.1069	654.2486
1000.66156	741.98236	1001.8627	718.94073
58.905422	255.5071	25.933323	249.3575
524.11456	638.256	457.0122	627.9207
649.1464	650.0612	703.0819	658.47473
644.0573	717.6088	698.0701	725.5212
155.05196	614.64087	219.15683	623.91614
439.15295	625.02185	368.0159	613.8983
397.14673	680.9572	426.13562	685.036
454.22186	689.45465	512.1759	697.7749
0.8837686	274.64334	27.111685	279.3818
87.841415	277.78015	54.979626	271.10025
137.08818	578.4276	59.917023	566.5386
229.24095	592.4156	153.17517	580.8481
184.9388	237.35628	221.90921	243.70758
457.92545	624.493	522.95074	634.3259
676.1395	652.96924	676.85535	632.95905
725.1893	729.683	778.1023	737.2883
756.132	665.94574	757.5019	644.0314
900.0672	755.5365	925.12036	759.1703
1003.1981	705.9809	1003.7211	683.99335
3057.0278	1255.4077	3010.038	1253.1904
51.070747	662.50574	118.967964	672.2238
60.07528	600.4881	125.13871	610.0568
370.0745	646.5212	430.1756	655.8712
672.5278	690.9553	674.7112	667.87805
146.14568	675.97864	213.06796	685.5235
346.8143	268.85782	316.91647	262.38577
374.06448	606.5683	435.04807	615.6783
487.16687	664.6957	514.1097	668.1426
647.19025	688.85333	672.1663	692.9978
676.20807	693.57526	701.115	697.2125
930.1401	732.0236	952.11816	735.17645
928.16296	759.8295	951.1353	763.0282
971.4415	764.02264	974.00995	713.9492
1466.5065	867.99835	1466.75	793.9959
2508.4502	631.78986	2670.5974	558.11395
58.761463	569.56165	136.77423	581.478
227.95941	281.19824	198.94711	275.2583
362.1005	706.3157	425.06418	715.563
457.17157	659.9097	485.10916	664.3063
645.9539	654.29913	708.17175	663.8853
667.4181	749.9479	669.5744	725.8723
753.0054	703.92737	754.75354	679.982
728.9455	701.3539	780.1179	709.2341
999.1623	769.95514	1000.44885	745.917
1408.1774	832.7201	1425.1289	835.06995
1706.5668	901.0047	1706.3489	881.0071
159.96143	573.2512	226.09149	583.40405
332.6596	352.35626	228.21521	326.14255
280.83768	257.6776	344.27026	272.87164
478.09525	322.49265	502.96954	327.1623
641.03876	746.73083	697.1709	754.8129
750.4239	731.94794	752.5104	708.86536
979.0461	739.63824	999.10284	742.1923
1402.5754	856.9922	1403.9177	783.9801
91.96907	602.85516	95.35299	578.7686
253.92761	282.35703	222.9832	276.08286
247.88148	537.7388	156.0001	522.9994
337.99347	271.03015	310.96338	265.16885
533.9619	590.2321	460.95822	578.2547
904.23224	727.63837	926.1076	731.369
1005.0856	743.39154	1026.092	746.34546
102.16695	302.00812	167.1767	312.9502
218.97707	627.15485	154.75693	617.6408
450.10675	719.234	511.03815	727.7263
926.81146	730.94507	927.92053	706.95013
929.2724	691.9659	930.1634	672.96075
1068.4712	227.04066	1063.6438	282.96924
1186.2694	735.991	1186.552	713.0068
1395.6582	1114.9812	1396.0652	1085.9869
2738.7476	530.446	2419.7925	675.7396
122.856064	644.00946	55.793682	634.4469
254.87311	533.78357	48.771996	500.40796
359.9078	962.8867	276.97247	954.26465
426.79944	688.3519	365.80658	679.3039
460.99097	620.0578	521.08484	629.4576
489.29993	621.9351	491.15393	601.92163
924.7063	757.9096	926.3154	734.88226
1250.2604	835.9755	1252.7765	759.9595
1394.6359	1158.9547	1395.6642	1127.9557
28.031841	681.13336	9.873312	685.4695
152.84831	584.00433	227.94763	595.3468
215.80125	657.41583	149.83766	648.1565
288.98248	249.08774	240.90295	239.48595
364.93063	294.32385	336.93024	288.32565
429.84262	659.0045	369.75082	649.59064
997.42615	795.9633	998.8316	773.98926
1047.0154	253.2372	1041.5481	274.62894
0.927486	1067.7585	28.0619	1070.3525
146.00964	526.9377	59.904945	513.6143
98.029434	561.8923	100.13642	542.9042
241.87732	542.75964	157.9663	529.2087
366.72116	616.79913	438.8484	627.97815
698.8876	728.76654	643.89703	720.7021
952.90186	738.61975	929.84656	734.96906
1003.16736	770.83374	1024.1654	773.8469
1024.2036	300.05923	1038.9261	0.8979412
1184.4879	770.98236	1185.2474	748.93964
3008.9678	1255.6014	3055.94	1258.1189
125.967186	613.2263	59.76388	603.6287
150.0062	521.9614	54.888786	506.6928
191.05513	576.90247	193.2205	555.91956
273.09656	1092.0442	303.0935	1095.0745
403.1268	609.9151	405.07193	589.9098
514.93036	671.4995	487.89816	667.7304
896.1026	751.0741	899.4031	701.9599
1404.6343	772.0029	1404.4576	749.9883
1459.6771	1164.9962	1460.0302	1134.9886
447.01205	575.92737	369.00543	562.96735
1005.137	706.1201	1029.1769	709.86444
3070.0537	1444.5753	2974.9626	1440.9873
401.88763	624.754	374.89102	620.7313
398.53784	648.8173	401.41336	625.80176
456.85153	630.9813	523.8312	641.1158
672.81415	696.2092	646.8136	692.2125
747.99884	761.9206	749.98206	736.91925
780.9446	712.3689	727.7921	704.384
898.06604	783.5574	950.1018	791.31726
1025.9236	749.52985	1004.7864	746.4808
3069.2224	564.88696	2738.8823	530.1188
48.077206	249.68182	1.1699135	238.29976
266.0768	1131.1199	331.10513	1136.7954
276.84857	1008.53864	349.0351	1015.6434
349.09338	1013.0472	277.99237	1006.07794
512.8284	701.166	453.92642	692.5002
950.9005	790.99365	956.0208	710.9374
1066.504	227.67273	1052.9061	248.27812
82.80703	664.96674	87.16246	639.6835
59.81523	516.1932	145.76721	529.5033
185.42542	616.78204	188.74146	592.8258
450.9717	571.1676	362.94632	556.3183
517.8644	642.8435	490.91797	638.5102
670.1628	719.939	671.9068	695.9932
1183.0914	799.9593	1184.2582	773.92194
1464.1108	1164.5004	1482.0865	1165.8292
1708.1378	1146.0122	1707.7561	1119.0176
2885.9307	530.65674	2783.2307	519.81494
391.71524	709.84766	394.6799	684.8435
373.83984	961.4722	457.05176	970.52435
478.40356	721.80133	481.51288	696.81494
636.8408	741.98645	643.66144	661.9711
708.5102	669.97064	643.9464	659.3251
700.949	700.3563	676.87006	696.90735
697.80975	754.9835	704.99316	671.91296
727.2418	664.53876	787.4141	674.4979
999.9163	745.62726	978.8903	742.8221
1383.2272	803.289	1402.159	805.80225
2776.1294	358.36343	2327.1719	597.2027
3069.034	1455.8331	2984.9597	1453.3866
256.85297	932.31647	476.0227	956.79675
271.90268	950.9496	361.8801	960.17017
481.84192	691.8705	484.51703	667.946
751.7989	736.4906	724.88403	732.85944
975.14453	766.9686	998.1139	770.1875
1030.3973	709.9924	1030.6514	689.98285
1055.2462	252.93896	1053.2155	278.01746
1057.566	248.12521	1066.8492	232.90805
1163.2192	768.52094	1183.0793	771.4651
1464.0359	1197.1058	1481.0486	1197.7892
1473.027	816.8004	1488.1564	818.8411
2841.227	1742.3223	2741.537	1671.653
45.32464	663.90466	58.450195	570.92236
28.891218	287.58038	96.152336	300.18723
132.65572	1250.1105	104.05851	1255.3212
421.98676	1360.2506	154.15431	1346.0829
177.59125	678.8191	180.79826	653.8457
365.08633	1100.1185	395.09232	1103.0574
369.94977	1017.4972	436.97284	1024.2689
466.00024	963.99744	266.69852	944.0055
485.78207	667.4379	456.84058	663.0519
547.79095	582.2539	358.71112	550.73285
644.97565	651.066	646.47095	628.96423
778.89777	740.6818	753.86084	736.9284
922.8371	786.92847	924.316	762.89636
1041.8983	279.9348	1040.8302	297.98996
3004.0369	1253.2123	2963.9375	1251.3372
3011.055	1217.8225	3044.03	1219.3574
2.0643404	1027.3218	35.146076	1030.4602
95.83183	578.0484	64.82756	573.075
187.87553	591.85986	159.88309	587.8077
282.09076	1003.92773	313.0383	1006.5476
445.58304	719.0576	457.75122	595.87665
539.90466	585.58435	457.9641	572.22015
765.9644	426.1834	647.9479	403.26852
778.0471	766.0037	784.5048	684.0398
785.1252	671.8999	787.74854	648.97125
904.8982	690.53796	957.29254	700.4544
926.80115	734.36237	903.8521	731.0132
1400.1528	1158.3738	1417.0972	1159.9661
1441.1017	1194.8542	1458.1449	1196.366
1705.8766	819.02734	1705.3654	798.01544
1708.3317	1187.0011	1708.2881	1159.0011
3046.9924	1222.1792	3010.972	1220.6743
0.5914761	304.16696	594.95856	416.2199
222.8115	597.2207	192.90694	592.6026
277.15695	1053.3053	307.08548	1056.0771
399.05206	1103.31	425.0549	1105.2723
484.89502	662.88995	487.29086	638.82983
641.11316	424.40433	1151.1339	521.2949
950.956	766.2904	898.79004	758.3858
918.1031	1111.4818	940.0697	1112.9735
1172.482	1090.9755	1173.8075	1062.9436
1394.0576	1190.9774	1394.7756	1160.9707
1409.9651	807.2277	1425.2197	809.5671
1690.153	1185.3458	1708.092	1187.0045
67.12341	1033.6947	98.129875	1036.6263
129.9734	228.12119	102.003624	221.98347
310.09982	1056.7585	339.0733	1059.0886
486.94498	638.3339	460.83002	634.03174
1128.9995	1761.5908	647.00024	1762.2108
1052.5381	248.18047	1029.8597	241.4745
1447.0758	813.3128	1465.1864	815.30945
1467.6589	782.0031	1467.4493	758.9959
3051.9485	1026.7595	2928.9048	1018.4015
60.117306	1073.5674	93.060196	1076.2649
129.96445	583.22943	99.91126	578.5727
119.07815	671.0108	131.17094	583.7465
307.0477	1095.3978	335.10925	1097.6207
342.1529	348.25443	393.0626	358.69482
602.0537	1035.5132	630.04395	1038.6017
626.06714	1123.1794	651.0635	1125.2242
794.0819	778.41364	628.9526	755.3394
1024.9685	777.2068	1001.8948	773.6906
1253.2194	747.9809	1253.8068	723.9708
1399.0609	1191.179	1416.1155	1192.4456
1482.0211	1169.7963	1463.9049	1167.9155
55.028313	1113.6542	124.05691	1119.3048
102.08383	1037.0267	133.11203	1039.6995
402.08255	1065.0448	429.13974	1067.3828
424.75558	714.9731	434.14682	629.79565
459.7696	575.40735	539.09906	588.395
598.1749	1083.1986	626.1057	1085.9113
1245.0771	1143.8918	1263.1289	1145.1489
1257.1707	783.7289	1275.1157	786.13837
1440.098	1162.0527	1459.1016	1164.0188
1472.1943	842.29224	1488.1022	844.10205
185.99167	1247.066	152.76352	1242.8749
158.84738	531.943	239.83015	545.0495
370.0814	1062.0546	398.0463	1064.4623
395.4852	677.94226	398.06985	654.8957
438.99417	1022.0581	369.0955	1015.0479
712.4716	1045.8821	714.7833	1015.9062
710.10645	1130.7648	734.1006	1132.8328
725.3231	665.0831	726.9032	639.9311
917.1446	1063.9443	919.0335	1034.937
1460.6428	1121.003	1460.5833	1094.001
1464.0114	1122.8398	1484.1229	1124.2607
1932.7439	934.02014	1932.4548	915.9767
681.0817	1128.0841	705.0692	1130.2244
1037.7034	678.80756	981.7337	669.62286
1183.8708	774.91437	1162.8662	771.9476
1170.4392	1135.9208	1171.9595	1105.9473
1219.1395	1141.3351	1239.0833	1143.0061
1244.0667	1177.1763	1262.1104	1178.635
1256.1808	809.9278	1274.175	812.9613
1374.0913	1113.1091	1396.0656	1115.3604
1374.1312	1155.7781	1394.1155	1157.9247
1384.2456	829.2739	1402.1674	831.8236
1427.4738	862.00543	1428.3319	786.9809
1471.0234	867.835	1488.2439	870.2865
1691.0864	1216.7644	1708.0732	1217.9534
1706.0508	1587.9978	1706.1136	1560.9956
96.091484	1076.7943	127.06491	1079.1447
403.93018	1374.3834	195.95522	1363.8876
510.96436	726.9964	519.4997	642.84784
520.68085	627.963	523.124	606.8984
706.0415	659.8234	708.1956	635.9275
713.0826	1094.0709	737.0708	1096.2032
723.074	758.4922	777.09283	766.3631
1007.3977	685.0611	1006.4835	705.9774
1148.163	1134.3231	1170.1497	1136.4607
1488.0472	822.7051	1472.7979	820.2613
2717.1033	1516.7416	2611.0615	1523.0347
3007.0605	1184.7772	3040.0293	1186.4065
181.60664	646.7997	184.90659	623.84283
314.9624	973.38336	287.92822	970.7318
315.07996	1007.1423	347.0815	1010.1254
357.10815	707.0115	366.574	617.9547
433.0658	629.54816	405.9135	625.59393
683.1634	1091.2769	708.12854	1093.6442
1025.2594	801.9593	1029.6605	721.92633
1029.7201	244.9364	1049.7257	250.91737
1374.1168	1188.7819	1393.1337	1190.606
1384.0504	855.6076	1402.1375	857.92883
1448.1764	838.727	1465.128	841.0752
1470.5935	794.00323	1470.1906	868.0119
1708.6584	1218.0026	1708.4537	1190.9966
1762.8241	862.0181	1762.5	841.0077
1768.7332	1558.0096	1768.5355	1532.0111
3011.0535	1250.7734	3049.025	1252.4304
93.93287	1320.7631	73.18179	1326.6417
87.77124	632.8243	91.21455	608.7447
141.17767	674.023	152.72472	584.9643
212.57318	683.94543	223.69202	596.96063
183.98839	1354.2306	415.95444	1365.9053
452.8995	972.92883	374.9464	964.49524
347.88165	540.7099	559.98865	576.0682
897.83374	646.9807	968.8277	659.01624
916.0944	1146.8661	938.10834	1148.6987
979.1274	702.16907	1002.0486	705.6831
1042.3049	276.03842	1029.0521	271.83563
1393.4723	1222.9899	1394.0109	1194.981
1417.9302	1163.7782	1399.8959	1162.1602
1458.3977	1227.9856	1459.8342	1167.972
1465.822	845.0323	1447.8394	841.9317
1706.1658	1516.0093	1705.5175	1458.0166
1763.6716	910.0049	1763.0024	864.99994
3041.9973	1189.064	3006.974	1187.6285
46.968826	945.28076	18.871113	942.1607
38.87407	489.76953	265.03595	526.7804
406.06488	1016.29456	437.07843	1019.1474
810.7939	626.2461	636.75806	597.4628
718.295	753.02277	724.77936	668.9059
890.1285	1108.681	914.0959	1111.0161
887.1043	1144.4999	911.05804	1146.1655
957.2458	697.9614	958.3198	676.9652
965.0529	1151.3098	988.0709	1153.0751
973.1739	794.7616	1024.1516	801.92053
993.4807	1072.9156	995.1435	1042.9525
1033.8243	0.9174845	1012.91797	298.7837
1146.052	1168.3262	1168.0752	1170.0249
1190.0625	772.63916	1208.2106	775.7853
1383.1603	768.01086	1404.2546	771.4283
1481.0107	1201.8573	1463.882	1200.5634
1713.0634	1187.3672	1728.1128	1188.8741
144.10638	999.91327	69.83915	992.6432
437.9418	986.4893	411.8353	983.3851
631.9337	1006.6528	605.8976	1004.00793
720.1679	615.9809	641.9839	603.09766
770.052	997.496	588.8142	978.8012
979.6097	681.02966	978.5887	702.0286
999.90857	773.63934	974.84894	770.05634
1167.1609	1204.9071	1168.6755	1174.9331
1231.1798	779.76843	1251.1913	782.69006
1241.8749	1098.9688	1242.6804	1069.9911
1401.9419	835.379	1384.8829	832.76404
1406.4227	836.00134	1406.3525	858.0075
1425.979	839.1219	1406.8569	835.8311
1469.1309	781.97723	1490.1703	784.6686
2667.9578	893.86554	2556.906	928.70056
3003.0923	660.0995	2887.9685	648.30817
2964.9573	1254.0646	3004.0146	1255.6343
0.814219	1108.6444	24.082117	1111.2732
62.02402	1224.9945	26.972355	1224.1572
76.001335	1611.5754	0.9957949	1611.3401
73.11816	982.77014	141.06743	989.2981
608.7893	422.11798	0.7107997	307.53476
224.01765	1460.5521	281.0079	1462.7992
305.01074	1376.7872	389.0489	1381.032
298.98624	1463.5293	354.02704	1464.9601
359.09717	1138.8107	423.07858	1144.0382
420.8344	367.84763	334.9852	351.07578
425.93262	1108.7992	396.88617	1106.3497
594.1396	1120.4276	623.0889	1122.9982
640.9295	418.33267	610.7988	411.94952
1055.6908	666.79663	892.86725	638.7712
974.75854	771.04144	973.4999	794.0819
1071.863	224.48953	1031.2448	213.1254
1160.0985	822.3149	1182.0757	825.47363
1162.1156	795.21063	1182.1259	798.141
1182.3662	823.9845	1182.9044	801.9488
1175.1754	1137.0564	1195.1034	1138.8549
2452.553	727.3246	2749.1357	603.53345
2648.8955	668.7462	2538.5059	714.2279
60.267975	561.15784	63.654465	533.957
154.28702	576.14886	157.54951	547.9479
312.103	1004.89575	315.71188	973.8503
348.85913	977.2199	320.8857	973.9897
629.00854	1037.9104	631.81055	1006.8926
628.0604	1086.1782	654.0669	1088.0906
712.83545	636.98694	703.2318	758.09766
990.7335	1116.9196	992.6398	1086.9136
1276.1904	840.00555	1278.4388	762.95447
1383.4523	781.9957	1383.2888	803.01
1408.5658	749.9911	1408.113	772.0434
1767.2649	889.9786	1767.6041	910.0236
2887.8176	651.7948	3002.8496	663.48004
2960.074	1214.9774	2994.041	1217.431
55.040154	1417.831	82.97285	1418.7905
128.0396	1122.487	50.04125	1116.4657
225.72946	581.96643	228.34198	560.91833
277.90994	956.86395	358.08124	965.2206
310.03464	1454.9031	370.03796	1456.7986
373.1186	1012.81476	404.00946	1015.9053
158.02681	1524.733	403.02292	1529.9174
559.9835	1599.3569	587.9701	1600.6481
647.6673	663.05945	640.26935	746.1131
686.89966	995.92914	758.0418	1003.6129
931.7754	707.0411	930.5013	731.0796
1028.1716	350.01535	1031.8378	308.9855
1030.7816	216.78494	1066.777	226.80128
1174.1198	1170.7212	1194.1316	1172.595
1435.7719	746.4566	1385.746	738.622
1766.9222	1192.9939	1767.0708	1166.9948
2713.0798	1445.9877	2605.9705	1454.6355
2673.7512	1036.9767	2572.88	1061.5061
2920.0105	1797.3424	2817.9727	1795.7185
69.9508	987.51086	142.94783	994.5417
184.08751	157.65063	169.0303	153.87903
339.93625	1062.6875	309.91617	1059.9043
650.49976	627.96643	649.08307	649.0727
865.01697	1467.2352	850.9795	1466.9233
913.9469	1114.5562	889.8799	1112.2579
1031.7781	720.3925	974.94653	711.3356
993.13446	1153.5944	1015.1246	1155.698
995.112	1118.7125	1017.11945	1120.6273
1170.8501	1140.4203	1146.9058	1137.893
1211.6835	739.98895	1212.4525	718.0158
1382.6636	805.9873	1383.1235	829.97845
1401.9171	809.529	1383.8895	806.70575
1406.207	858.6445	1426.1989	861.69806
1728.9111	1223.747	1712.8999	1221.841
1772.0785	1193.8345	1787.0778	1194.8447
3041.9128	1037.3018	2937.9768	1030.3457
2994.9954	1220.0947	2959.9324	1218.4097
674.8757	361.56384	695.95337	366.2115
752.84607	1010.51636	687.90607	1003.92523
911.9366	1149.9011	887.9148	1148.21
967.0565	1116.2429	991.07196	1118.0356
971.9158	1024.7947	1035.0543	1031.487
1044.4321	276.12613	1051.4028	252.242
1207.972	779.16174	1189.8235	776.0198
1497.7351	756.6209	1451.8174	749.11743
1775.9531	1488.2664	1788.0476	1488.7136
2957.056	1182.8289	2989.0308	1184.3523
3038.02	1156.581	3003.9543	1154.9617
133.25908	567.89087	136.34953	546.90424
235.83339	548.0152	159.74916	535.52844
335.9011	1101.1224	271.86954	1095.4806
334.0861	1140.0032	262.01907	1133.7793
529.83563	595.0208	461.67065	584.04553
734.933	1136.6595	708.897	1134.0138
737.89874	1100.0037	711.8611	1097.3771
787.6586	682.1155	725.9739	672.1619
1168.7517	1170.9305	1170.4219	1140.9122
1274.084	816.4824	1255.7552	813.50867
1384.1201	834.0012	1383.9036	855.0196
1407.6399	784.00916	1406.9407	833.0277
1458.9333	1167.6455	1439.8273	1165.6715
1490.2507	871.00305	1491.1703	795.9776
1710.0745	903.4187	1728.162	905.73505
1713.0868	1218.7147	1728.0859	1219.7284
1750.11	1191.7332	1766.0764	1193.1189
1768.8495	1517.0182	1767.9664	1461.0164
1938.6663	1209.006	1938.5497	1183.0021
2632.0017	1518.0293	2708.929	1513.7306
2964.018	1248.6655	3000.0205	1250.6211
3069.0024	1797.105	2923.9954	1796.7125
2.7813277	686.315	248.1326	720.0353
6.985282	981.14716	45.995094	985.049
46.060425	982.34064	10.988412	979.12646
209.032	1451.1346	273.01846	1453.5011
233.38388	1685.3632	247.62862	1671.5824
306.95187	1059.5355	276.92484	1056.836
371.92288	1442.99	373.996	1426.9995
402.8913	1013.8917	405.90897	982.9911
435.57462	614.819	438.23093	593.90234
459.10043	633.01056	450.09427	718.905
705.45404	1129.868	708.1882	1097.8453
717.0122	1047.8452	743.0866	1049.9028
744.90765	1018.8733	718.8815	1016.12067
964.6893	666.83	905.69226	656.8125
1016.9497	1124.4691	994.88165	1122.1046
1005.7319	719.05054	1004.00024	744.13806
1164.0299	732.8157	1211.0884	740.456
1231.6945	757.9865	1230.7177	780.0759
1275.026	789.8242	1256.8325	787.1321
1374.0222	1127.0005	1373.4327	1156.029
1393.874	1194.3357	1373.8634	1192.4485
1709.1958	830.95483	1710.0302	853.0366
2510.2766	540.50635	2454.7168	567.4151
2930.8984	1022.46594	3049.9504	1030.7151
57.9742	1168.149	49.98155	1168.3915
274.87833	1439.9839	277.01355	1423.8693
405.88254	983.0619	377.8932	979.9656
686.0393	1044.5702	713.0875	1047.0428
702.48395	1165.9576	705.02826	1134.9203
708.5025	1092.8774	711.20496	1059.8531
743.041	1049.9208	745.60333	1018.8847
758.1851	680.0764	756.5793	704.97284
946.8011	1038.3552	923.85504	1034.9877
1064.3572	312.1197	1072.0475	224.916
1161.2781	798.01135	1160.3397	821.05457
1163.0352	746.0014	1162.1201	769.0445
1156.6532	682.6832	1165.9935	731.42633
1250.035	812.77106	1229.8949	809.686
1250.9341	786.3921	1229.8573	782.8485
1377.1501	721.56305	1386.3295	766.7298
1690.1965	849.8026	1705.1227	852.253
1766.694	1152.0059	1766.5781	1126.0018
1930.7644	854.02905	1930.3395	835.9685
2705.038	1461.4875	2619.0933	1468.1941
2985.9897	1154.2037	2952.9724	1152.5514
10.091859	976.06366	42.078316	979.2017
652.93256	1128.8019	594.92255	1123.9207
713.91565	1015.76337	689.8776	1013.1077
889.9162	1015.7704	957.98083	1023.176
1052.8347	282.91672	1051.5394	301.03854
1447.5175	791.008	1447.1776	813.0182
1465.1193	819.2252	1446.9346	816.4249
1471.5414	760.01013	1471.1466	781.0403
1688.0012	1484.5309	1703.0038	1484.57
1766.2974	841.9729	1766.7166	862.02686
1768.0051	910.9618	1783.1343	913.0056
1933.9955	1526.1204	1971.0558	1527.5018
2292.4478	685.82086	2314.7925	616.9327
2991.001	1186.9784	2956.018	1185.5565
2959.9993	1075.0393	2975.0137	1075.3623
173.90541	930.87415	0.87539023	912.1516
104.85176	984.86554	108.704	951.96533
334.11475	298.29694	307.99448	294.03384
376.06903	586.00635	374.21463	606.20337
430.0112	1070.8732	368.86978	1065.475
517.825	386.8542	426.75433	368.19925
714.005	625.9696	649.7795	615.3313
953.9124	1030.7983	893.8671	1024.2114
980.80927	661.1297	1046.9497	672.2976
1168.929	1173.8662	1145.9197	1171.9785
1240.1759	1143.977	1241.0393	1112.9733
1230.0796	806.4116	1250.1189	809.12036
1373.5873	1160.0144	1372.8785	1189.0215
1448.166	864.6902	1466.131	866.96674
1707.9435	1190.6278	1689.9095	1189.004
1708.9196	1221.7826	1691.8939	1220.0312
1708.6366	1249.0071	1708.4965	1221.9974
1776.0018	1558.6725	1790.0072	1558.7533
2745.0586	1676.9222	2826.1958	1738.067
3069.0486	1436.3217	2967.9595	1433.4017
42.996643	1169.9755	25.906378	1172.3165
627.78033	345.66956	663.5401	357.40182
1860.369	662.08813	640.8698	426.67447
662.86945	1010.15967	635.87384	1007.12103
793.7874	639.2708	731.685	628.8831
903.45953	703.03296	899.7309	755.05237
1237.7959	1209.9572	1238.8287	1180.9583
1393.9167	1161.6975	1373.8447	1159.3004
1417.0424	1196.5875	1398.9253	1194.7274
1750.9764	1558.7365	1767.9706	1558.4196
2247.7844	867.31964	2142.9666	850.2045
2290.4812	1662.9727	2278.995	1461.0571
34.009003	1033.9033	0.83105785	1030.815
186.84105	916.5381	0.7614954	897.30786
222.9542	1162.5941	461.0805	1180.9562
372.4955	619.1715	362.62976	705.18695
443.99042	581.05994	371.75803	569.51373
653.1713	1127.0154	659.6618	1054.8796
653.0056	1564.656	680.9981	1565.115
899.91797	759.0464	898.7541	782.0886
933.72644	673.0359	932.7361	693.08575
988.6667	1152.9164	990.5493	1122.9089
1182.8988	801.7194	1161.8923	798.766
1189.1316	799.1692	1206.1792	801.86804
1425.1215	813.23444	1409.8707	810.815
1408.2645	772.2987	1428.2479	775.4055
1448.2423	840.9921	1448.3887	864.0039
1491.4135	785.0013	1491.4791	763.99524
1940.6448	1268.0708	1939.3359	1243.0347
1985.7599	942.0177	1985.4884	922.99304
2482.093	583.18805	2503.7458	572.4856
2954.0183	1150.3959	2984.021	1151.3109
28.060907	1114.2776	0.9166128	1111.9891
29.949484	1073.6772	0.887408	1071.5094
97.91364	1039.9603	65.9027	1037.082
108.00545	951.9559	77.96928	948.24896
178.07271	1319.173	163.67372	1325.2235
204.98143	1484.7046	268.9897	1486.3912
277.007	1420.1398	279.26123	1403.8975
590.0843	1157.9535	649.0241	1162.701
632.05804	1039.157	660.063	1041.0848
660.29266	1040.9314	663.2922	1010.0284
909.17194	1181.0133	911.51117	1150.8844
914.0854	1110.9463	915.9661	1078.9392
975.2332	702.96356	976.1839	682.9612
1003.76495	746.0268	1002.923	770.0673
1230.0402	811.001	1229.5183	833.03595
1255.2052	836.7509	1275.1594	840.02954
1278.8226	750.9953	1279.4047	729.0107
1457.9792	1200.1888	1439.8682	1198.2004
1464.526	1093.0001	1464.5201	1121.9999
1772.0377	1224.3817	1787.1036	1225.2999
1771.0331	1153.6786	1788.1604	1155.4419
1937.6615	1168.0042	1937.5879	1144.0012
1984.7908	918.0198	1984.4957	899.9919
2709.0374	1535.7633	2627.038	1539.777
0.914103	1115.2927	24.940912	1116.8893
162.03003	1421.0211	149.01189	1421.404
356.8779	968.19714	280.85284	960.44257
397.42734	1062.9406	400.7556	1030.8708
436.18884	1018.91144	439.68933	986.8569
460.91165	580.5348	530.1689	591.9779
576.0559	1525.4513	619.99866	1527.0374
625.9803	1089.2417	598.9156	1087.0349
625.073	1083.9227	627.6581	1052.8882
683.0103	1517.0707	684.06964	1501.9349
714.46893	1517.0529	716.1643	1502.0186
730.7245	639.99146	730.0418	662.0632
730.79083	620.25073	802.947	632.31696
941.0068	1116.9188	917.91724	1114.9918
977.84875	714.10504	974.84375	766.99115
1148.7074	1104.0405	1147.9945	1134.0474
1302.7163	709.60443	1155.7146	683.614
1161.9027	487.45575	1192.7773	494.0434
1208.4369	829.97626	1211.7289	751.94635
1726.0233	858.85095	1689.8152	853.1804
1706.7124	876.0254	1706.357	857.993
1772.4309	1532.9971	1772.4832	1558.0011
1767.0647	862.40466	1782.1045	864.038
1920.7911	1510.7742	1880.7903	1547.7732
1932.7505	911.0417	1932.1152	891.99615
2548.222	720.53955	2643.195	681.4745
14.039226	817.7104	0.960075	817.31256
34.717	1030.9579	40.106373	994.7184
69.43237	535.0543	66.647644	557.2071
133.88863	1043.2335	101.87871	1040.3434
144.97148	955.2824	113.88458	952.1428
382.9714	1511.0668	184.95285	1505.7589
394.88492	1106.2521	364.86282	1103.4926
374.07535	1423.1241	375.93817	1406.9929
565.99756	1477.8995	581.0372	1477.5352
717.9597	621.23914	645.98236	609.1047
675.6606	697.047	673.9476	721.1385
709.0038	1096.9469	683.9171	1095.1694
890.4608	1076.965	886.03174	1145.0671
958.7244	708.72205	900.61237	699.42206
1147.4911	1139.0239	1146.0784	1168.0525
1218.1368	710.2106	1166.7739	701.3035
1218.1095	1174.8503	1239.1095	1176.8512
1220.0282	1097.7078	1267.0729	1102.2449
1483.4637	1231.0077	1485.0155	1136.9673
1518.7574	1262.9976	1520.739	1067.9872
1710.3623	859.0009	1710.2534	902.00574
1728.0302	1192.7692	1712.8966	1190.7913
1762.6622	827.01794	1762.4067	808.008
1784.7393	832.04803	1783.9752	812.0009
1992.6068	1174.0713	1991.3738	1149.9808
2346.0027	1758.5056	2194.9963	1759.2932
2669.1965	1049.8197	2582.1675	1070.6979
2681.9038	1027.6135	2566.336	1056.351
3034.9075	892.1069	2910.9382	881.73706
2993.791	670.9749	2895.8293	660.6135
3070.9204	446.98044	2776.256	357.15994
138.87317	1004.24713	105.909004	1000.8947
748.91077	1392.8147	560.92267	1383.5724
678.20245	668.0165	676.16046	693.0945
681.0104	634.0009	679.1802	654.1074
675.0808	1165.0417	733.09	1169.932
712.9974	1445.9755	725.0027	1446.0077
728.4796	675.11914	721.7936	758.1444
579.02484	967.78235	780.03	990.737
927.8334	763.0373	926.7575	787.0787
993.96484	1043.3413	974.8585	1041.373
986.80817	1187.9313	988.5405	1157.9158
1230.5549	700.91626	1232.7682	742.0125
1285.6793	721.8791	1235.7676	713.36194
1420.9033	1117.9998	1420.9695	1088.9999
1439.68	1132.9932	1438.3439	1196.0284
1446.6373	737.956	1447.7123	777.954
1446.6807	816.99744	1446.5049	839.004
1671.7859	762.9988	1671.6298	920.0006
1692.1453	900.05566	1707.099	902.3563
1729.9078	906.0242	1728.3127	833.9931
1752.1125	1222.7404	1767.0824	1224.0774
3041.0164	1120.6469	2949.1223	1116.372
64.17455	573.1697	51.457066	661.21045
321.09406	729.3535	545.1519	761.9559
781.00366	436.98126	706.9164	422.4255
812.77313	797.917	824.88086	618.9243
938.9306	1152.6819	915.8642	1150.3347
1014.96826	1159.3333	992.8828	1157.2313
1029.0088	1038.9187	972.7986	1032.8724
1028.6304	275.3099	1041.7172	279.00256
1186.0602	826.5073	1207.2328	829.0951
1206.9387	805.4038	1187.7731	802.4946
1238.9136	1176.9623	1239.9559	1146.9637
1364.66	709.9926	1361.0178	877.0222
1374.0818	1190.9933	1374.2686	1221.0045
1399.3215	1129.9832	1398.5999	1159.0397
1419.8684	1089.0565	1401.8981	1086.819
1439.5614	1075.0103	1440.5876	1119.0096
1726.0396	1489.6687	1711.9629	1489.2511
1712.0056	1485.5592	1726.0161	1485.738
1792.0083	1563.5164	1750.969	1562.814
1984.6509	895.01306	1983.9381	875.9649
2318.0874	639.3308	2295.8137	712.5517
2401.9834	1474.796	2323.0193	1481.2379
6.9620204	1547.2825	56.00785	1548.735
142.74672	532.61255	63.809265	520.21436
122.01688	1228.041	100.54287	1236.8907
302.00974	1487.6685	367.01245	1489.5759
524.52484	641.9522	515.5777	730.9576
755.9606	709.0706	754.20044	733.0147
880.97235	625.99786	867.2011	805.09235
918.8819	1035.0208	895.8432	1032.3556
1115.4208	504.0876	1039.6487	489.87244
1149.8894	1045.0087	1212.8993	1051.918
1161.6272	768.99677	1161.3914	796.01215
1263.0325	1182.6897	1242.8351	1180.5751
1257.7544	724.9891	1256.727	748.07684
1704.0057	1488.548	1687.9829	1488.3444
1732.0681	795.60474	1692.8545	788.8437
2255.8733	858.779	2134.8223	839.09326
2566.5981	510.4963	2581.6145	498.51675
144.06456	992.32635	70.07329	985.2353
92.93475	1079.7349	59.928593	1076.8042
138.07892	227.61214	176.89627	235.50984
344.22507	536.0269	321.1333	729.1355
426.06363	1147.2153	356.03766	1141.5359
485.36334	697.16	482.42938	722.1677
764.9783	1379.3943	546.9785	1367.3901
655.0047	1091.9492	627.86755	1089.4219
733.38696	1169.0323	742.1845	1063.8481
905.61005	668.0366	904.34564	689.0809
929.82874	735.04724	928.4594	759.0831
1195.0239	1142.787	1174.9402	1140.5322
1706.6241	1619.0084	1706.4639	1592.9972
1710.9984	1557.0573	1725.0153	1557.4355
1931.7782	888.0138	1931.5525	867.9938
2669.0942	1170.6221	2651.054	1173.3561
3056.091	1020.689	2920.979	1011.3018
2999.0024	1532.8619	3071.0154	1534.1036
128.93379	1082.7971	95.91243	1080.0543
273.0222	1456.8643	202.01021	1455.4775
280.40485	1018.28467	267.14978	1130.2545
297.3151	1132.804	301.27252	1098.799
306.35806	1054.925	310.2264	1021.7929
331.98178	1136.1144	344.9399	1024.8765
606.1754	769.7699	812.12305	799.1373
650.0463	1162.0039	651.97815	1138.9146
978.19324	706.6593	1015.8433	712.0867
1149.095	1090.1265	1197.1791	1095.3517
1397.5841	1193.9972	1397.3859	1223.0162
1429.0748	776.0271	1428.429	753.9874
1485.2516	1124.0035	1485.6405	1095.995
1705.8938	1557.0137	1705.5724	1530.9929
1711.1304	853.15076	1725.108	855.29614
1709.0264	1516.1324	1728.0392	1516.7091
1993.9211	1243.0186	1993.4906	1218.0088
2375.3855	985.1849	2289.698	1013.0718
2637.3257	691.7958	2554.8218	725.5648
2676.2212	1201.2156	2655.014	1205.0765
2994.9275	840.908	2965.9526	838.5939
2996.028	1076.5713	3026.0303	1078.5392
2996.0574	1109.7711	3030.03	1111.3561
1.1567383	903.48035	180.1096	921.9373
67.898415	927.98865	141.93869	935.5967
31.031986	1147.6227	156.97466	1158.299
618.89215	1150.988	621.57196	1126.9523
1047.8607	1026.2628	880.7971	1007.8398
892.09314	1063.0098	918.0516	1065.4514
1190.7224	713.9878	1189.753	736.0769
1399.1176	1115.8502	1420.1027	1117.9965
1513.743	744.55975	1375.861	721.8443
1727.7754	822.9997	1727.8033	801.99976
1921.0614	1168.3608	1958.104	1171.916
2160.726	890.0546	2159.993	872.9574
2159.0212	1193.7211	2190.0698	1196.0803
2212.8428	975.0127	2211.3103	955.97504
2398.9983	1484.9789	2330.0808	1490.9348
3070.4148	1459.9979	3070.6165	1500.002
98.93361	612.4353	123.81251	616.22943
192.4998	593.0671	189.01956	619.0026
248.59714	719.95435	270.91046	522.98987
481.80176	951.7289	252.83095	925.47437
389.3343	1139.9281	392.90118	1106.8813
628.3583	761.3167	789.94965	785.33856
705.9268	1133.8374	679.8637	1131.559
886.90717	1147.1471	884.3587	1180.182
890.402	1021.73334	893.55457	1061.9565
920.1123	1065.8107	945.0785	1068.1687
945.8147	1067.9875	947.81903	1038.0548
1163.9965	692.0204	1223.7775	702.2945
1481.9628	577.17816	1419.9532	564.2238
1463.4742	1135.9955	1463.563	1164.9983
1712.995	878.0269	1726.0977	880.4779
1710.0712	1147.2573	1730.0791	1149.1747
1749.3002	1108.9983	1749.5304	1150.0083
1766.2156	807.9636	1766.5448	828.02386
1767.6525	1224.0099	1767.4543	1197.0114
3025.998	1081.0333	2994.9292	1079.2004
3042.037	1530.1528	3021.9443	1529.2712
23.985003	1508.4401	60.01132	1509.6678
65.98133	1120.2134	124.88039	1125.3671
158.07065	587.1383	146.6908	675.21844
285.65106	969.966	282.40933	1003.23474
439.7754	628.87036	430.34656	717.93085
494.6401	603.0521	492.92902	624.0756
593.995	1124.1771	591.0648	1157.1833
792.0439	649.9279	782.98553	770.0743
868.10767	454.461	785.79675	438.0174
880.02234	1486.687	850.1034	1484.5516
999.50116	294.36462	990.8937	306.1951
1037.765	308.0672	1033.9058	351.99173
1146.3018	1172.0106	1145.2443	1202.079
1171.1624	505.31787	1161.436	488.7441
1186.5197	802.00433	1186.3201	825.9943
1418.9591	1225.9993	1420.7269	1130.9763
1439.687	1196.987	1440.2505	1226.9952
1749.3185	886.9791	1749.6663	908.97363
1767.5555	1253.9999	1767.5634	1228.9995
1782.0238	867.86865	1767.7666	865.2902
1939.6208	1238.0056	1939.5188	1212.9979
2269.9424	1150.5107	2144.8445	1136.3766
2366.0017	1784.2555	2327.9968	1784.4962
2975.989	1078.1761	2949.9656	1076.5524
0.94595844	1010.9952	2.736816	990.8875
75.98695	1779.5902	5.9942155	1781.8182
261.92603	1136.9221	334.02362	1142.7054
261.04	1129.1237	274.25735	1017.91174
346.5684	1009.9524	350.2	977.02203
409.2635	590.0303	406.9547	610.1098
423.2925	1142.9266	434.60257	1033.8551
447.93243	977.66595	375.86264	970.35394
604.38824	1003.9565	602.17035	1035.1543
1020.9536	1046.3832	1000.88464	1043.9524
1447.0648	778.5446	1467.0863	781.3931
1689.1473	1144.7415	1708.1215	1146.9622
1709.4491	798.98785	1709.6171	819.0116
1709.036	820.66144	1726.1614	822.4801
1766.995	1125.1494	1754.9414	1124.7448
1789.2507	1155.001	1789.3501	1128.0013
1951.7145	1567.0099	1951.5144	1540.9961
1983.8242	862.01306	1982.4806	843.96423
2162.7463	945.02277	2162.419	926.97424
2642.0828	1239.4839	2616.9631	1243.7854
2978.9941	1445.1399	3068.9653	1448.8442
3070.5386	1285.9998	3070.4395	1437.0002
23.397522	1109.9097	28.806261	1073.821
64.16701	527.80975	140.07568	538.4606
269.86667	522.791	34.63892	483.1422
463.16556	597.12274	460.84103	619.1939
673.5361	725.13495	671.3414	750.11786
718.775	1016.1192	716.70215	1046.98
793.05707	431.72495	770.0114	426.94482
1143.1073	672.0048	1135.4506	843.0202
1194.0516	1176.5302	1172.8678	1174.2031
1166.9257	705.39624	1217.2191	714.832
1198.9974	1095.9999	1200.6115	1065.9791
1412.6957	505.66293	1432.5594	514.7814
1790.7476	805.5032	1751.6741	798.9409
1836.836	1867.2107	1841.6958	1847.9233
1935.7903	891.9526	1936.9932	912.0004
1944.0099	1239.5571	1958.0253	1239.8712
2009.7468	840.60254	1974.8284	835.08685
2162.6594	1902.0005	2162.635	1885.999
2171.9836	1193.028	2171.3496	1170.018
2176.7302	1288.0889	2175.1099	1264.9224
2226.6406	1292.0857	2225.1836	1268.9884
2395.8284	1318.0093	2307.7012	1333.2754
2516.8909	1808.2242	2835.9656	1819.0165
2906.9	885.18994	3040.051	896.3948
184.69914	654.0896	181.48228	679.18994
393.51636	1101.8534	396.77554	1068.879
488.1972	668.1244	485.61658	692.96014
482.00632	1836.0006	614.06604	500.80872
683.9404	1057.2311	675.5394	1164.121
938.465	1184.9661	945.0149	1081.8739
963.82715	676.0499	956.5913	795.97534
990.9478	1121.7203	966.929	1119.9795
1035.8729	689.04376	1029.9634	806.94806
1189.0923	749.0471	1186.8898	800.08154
1328.9512	547.2441	1267.9894	535.0532
1439.1488	1119.7059	1462.0757	1122.3418
1462.582	1200.0016	1462.5012	1229.007
1488.021	847.8357	1471.9009	845.7754
1711.7693	1118.9846	1712.0049	1146.0087
1943.2288	1212.9758	1943.7212	1238.0251
1961.9994	1271.0234	1959.9614	1183.9775
2003.9475	1628.8582	2041.9714	1629.5562
3008.936	654.63916	2880.8186	641.812
159.98358	543.11865	232.1241	553.1034
363.5453	1102.051	360.16092	1138.2023
405.35986	626.04517	402.33112	650.1671
528.03064	608.0029	525.5165	634.04987
551.0615	1373.8259	759.0669	1384.7225
594.0062	1563.5016	622.99744	1563.6218
612.9802	1567.563	573.99316	1566.1954
669.8467	1001.5441	602.91095	994.897
624.10864	584.0106	605.98645	769.09656
787.1224	674.1962	727.9708	665.19165
1059.5917	833.97955	1068.4578	657.02295
1230.6957	784.03534	1229.5754	806.0801
1394.9235	1085.8597	1378.8727	1084.4309
1398.604	1161.0385	1397.8846	1191.0452
1686.043	1515.0308	1707.046	1515.9626
1745.5184	788.00073	1745.4672	825.002
1785.5526	914.0068	1784.4751	843.008
1790.5161	1257.0189	1789.355	1166.021
1956.7877	832.32294	1918.8031	826.22644
1986.6692	843.9072	1987.7372	863.12573
1993.5183	1213.065	1992.4218	1188.0692
1978.994	1174.0555	2012.1488	1177.6143
2101.0083	1492.0771	2081.907	1494.1387
2211.4155	952.11475	2210.1028	933.99255
2456.9292	536.9543	2438.8784	564.9215
2641.7222	678.3278	2548.529	716.86115
97.40688	1035.7812	102.08107	1001.7365
545.8961	1368.9905	521.36707	1637.125
600.01117	1050.001	594.194	1120.1819
598.07056	986.3376	671.9778	994.20886
650.00415	1601.6982	676.013	1602.0554
761.03577	645.93225	759.5583	666.969
730.10986	634.32715	793.22296	644.6349
889.7696	798.5672	1036.9696	820.20685
964.1755	1154.9529	962.39606	1186.0798
1218.5334	1111.9996	1218.5082	1141.0013
1229.0945	833.29584	1250.1184	836.11816
1232.1428	743.2899	1253.0992	747.5068
1256.5007	760.0507	1253.9304	836.06525
1256.0326	748.653	1277.1283	750.63116
1399.5475	1085.9982	1399.582	1115.0017
1507.0137	882.904	1378.8962	864.73126
1682.7155	772.8931	1689.107	815.6853
1691.0856	875.3801	1707.1927	877.60345
1712.3071	1221.9839	1712.6407	1249.0044
1729.5743	1517.0084	1729.2394	1459.9868
1766.9148	1196.8318	1749.8887	1195.0867
1771.2733	1197.984	1771.5999	1224.005
2163.0044	1661.5026	2289.0122	1662.6198
2255.8406	1633.9531	2251.1611	1549.991
2364.115	785.2744	2279.3455	820.8238
2373.1577	1121.5923	2308.673	1138.7732
2576.9062	1064.6152	2673.041	1041.1682
3047.083	1585.316	3025.9094	1582.7465
0.9673612	1825.1506	24.995174	1824.7266
24.972147	1416.5255	53.05227	1418.0137
86.85539	1114.8345	91.77463	1080.8228
94.74317	610.0994	91.4038	635.054
97.90806	686.62836	223.8455	705.0559
163.45958	1125.0616	169.9079	1076.9877
189.01857	624.16315	185.0395	649.00635
251.68661	926.8332	225.26405	1134.9065
345.6969	721.1039	520.9492	746.3523
376.75336	980.1463	374.08154	1012.17365
380.1572	976.5583	440.20657	983.1055
651.02435	1165.6951	587.0327	1160.5898
908.2082	1809.9332	909.8076	1790.9838
997.0907	1073.926	1020.0955	1075.8684
1154.0018	1774.3427	496.99393	1777.8698
1264.2191	1213.0084	1267.9636	1114.9604
1292.9761	1054.2191	1140.8278	1037.5747
1362.0837	877.4062	1524.1066	900.2437
1731.5553	1252.0011	1731.3197	1160.9991
1770.6602	1166.005	1771.0724	1193.9843
1786.9122	1198.7054	1771.8959	1196.8373
1949.9487	893.37354	1935.938	891.452
2586.807	1304.6985	2701.9436	1287.6195
3039.0952	882.90936	2905.9739	871.29877
4.437953	976.0634	9.402516	941.76874
123.35633	1118.0504	128.32874	1082.905
368.01602	1481.1542	370.1831	1466.876
491.02518	639.1026	488.43915	664.94385
597.96564	402.173	526.6036	387.9955
621.7162	1121.8871	624.5321	1089.8708
853.0372	1210.5228	1051.0822	1225.9442
911.7704	1145.9197	913.79395	1114.9213
969.0696	1071.2885	993.1328	1073.6417
1002.5634	775.0375	1001.0942	797.1392
1015.21295	1191.0116	1020.7949	1088.9341
1040.1296	298.525	1027.9453	295.2005
1355.4749	1048.9835	1349.1963	1249.0061
1508.8154	1078.57	1366.8958	1061.8871
1687.7975	829.00433	1688.7885	875.02606
1691.5674	877.9905	1691.9374	900.0178
1797.4293	917.9791	1796.1139	890.9458
1924.136	1207.6964	1939.0778	1209.2546
1938.9618	1212.3712	1922.9259	1210.7192
1987.4131	876.89136	1988.8826	896.00903
2602.6245	715.0776	2634.965	701.9145
42.010197	978.1587	47.083813	945.8561
62.928295	607.5454	88.87427	610.9564
98.96548	578.1058	96.1275	604.014
196.93987	556.9939	194.88213	577.1918
373.04333	1460.5889	306.01443	1458.53
398.55475	685.1702	395.81467	710.19867
736.07764	1173.0868	674.9244	1167.8898
830.44293	1382.9603	812.07355	1641.0764
867.6595	993.1164	852.4405	1210.1011
909.9344	1819.8096	854.93616	1822.842
1056.9149	309.33582	1023.2982	300.8225
1112.407	1495.7589	1093.1251	1506.0981
1128.5894	1023.97894	1118.0344	1230.053
1175.6819	1106.9879	1174.5408	1137.0963
1217.6031	1178.0259	1216.315	1208.0564
1263.9956	1149.0515	1244.879	1147.4014
1496.0024	1739.4587	1460.9982	1739.6412
1692.4957	1220.929	1693.7811	1248.0104
1786.7981	1128.1786	1771.8928	1125.6257
2181.1353	1508.0593	2179.5547	1485.0305
2261.0786	1160.288	2152.852	1148.3395
2422.0032	1698.5134	2326.997	1698.3082
2685.125	1284.8424	2589.993	1298.9528
134.13683	1039.8928	138.493	1004.81287
563.00665	571.9602	344.76144	535.42505
592.9921	1600.4589	617.00226	1600.8694
722.9975	1622.152	546.9791	1619.2758
770.6608	1204.9767	785.7528	985.91406
1018.9996	1645.0	1032.9431	1395.9408
867.0649	806.54553	1059.1472	833.9691
1314.873	699.7349	1143.7965	670.1776
1198.0753	510.5587	1170.2052	505.79865
1239.9458	1146.7023	1218.9167	1145.0791
1244.9209	1113.9983	1244.29	1144.0271
1157.6989	838.08105	1288.9884	857.08026
1501.8782	1805.006	1501.4822	1730.0027
1684.0103	1097.7106	1690.68	1144.046
1689.4288	1158.9935	1689.5502	1185.993
1700.8894	1649.8468	1697.0231	1677.8652
1726.0686	883.5415	1712.768	881.55054
1768.1829	886.7516	1782.1757	888.8011
1942.372	1182.9612	1943.1093	1209.0251
1967.1259	1866.0405	1967.9888	1842.0355
2003.7427	867.007	2003.1981	846.9946
2006.4404	946.0175	2004.3126	877.959
2012.9247	1248.6758	1997.9985	1247.0132
2179.782	895.01044	2178.869	875.9584
2191.8433	1196.0475	2190.8555	1171.965
2245.978	1296.055	2241.4478	1212.0298
2633.2798	1177.4329	2611.1475	1181.755
2749.9482	605.4995	3069.9333	638.6442
99.98458	1256.9825	77.65256	1276.7377
219.10005	1134.6376	189.84528	1126.5604
192.91556	626.58307	215.8686	629.9072
262.42532	1660.5614	250.95016	1669.2543
354.01395	1468.7173	303.98773	1466.2489
747.0555	1062.9307	738.9642	1173.0708
967.8836	1084.9951	966.5813	1116.0663
1268.288	1102.0061	1268.907	1072.9767
1669.997	1651.7618	1699.0181	1651.3827
1771.455	1228.9968	1771.5106	1255.0011
1811.828	1110.5754	1682.8367	1096.4965
1936.5596	915.9503	1937.1676	935.02655
1945.3015	1870.0466	1943.36	1840.976
1943.0555	1209.7308	1957.0724	1210.3439
1974.3369	1595.0118	1973.3542	1539.9937
1995.5782	1273.022	1994.2753	1248.0378
2175.0261	1260.0294	2174.301	1235.991
2240.7793	1202.0795	2239.0813	1175.9948
2276.5615	800.9595	2436.0571	733.762
60.110188	1077.0154	55.05436	1113.2864
121.44558	1477.0522	129.55685	1407.8309
229.7635	596.8387	217.87431	687.9836
239.97305	1656.0192	262.01135	1655.4136
626.52893	1516.0546	628.2866	1499.0295
647.8645	611.8255	715.18475	622.87415
812.017	1641.7214	1017.0206	1644.4515
882.04956	1448.8685	868.9433	1448.2942
1017.02155	1406.6339	844.9119	1396.4951
1021.3373	1075.9445	1023.7664	1046.9805
1136.9865	844.0918	1310.0604	869.5896
1310.0874	868.97906	1313.9694	699.9763
1370.8888	1241.2347	1497.939	1252.6782
1461.9967	1230.6024	1482.0072	1230.7135
1454.0774	753.5507	1492.321	760.1351
1524.4434	899.99963	1524.5554	735.999
1687.0704	816.4891	1706.1218	819.117
1745.7073	838.92303	1746.613	859.01746
1752.992	1487.247	1766.0433	1487.6725
1791.092	1498.0112	1791.4628	1462.0048
1958.01	1213.8477	1942.9436	1212.8594
2001.9229	901.42236	1988.8124	899.0265
2208.9375	898.1029	2207.3652	881.8678
2221.4402	1198.032	2220.1787	1175.9327
2330.001	1768.5414	2202.9995	1768.2874
2481.6565	626.9571	2478.981	586.0012
2636.1167	1208.6285	2614.1318	1212.7106
2948.0217	1107.5667	2982.0366	1109.2646
3037.0198	1493.3386	3018.976	1492.7999
27.011244	1831.3943	0.9887434	1831.6041
96.95983	936.3597	149.8584	942.2678
273.97934	1465.5286	224.97601	1463.6138
301.82507	1093.9785	306.02225	1059.8796
840.0539	271.7532	0.24437937	88.46213
460.07443	590.5392	528.2345	601.5483
635.8395	1006.0604	633.5269	1038.1819
677.1779	1593.0153	678.55774	1576.8767
694.9143	1009.74677	746.15765	1015.6259
745.1992	1639.0156	765.4659	1379.88
989.06055	1189.2263	1014.0639	1191.184
1177.684	1062.987	1176.4972	1092.1018
1198.9578	1065.3671	1178.8783	1063.0582
1219.3564	1050.9923	1220.3452	1096.9926
1283.6259	730.96423	1280.7084	843.01843
1463.521	1168.0079	1463.0662	1198.0312
1749.9396	1530.9519	1750.6099	1557.9849
1959.6328	1172.0126	1958.7429	1146.0088
2022.9163	1444.8938	1917.9447	1440.2518
2196.1414	1291.9944	2192.797	1207.9683
2224.9165	1264.0448	2223.9622	1240.9602
2151.1133	1312.68	2279.0303	1323.6477
2699.849	1272.0306	2583.705	1290.1045
2600.1013	1074.4326	2664.1038	1059.4425
137.29655	581.90704	125.53069	670.938
461.7381	1180.9762	482.58273	951.87103
660.96954	1527.9397	684.0102	1528.6858
679.85876	1554.0981	681.6034	1538.8403
714.9583	1061.1348	712.75757	1093.121
1765.0566	829.5555	1783.1453	831.8589
1788.0801	1492.7607	1774.8767	1491.9075
1833.307	1590.0319	1836.6447	1557.8594
1960.9979	1480.8955	1847.0021	1483.1058
2016.2322	1276.0244	2013.4595	1188.9854
1912.0211	1293.7415	2050.0781	1305.0452
2227.518	903.02704	2226.4502	883.9748
2231.2935	978.034	2228.1194	912.04236
48.44172	1115.0587	70.25081	951.0333
90.76871	641.114	87.05384	666.1563
69.09123	944.00824	147.07524	951.18207
172.04173	1132.8788	198.9504	1142.144
227.93779	1205.303	201.80733	1199.9385
440.98224	1842.5488	508.03577	1839.9087
522.00183	1637.802	744.0016	1639.828
688.06525	1012.95135	686.4425	1044.1271
750.3601	1022.94904	747.96106	1053.0765
884.0239	1180.6953	938.08307	1184.9423
1040.996	814.0283	889.9605	792.2742
903.1924	1561.052	903.93677	1543.9972
854.96313	1811.6757	906.9786	1810.2288
922.8713	1034.9932	921.27734	1065.1205
999.2143	1043.0109	997.68427	1073.0857
1238.8506	1180.5735	1217.85	1178.5795
1119.0304	1230.651	1299.0605	1246.3036
1704.6862	1876.9028	1706.4188	1906.9758
1712.0278	1159.9852	1712.224	1187.0056
1712.2852	1190.9866	1712.578	1218.9939
1772.9855	1518.8192	1784.0746	1517.9266
2201.4036	1538.0317	2198.6343	1485.9132
2211.828	881.95013	2212.8628	899.1288
2184.0522	992.67236	2263.1125	1005.29535
2277.9775	1460.3656	2153.8933	1452.7334
3004.053	1152.0903	3034.0098	1153.8324
2906.9243	877.92883	3036.0452	888.44446
29.306112	1070.9026	34.495228	1033.9292
28.99083	1631.3654	97.02327	1633.0729
270.0291	1479.0062	272.6219	1466.919
443.57996	593.9567	440.68192	622.0703
474.27252	1725.0375	458.84543	1837.1163
635.2197	441.04642	613.9657	436.14874
616.08575	232.60983	664.1808	243.17732
1067.9246	656.4392	881.74615	624.4787
988.9436	1156.7648	964.9267	1154.9941
1057.0967	267.0934	1058.2878	253.1097
1291.0455	851.6971	1157.7482	831.6764
1433.2938	754.9909	1431.8804	865.0113
1672.1835	1084.9962	1672.7969	1275.0039
1752.4596	1226.9641	1753.1238	1253.997
1970.3505	897.9012	1971.7548	917.0911
1995.3413	1149.922	1996.8004	1175.0116
1997.0039	1214.7908	2011.0177	1215.052
2264.1963	1004.98895	2256.05	860.0534
2670.993	1234.9318	2659.1213	1236.1669
2978.057	710.3575	2963.9023	709.1041
128.73021	1079.9639	133.69406	1042.959
319.8833	974.1929	316.5988	1006.2661
360.3683	974.83704	364.7297	957.9303
355.8905	1144.4106	426.92825	1149.9246
586.22485	1475.0134	587.179	1459.0106
585.90643	1163.1486	652.0379	1168.5347
620.13153	1592.0973	621.6044	1574.966
628.925	588.4405	820.9759	621.1418
753.89014	737.0789	751.6675	762.1478
928.9823	466.09177	880.84503	456.80292
1052.0233	1225.0011	1062.1088	1014.9572
1194.8392	1207.0378	1199.2626	1108.9216
1243.8335	1146.9945	1242.8364	1177.0609
1523.998	735.01184	1365.9055	708.56445
1747.1119	859.15326	1761.1313	861.00726
1746.027	825.8237	1763.086	828.4381
1771.7144	1460.973	1772.6111	1517.9904
1934.5726	835.9453	1935.2377	855.06134
1937.029	888.74475	1950.0876	890.22974
2034.8564	1135.2743	1915.9021	1121.8685
2183.452	971.9802	2180.5186	905.02106
2930.7478	862.12445	2928.239	836.8769
2938.033	775.66797	2925.9534	774.4703
0.9861995	935.09406	48.980038	942.13605
146.0874	939.2388	96.931694	933.595
131.9772	1242.6593	114.91975	1243.8005
140.70518	988.9581	145.5372	954.93427
404.22104	1530.0233	422.0936	1360.9042
711.2938	1554.1644	713.09283	1540.0118
992.5261	1157.9739	990.8619	1188.1029
1117.478	1538.0876	1122.2837	1511.8687
1805.8088	794.1306	1682.7765	773.32184
1749.4291	1165.9933	1749.5511	1191.9974
1877.5499	1557.6583	1917.427	1520.387
1915.1101	853.31244	1951.147	859.0823
1936.0536	935.6389	1953.1228	938.1726
1951.9408	859.0415	1951.1543	838.9548
2132.006	653.9487	2111.9297	651.6014
2205.9006	1633.0046	2201.9656	1548.0479
2250.6997	1539.0684	2248.0083	1487.8944
72.01245	1421.5691	35.955864	1420.5269
871.1107	1597.0905	872.50586	1579.9597
966.95123	661.29395	901.91724	650.49866
967.1528	1020.9119	970.9043	1070.0073
998.98816	1626.5579	834.97723	1623.071
994.5092	1122.0273	992.8404	1153.0989
996.56287	1087.9742	994.78394	1118.1053
1020.0843	710.4381	977.98175	704.12146
873.7893	998.8411	1057.8958	1019.9107
1217.4653	718.9826	1213.7234	833.95844
1669.0498	1425.9989	1669.1718	1651.0005
1731.2347	1149.0072	1730.9797	1121.9907
1916.9696	1441.0012	1917.794	1462.0472
1988.3138	899.92145	1989.4637	919.1517
1989.1282	943.13837	2005.0729	945.50964
1996.451	1187.9354	1997.6118	1214.0173
2043.9254	1124.6608	1906.8656	1109.1904
2163.618	967.0103	2163.491	949.9889
2164.0996	872.9956	2164.9397	892.04675
2173.5774	1231.0051	2173.495	1207.9983
167.70471	1445.9631	158.58304	1519.0728
175.63168	1599.831	148.50842	1631.5801
673.95734	1170.4996	735.02423	1175.7161
824.86664	617.7724	624.7874	583.23157
919.81946	1079.9901	918.12134	1111.1157
956.85077	1040.6771	962.49664	1020.5777
965.8244	1120.0326	964.5966	1151.0632
1055.39	320.60358	1061.4443	311.28876
1378.7748	870.575	1505.0527	888.6309
1506.5685	1563.9933	1505.982	1602.0151
1749.3572	1196.0126	1749.8877	1223.0415
1982.0846	1601.1592	2017.661	1582.2432
2025.0139	829.9136	1909.7886	811.30927
2175.0715	1169.941	2176.3447	1193.0911
2179.2566	1264.9178	2180.8267	1288.946
2209.9468	929.03577	2209.3662	911.95355
2987.998	780.0227	2958.961	777.4377
170.46141	1071.9355	185.17773	948.9017
215.16713	1139.7416	189.09573	1136.2792
234.18858	561.0271	230.30687	588.04407
116.99006	1845.4547	386.97327	1840.5333
401.98886	655.11426	399.0854	680.24097
615.0073	1530.3225	563.0133	1529.7627
708.0029	1793.1797	657.9836	1794.0016
784.88257	986.0493	576.0366	962.6726
1035.0796	488.62354	950.8266	470.82077
1172.9574	1062.3594	1154.8562	1060.2129
1496.061	763.98883	1494.7435	874.9851
1709.3849	1457.9971	1709.8193	1515.0013
1762.0275	864.8264	1745.9548	862.2854
1770.7457	1125.9846	1770.9846	1153.0001
1958.9854	1566.3945	1970.0443	1566.8041
1972.5801	1527.0043	1972.5109	1504.0015
2215.6018	957.87976	2216.8987	975.1577
2408.0935	1467.0359	2316.12	1475.3308
668.0137	1014.0011	665.5788	1045.1235
685.00726	1532.7074	659.99786	1532.0852
712.1539	1098.0121	709.5566	1131.2001
1012.13544	291.0117	1016.02014	246.00174
1172.5984	1174.9806	1171.1444	1205.007
1217.6113	1145.008	1217.2015	1176.0159
1520.93	1067.6057	1355.8228	1048.534
1478.9807	1745.9724	1491.9955	1746.2301
1532.4155	1551.0605	1535.9198	1526.9883
1690.0027	1770.3784	1507.9976	1771.6517
1821.043	1099.6051	1673.828	1083.5806
1974.2054	920.99286	1974.9027	941.03815
2002.9432	924.46497	1989.8936	922.8726
2012.0192	1218.7678	1996.9565	1217.5269
2153.358	1453.0265	2161.9268	1660.9618
2265.0178	1307.807	2165.937	1298.684
2308.1252	1346.8008	2397.1392	1332.8896
2597.0354	1610.0637	2594.5815	1572.8956
2590.9668	908.88995	2616.7314	901.1109
2902.137	439.47745	2878.8992	433.38443
2966.2256	1149.085	2963.3474	1122.8522
79.168915	1455.1848	81.88793	1437.9823
257.01263	1686.5044	234.00204	1687.0814
371.5798	1027.117	368.986	1062.1471
397.07623	1107.1077	393.7682	1140.1769
624.6156	1131.1064	622.77	1159.1166
628.68475	1089.9725	625.8132	1122.9838
709.1271	1134.0864	706.5891	1167.1985
854.5137	1411.0236	853.36804	1436.0626
912.9938	1487.3612	883.0026	1486.846
917.74585	1114.9854	915.945	1146.1125
1242.6339	1180.99	1241.8383	1210.0503
1242.0859	1210.5131	1262.9655	1214.1959
1749.2848	1446.9973	1749.9457	1517.0005
1766.5586	865.98206	1767.2345	886.99243
1905.843	1110.0035	1909.9202	1292.9795
2033.9073	820.58185	1900.9347	799.4104
1941.4401	1143.9598	1942.1387	1169.024
2062.3237	1489.002	2062.212	1450.0023
2154.054	947.9956	2155.6147	967.1131
2191.9817	1265.1678	2178.919	1263.7423
2291.6748	707.1901	2295.697	692.9146
3049.4673	1252.1285	3046.9485	1222.0881
0.99125314	1146.4161	19.01717	1146.1461
854.69763	1780.9797	855.5684	1810.9835
991.15155	1618.0068	998.17645	1461.0079
1025.1777	320.21506	1001.7915	314.92114
1090.3672	1551.9688	1088.3842	1592.0685
1192.8611	493.61755	1200.0908	506.95074
1246.5831	1070.0143	1245.874	1099.0458
1490.1034	1099.0016	1488.0372	1238.0006
1501.4208	874.99365	1500.9971	847.00006
1350.0427	1249.5038	1518.0897	1263.9575
1686.3184	1488.988	1686.5448	1514.0042
1698.8223	1837.9824	1699.18	1874.9983
1727.9484	1121.4778	1716.8617	1120.2805
1767.8873	1227.8586	1751.9001	1225.761
1750.0101	1517.7454	1768.0215	1518.4602
1788.9265	1553.9913	1794.7059	1505.0834
1803.0577	925.5977	1689.8079	909.3387
1921.7311	1180.9279	1922.8613	1208.0475
1950.8855	917.5836	1936.8378	914.8267
2051.045	1457.9366	1929.9232	1452.8171
1989.4149	922.98486	1990.1459	943.0311
2189.9583	1170.5079	2174.9775	1169.274
2214.3115	934.90027	2215.6895	953.0236
2560.7466	1569.1882	2569.935	1532.7316
2588.831	1295.8657	2699.0679	1279.4559
2614.9866	1526.779	2714.9248	1520.7523
2984.105	737.1023	2978.0364	683.99585
3036.004	1113.9225	2999.9944	1112.1096
34.753574	483.1176	14.777558	611.12134
116.04812	1165.9404	90.963615	1164.8014
190.02496	1273.9369	165.84937	1264.3811
588.91785	1435.9922	590.25323	1422.0242
612.05414	363.73248	638.00305	368.9849
1025.9337	1088.9471	1020.67285	1194.9838
1174.3193	1141.0148	1172.9303	1171.0431
1397.0502	1224.3832	1418.0739	1226.0916
1709.9835	1592.0029	1709.902	1619.0027
1916.0518	1121.9927	1922.4918	1167.7903
1970.1129	873.9964	1970.7208	893.07263
1997.5952	1218.9695	1998.0729	1243.9795
2013.5304	1177.978	2012.454	1151.9812
2153.0845	1148.9896	2158.5198	1193.182
2223.6694	1236.0211	2222.197	1212.9237
2269.0132	1470.7343	2163.973	1465.547
2507.9739	1778.5466	2408.961	1773.8168
2618.0962	901.0789	2607.8833	784.0975
2967.7314	1121.9089	2971.2266	1149.9718
2971.571	1155.8077	2974.901	1183.0121
92.002014	1075.0002	96.87499	1040.8395
102.94665	1000.5863	70.93871	997.6734
367.78873	1065.0856	363.88416	1101.0958
707.6104	1811.7792	710.2955	1794.8881
900.8595	1598.0563	901.9768	1580.9985
1937.9989	1143.0366	1925.9801	1142.6906
2173.7307	1888.014	2172.4841	1864.0269
2201.9995	1606.3479	2188.9995	1606.332
2198.107	909.94727	2200.0657	951.04456
2202.939	954.95703	2203.8123	974.0543
2231.0967	1510.0577	2229.624	1487.024
2288.9915	1022.9733	2377.2363	994.73895
2330.978	1710.2347	2425.0195	1711.907
2945.967	837.3134	2919.939	834.5829
83.99438	1139.0652	131.98248	1143.2032
178.96375	1349.8757	168.15692	1440.0188
354.45126	1135.0493	366.383	1025.9325
663.0405	1044.6018	598.0015	1037.985
650.7887	622.4235	714.1732	631.8333
875.97906	1521.9985	877.012	1506.9323
1299.9868	1245.9666	1306.6958	1042.99
1689.2352	1189.97	1689.8927	1217.0511
1732.3568	803.9788	1733.9803	908.0159
2280.2273	1323.9862	2269.7505	1151.0757
2557.906	940.68823	2669.3284	907.089
3070.4873	2.0000274	3070.511	447.99997
104.554054	1603.9398	121.1545	1480.886
546.4447	760.94806	564.03064	572.90936
680.0045	1568.5084	659.9972	1568.6855
915.5205	1150.0321	913.5407	1182.1566
1241.8506	1070.171	1225.8558	1068.13
1305.9694	1042.2786	1129.79	1022.9094
1455.2426	1729.007	1453.9313	1775.0265
1689.1421	1585.2454	1706.1056	1588.4391
1709.4883	1560.9995	1709.5139	1588.0005
1909.9911	811.8412	1916.5725	852.90826
1927.5562	1242.973	1927.9731	1267.0352
1954.1692	938.0196	1952.543	869.03436
1969.1964	825.9976	1969.6077	860.00476
1978.2318	1186.9955	1978.7352	1213.0051
1999.5269	1843.1688	2006.7186	1905.9176
1999.0327	1244.3436	2012.0503	1244.9933
2051.8052	1305.0569	2043.2362	1125.084
2182.4158	1535.0798	2181.3015	1512.9847
2185.8857	1603.0742	2184.281	1578.9813
2196.2727	864.98883	2197.6257	898.0153
2571.6128	1589.4415	2555.062	1574.9293
2606.9414	776.07904	2602.7542	720.0184
3015.0032	1497.05	3035.0498	1495.7952
3003.002	1720.3607	3071.0044	1720.5725
305.59833	1098.1735	301.79822	1133.1951
314.5615	1022.95135	310.8598	1056.3173
351.61972	1023.95557	338.28458	1138.15
577.0464	375.76266	606.10925	381.44086
605.7278	498.91983	599.2071	521.061
605.23486	1000.024	663.13007	1006.906
1032.0073	1393.8818	830.9699	1381.4883
850.9986	1470.393	866.0032	1470.3578
952.9284	1041.9957	944.1458	1188.949
906.87256	662.7643	964.43964	672.3635
996.02563	328.88968	963.90027	321.42953
1426.1282	1090.9816	1423.2188	1229.0256
1706.8201	881.05035	1692.8865	878.6627
1746.172	862.9938	1746.9347	884.0747
1749.0703	1151.3488	1767.0764	1153.2925
1759.9501	1606.7716	1782.0355	1605.8744
1807.009	1635.1239	1785.9753	1636.6641
1977.3005	1133.9972	1977.6716	1173.0126
2147.9778	670.1472	2135.1184	668.2134
2165.8103	1264.0149	2167.705	1288.1018
2184.579	1574.0281	2183.0408	1550.9307
2355.0466	804.1088	2292.8765	830.71155
2316.0889	1475.879	2328.611	1692.0804
2327.1748	607.0479	2319.0818	636.5707
2329.9568	1484.4653	2386.9883	1479.8563
2627.616	735.84467	2625.3389	712.15967
2653.0374	1738.5791	2618.951	1735.553
13.610008	616.95605	10.556362	644.0627
553.9818	1188.2184	768.0803	1206.035
631.66034	1053.1218	629.3092	1085.1694
908.0018	1789.2616	861.00385	1789.5746
966.48065	672.8129	971.9515	657.6224
1411.8066	1798.5349	1430.4885	1790.7695
1685.8761	1528.9783	1686.5453	1556.0112
1729.7804	1619.0042	1729.4745	1529.0018
1812.9891	1445.2075	1680.9312	1438.3213
1847.87	1849.956	1842.0988	1867.0333
1869.5656	1557.0181	1867.3234	1503.0281
1890.9995	1626.9653	1861.9915	1627.3359
1920.5208	912.96436	1921.9647	934.0708
2224.349	1174.9791	2225.7861	1199.0128
2587.0818	751.0805	2585.1533	729.0742
2578.005	796.9165	2587.3984	909.96686
2627.1936	1104.8748	2605.1665	1109.7523
2882.3403	427.00375	2903.8774	434.35907
2938.669	1030.9181	2947.993	1107.1232
82.30793	1434.0743	85.039764	1422.768
404.96973	1030.1624	402.1585	1064.2604
410.2998	983.1094	407.5971	1015.2186
569.9927	1439.4513	584.0052	1439.6783
650.9825	1815.1316	707.00006	1814.0032
860.9979	1568.9677	875.0	1568.9979
959.4959	1547.029	955.6355	1613.0371
1197.7947	369.6413	1218.8749	376.39062
1706.0425	1591.3544	1690.0269	1591.8569
2120.6443	694.77075	2078.8618	674.3262
2161.8098	922.0205	2161.4993	903.9914
2166.3894	926.9811	2167.3162	946.0817
2177.1223	1207.963	2177.882	1231.0369
2183.6758	1485.017	2184.8813	1508.0585
2186.7224	1549.8741	2188.4885	1574.0374
2226.3535	1212.9182	2227.8123	1237.0718
2229.3198	1269.9176	2230.762	1293.0149
2234.432	1575.0809	2233.2434	1552.0391
2940.0388	806.10004	2929.016	805.6248
3006.6882	1075.1768	3003.1755	1049.1111
262.93475	1153.9338	434.0774	1165.8923
717.25714	1611.966	718.99695	1573.9999
1273.7009	1075.988	1272.3356	1109.9733
1814.0671	785.6112	1672.9595	761.23474
1750.4032	1562.8584	1755.2479	1610.874
1673.08	1275.981	1824.0139	1287.8224
1855.0018	1603.0001	1855.7744	1587.9884
1866.6152	1464.0305	1850.5331	735.03235
1969.0582	861.6372	2002.1678	866.95514
2167.2222	949.93164	2168.2388	968.0986
2147.1323	890.1091	2178.1902	894.7184
2190.8574	1236.3068	2177.9026	1234.8936
2218.086	1473.9961	2220.9878	1537.0006
2333.1077	888.05133	2329.6523	828.02
2553.8296	1579.1912	2588.2947	1609.913
2996.0208	1120.878	3011.4656	1250.1833
3071.0134	1706.8169	3001.977	1706.04
3045.8994	1220.0107	3042.692	1189.9263
52.023434	934.7711	0.8432347	929.5312
8.009215	649.00073	6.1650863	672.093
77.256935	949.0284	73.59589	982.1763
142.0076	547.0009	138.77986	573.09644
600.53296	1460.9813	599.9706	1475.0388
618.5811	1461.9707	617.6002	1475.972
658.47375	1497.9567	655.9899	1528.0817
904.7983	1533.0461	906.2489	1507.9565
1061.9197	1014.722	868.86176	993.24274
1204.6726	1495.9941	1168.696	1537.738
1931.4008	1870.0525	1929.7275	1850.9363
1994.9653	1217.3143	1978.9397	1215.547
2188.258	1577.9286	2189.6758	1602.9049
2232.5354	1537.0889	2231.1914	1514.9277
2223.9841	1200.2848	2239.0488	1201.1284
3048.0	1497.9865	3070.0085	1497.886
13.996361	676.21735	30.99621	676.2682
68.59618	1537.1018	71.365654	1520.8916
356.33762	982.9245	352.89886	1013.1024
373.9783	579.166	442.12097	588.0746
802.99524	274.0193	825.12714	279.4851
976.8082	657.92163	977.5946	676.0609
992.08484	307.62643	841.1485	273.34622
879.9463	1201.659	1028.0217	1213.7332
1167.9348	1097.5663	1180.0051	1098.9559
1437.9476	865.9981	1439.0646	835.0023
1752.0406	908.7622	1764.0323	910.81024
1951.0018	1627.0718	1918.0	1627.0057
1943.5127	1242.9747	1944.7931	1268.9609
1979.3959	1216.9934	1979.5131	1242.0023
2142.8804	851.7377	2148.1953	889.83325
2237.2493	1631.0842	2236.1382	1607.9934
2238.4968	1579.9144	2239.817	1603.0105
2961.1084	1106.2136	2958.0227	1078.8845
60.008778	1513.7996	23.946556	1512.2208
203.99365	555.03864	226.05542	558.66266
473.39517	1776.9528	468.78143	1836.061
655.20435	1536.0153	653.78705	1555.0586
664.66754	1054.9733	655.73755	1166.0593
672.9977	1139.9998	679.6717	1056.9736
885.78735	630.25793	1060.2124	659.74335
1373.0677	1222.2374	1393.0875	1224.0148
1685.909	1560.9569	1687.0028	1584.0472
1836.8263	1471.7098	1805.8492	1475.8805
1919.293	1520.99	1920.693	1562.0446
2165.1	903.9206	2166.4854	923.1093
2215.92	1268.0057	2217.7168	1293.0204
2483.779	587.92487	2487.3616	625.0616
2609.0085	1460.0914	2707.9944	1450.9396
3022.9014	1157.8441	3025.058	1184.1592
2.9212046	1513.9719	7.6029882	1500.8583
57.854794	638.0501	83.90971	641.65295
149.06303	945.407	88.00874	938.9177
851.99207	1450.6487	865.9899	1450.8206
1203.5957	1107.9851	1199.8458	1209.9944
1500.1396	1245.4911	1370.0511	1233.4471
1782.1088	892.4045	1767.8538	889.8008
1955.3353	1540.9897	1955.5359	1567.0035
2003.8928	876.6978	1970.0759	871.5055
2024.0435	956.6928	1920.9862	942.09735
2100.9675	1628.9926	2091.089	1672.0205
2143.229	1137.99	2150.8713	1312.0496
2233.5828	1486.9701	2234.767	1510.012
2240.9507	1538.5413	2249.0654	1539.2804
2662.8945	1097.3917	2647.193	1100.1139
2704.8984	1287.009	2681.9119	1029.0969
2927.3206	831.14795	2925.176	806.8083
3017.1187	1151.2858	3013.1233	1124.9813
310.35233	1060.0372	306.62955	1095.2778
581.98157	1179.2257	744.9577	1192.5188
1133.9104	1028.8267	1302.8777	1047.1296
1204.6562	1067.9952	1204.2272	1099.0032
1842.0504	1540.0045	1837.3691	1592.0332
1850.0485	1628.273	1831.0	1628.9988
1937.4089	1849.9836	1938.2089	1870.0316
2125.7388	1770.9181	2109.849	1627.5734
2166.0059	968.962	2181.1113	971.2726
2178.3289	1236.9352	2179.4553	1260.0266
2628.8738	1270.1058	2626.4268	1244.0538
2720.0186	1438.24	2598.051	1447.6604
877.9858	1569.3971	890.0027	1569.1135
1826.0139	1433.7583	1669.9572	1424.7405
1915.8015	888.0151	1917.4011	909.12115
1931.9064	890.67096	1917.9001	888.71564
2012.969	968.15967	2038.9596	973.2083
2061.0337	1447.3629	2026.9705	1445.5587
2210.4653	1210.9279	2213.1284	1264.9937
2236.8384	1550.9371	2238.6436	1575.0267
2249.0237	989.84094	2155.0266	975.8218
2656.6992	1094.8062	2654.8516	1069.0825
2920.673	770.1455	2917.9043	744.9008
73.894165	1497.1088	75.85644	1480.9825
119.54237	1806.077	114.41037	1842.2003
992.9796	1490.5815	982.0056	1491.1155
1272.1207	1114.9745	1269.1571	1216.9755
1915.1825	864.94794	1916.1106	886.0391
1935.3302	867.93164	1936.3632	888.0327
1862.8131	726.0242	2276.0984	801.46136
2227.798	1240.9548	2229.1565	1264.9912
2904.9746	731.3027	2935.0144	733.828
3012.742	1081.7515	3016.7773	1110.0317
136.9893	1347.1586	74.86721	1342.969
106.93337	1001.22156	102.92261	1036.2203
587.4355	1592.0446	589.08527	1575.9065
882.2187	1139.0145	886.2668	1077.9514
1142.9866	1223.1588	1277.956	1234.5223
1157.8958	778.95233	1159.3641	744.9294
1753.111	1631.2009	1788.1228	1629.4358
1788.6106	814.9808	1789.8274	917.014
1825.47	1465.0022	1825.6083	1434.9935
1860.9965	1621.6292	1952.0168	1620.7609
1955.9438	1145.5304	1944.961	1144.3673
2158.391	1205.0333	2161.4004	1260.0328
2178.9907	1290.0908	2195.0266	1291.7406
2208.2598	1159.9894	2209.8235	1198.0483
2310.1655	998.9909	2301.5442	841.9701
2348.8584	1567.9467	2356.068	1683.9957
2968.5378	774.15967	2965.7805	748.91473
2987.9858	747.154	2948.9495	743.54767
70.65767	998.0833	66.21352	1033.1538
0.7630521	391.32184	603.74695	499.4116
173.13924	144.53773	184.05275	147.82489
710.9816	1826.9302	651.999	1827.9438
837.0079	1387.872	1026.0317	1399.4839
1486.9226	1135.1075	1439.9423	1131.8257
1509.0717	1520.6663	1520.7255	1558.0854
1733.6897	1461.9918	1734.4481	1619.0074
2221.5398	1550.9174	2222.8328	1575.0089
2227.9421	1610.0048	2229.6912	1631.1085
2235.8354	1603.0559	2234.728	1580.0131
2359.0225	1315.9369	2352.731	1213.955
2581.3984	912.05383	2565.5642	735.039
3020.3435	1183.1521	3017.9348	1156.9142
3041.8616	1187.1158	3038.7998	1157.0204
0.98409504	1629.8639	22.01379	1630.2511
30.297363	680.59784	95.1698	688.6283
312.7312	1403.9792	311.4113	1421.0319
603.8154	1476.0897	605.6865	1459.0756
600.98236	384.08905	628.10785	389.4548
687.1501	1460.8824	676.9315	1459.5099
961.99695	1187.0399	987.997	1189.0387
1028.1138	1051.9443	1026.2858	1081.018
1526.5901	1512.2463	1508.7919	1520.6726
1818.8033	940.022	1816.0284	788.99945
1918.5527	1877.0865	1915.2375	1859.954
2091.027	1543.4305	2111.0295	1544.379
2599.1675	1079.9847	2604.538	1139.042
2643.7476	1100.8633	2646.0269	1129.9979
96.842804	1081.1172	92.09316	1115.2909
103.71328	542.9616	101.14451	562.1532
630.3006	1560.1567	633.22327	1535.9064
961.59094	1511.9712	959.7533	1538.0531
1405.7512	1795.9872	1414.7719	1621.0398
1691.8818	1268.528	1803.9845	1277.2
1766.0182	1491.7217	1752.8784	1490.865
1825.0464	1288.0157	1821.9685	1102.0005
1830.947	1824.0405	1817.0873	1805.9332
1951.3218	1525.041	1950.29	1507.9824
1971.0211	1570.2775	1957.0084	1570.5089
2213.2324	912.9166	2214.4583	931.0367
2234.8345	1513.9369	2236.5818	1537.0316
2373.1343	1766.8633	2375.4495	1786.0664
2537.9983	1537.3015	2563.0034	1537.4531
2652.4717	1204.861	2658.1611	1265.0792
2672.059	1092.0613	2669.3213	1050.0442
2978.4373	810.8572	2980.9563	836.2031
703.1092	1461.0226	694.9871	1460.1154
928.7313	1544.951	927.7649	1570.0294
1170.7384	510.03842	1190.0256	514.8982
1361.078	1053.3593	1516.0935	1072.2317
1672.9884	921.10986	1693.9658	923.3235
1918.9227	885.4844	1932.0669	887.5806
1954.5184	1509.0006	1954.5405	1526.0006
1972.9229	1844.3597	1998.9073	1841.2307
2597.3005	875.97675	2595.3787	851.12537
2974.9429	809.4527	2961.8982	807.80774
2970.4216	1182.0706	2967.1187	1154.9856
2985.0188	1454.8705	2990.2412	1495.9694
3030.8828	1224.9209	3033.136	1250.0774
121.99651	1601.8422	110.9798	1602.0856
186.97762	943.9989	188.38533	915.9691
575.9929	1563.0723	590.0073	1562.9657
652.52954	1568.0521	649.2746	1601.1255
919.20337	1807.8923	922.8573	1780.8456
1092.4713	1505.8695	1103.2806	1544.9224
1793.446	1129.98	1795.2982	1264.0096
1900.3711	800.99225	1903.5782	954.0298
2061.379	1501.997	2061.5745	1526.0034
2223.058	1577.9965	2224.6392	1604.022
2322.0032	1212.9999	2318.8909	1148.9567
2380.6147	1525.9442	2382.7983	1550.0183
2616.7466	1076.9376	2618.9243	1103.0063
2647.7336	1268.1115	2636.8096	1144.0167
2643.1274	865.8934	2645.413	890.0555
7.662077	991.9502	2.6061475	1026.2368
848.0884	1576.0049	846.76215	1600.042
880.99884	1533.8035	893.9984	1533.7278
1430.8784	784.8809	1382.5568	778.21045
1735.0214	1621.052	1698.2823	1636.1255
1861.367	1587.9917	1861.1454	1605.0149
1922.8579	1562.766	1881.599	1567.5182
1955.7644	1852.8551	1958.2479	1865.953
2137.8403	656.7825	2149.9485	659.25226
2322.9597	1128.8477	2374.0852	1115.3218
2626.017	1238.0807	2623.8826	1212.0918
2635.9868	1133.0836	2630.955	1072.0862
2748.2087	1730.9817	2743.6506	1679.0306
2949.737	744.9159	2963.6497	866.8117
113.97168	952.99634	109.81691	985.23413
136.28795	1676.0378	121.94587	1785.1244
1145.0381	1203.4406	1167.0721	1204.9402
1735.6481	1123.9961	1736.4518	1258.0033
1795.1372	1464.0685	1796.4852	1481.0409
1799.7089	1500.0842	1792.2457	1562.9104
617.9954	500.02542	1849.9603	723.2187
1984.9202	898.5475	1970.9261	896.50604
2633.5647	803.1348	2631.3877	779.96356
2630.6072	1242.9417	2633.1082	1268.9896
2632.1458	739.06604	2633.9968	763.00024
214.00978	1086.977	173.03642	1069.5616
310.502	1425.9504	307.704	1454.0701
898.05914	1450.4658	885.1072	1449.0317
1786.9961	1229.0435	1771.9379	1227.6934
1913.7726	1650.0095	1913.1389	1634.952
1996.9489	1469.419	1964.9326	1472.2341
1931.0096	1286.8828	2031.9866	1295.1633
2056.1199	1519.9852	2054.0059	1502.8757
2279.7114	821.9636	2289.221	1007.93756
2589.2852	778.97455	2587.329	757.0599
2629.379	710.0619	2631.7668	734.02325
2949.2852	1120.8384	2952.9692	1150.1296
876.9555	1605.1221	892.0111	1605.7194
959.7387	311.0517	993.86804	319.53113
1450.0143	1809.9396	1499.0054	1810.5973
1498.8556	821.012	1499.768	755.9827
1709.3187	1529.9989	1709.4149	1557.0021
2023.9856	685.0796	1979.8049	677.07666
2016.8314	1153.0059	2021.2946	1281.0245
2183.8608	878.0065	2188.3647	975.0295
2252.7415	1489.9573	2261.574	1643.0823
2356.595	983.0227	2355.0823	956.05145
2400.9849	1760.2552	2362.0034	1757.941
2966.0073	866.90594	2980.078	867.9979
65.43534	1037.0594	60.501587	1073.205
401.08853	1069.0084	397.84866	1102.9856
1680.5309	1438.9198	1687.3345	1483.9495
1808.3396	1587.286	1848.9316	1608.133
1877.7749	1544.6934	1874.1548	1535.5431
2088.4285	1500.9958	2088.832	1543.0016
2240.0254	1607.9579	2241.0134	1631.9995
2344.6118	1499.9587	2348.1929	1552.9869
2384.0024	1566.9998	2385.6797	1589.0244
2655.5818	889.0361	2645.5752	773.0367
2674.109	1235.8284	2676.231	1261.8998
2900.8645	704.01575	2903.9016	730.12775
2956.8792	1073.1278	2953.788	1046.0242
45.7648	993.82434	33.9568	1076.8517
212.02396	1422.0027	208.8393	1450.0951
456.88248	571.9017	457.5343	591.01587
561.1573	220.34045	585.9404	226.24985
978.69806	1459.0204	979.24164	1467.0513
1963.5582	1148.9845	1967.0785	1276.0255
2044.2172	1615.1978	2010.1544	1618.5634
2178.896	875.52765	2164.8506	872.7578
2589.333	726.97723	2590.9014	749.9384
2638.6162	862.1225	2636.4846	838.0456
2675.3433	1124.1481	2672.8293	1096.0153
3019.2397	1125.8751	3021.8813	1152.1127
0.93133295	1586.9293	30.988894	1589.1503
883.00555	1185.9304	941.03595	1190.5481
977.9977	1491.0582	965.0184	1490.5396
1433.3741	517.7448	1419.1696	520.79083
1835.3712	1503.9683	1836.9115	1522.0076
1982.305	1246.9214	1983.8209	1272.071
2328.4856	1319.0309	2322.469	1218.9718
2612.026	716.9096	2616.706	770.0259
2638.098	806.8289	2640.0752	831.07544
2936.8408	734.1265	2930.9338	680.0072
2953.2986	1153.833	2956.9385	1182.1365
2986.3044	1046.8226	2994.8022	1109.299
2999.7551	1250.1506	2984.2588	1122.0897
3032.4053	1111.2166	3024.1074	1050.1212
882.5062	1453.9457	881.5037	1463.0554
946.09174	1471.4661	933.95575	1470.7401
1374.0918	714.4405	1515.0691	737.57916
1922.3955	1209.9794	1923.8022	1237.0103
1978.3661	1517.0021	1978.6233	1596.0045
2235.907	877.88824	2247.9111	867.8933
2245.7693	1212.952	2251.132	1299.0541
2169.9678	1306.4244	2261.0503	1313.3389
2295.857	1130.0621	2306.6726	1328.9634
2339.4458	991.03314	2333.7625	896.0142
2352.2893	1205.0441	2348.262	1140.0458
2609.1086	1275.9907	2598.5056	1151.9568
2604.7622	1151.9304	2615.8005	1272.8356
2641.3315	891.1469	2639.2114	867.06946
2686.4385	1261.0636	2685.2969	1233.0287
681.8394	1425.853	691.8607	1427.7399
978.0035	1471.916	967.97925	1471.4995
2007.9935	849.0002	2011.188	948.0262
2039.2959	971.02655	2033.64	821.0513
2054.9858	1606.0023	2042.3822	1531.104
2113.7395	1543.9517	2110.598	1495.8304
2231.4688	886.97565	2236.3638	981.0851
2289.9685	727.94403	2275.9092	735.8382
2387.5298	1630.0591	2389.2913	1644.089
2614.6196	1104.176	2612.7593	1079.0178
2617.759	781.93097	2628.2185	896.98016
2958.033	1045.9954	2961.976	1074.0034
3070.6128	569.99963	3070.6516	634.0002
441.08612	1034.0093	428.92273	1146.9917
875.8881	1579.9926	874.55664	1599.9705
1054.3055	296.03873	1055.834	283.97897
1783.9879	842.0775	1745.9751	836.16034
2077.9624	1498.6857	2090.0293	1497.2443
2147.5657	901.02454	2149.9363	943.0036
2572.9941	732.0004	2576.9407	785.0044
2602.5017	879.0422	2604.5312	903.0396
2879.651	642.038	2904.9006	873.7929
3037.7795	1155.115	3034.8503	1124.0142
1752.99	1255.145	1789.0256	1257.6285
1998.3826	1247.9705	2000.311	1272.9761
2133.1858	839.9912	2140.0652	985.09174
2610.076	1278.347	2648.012	1270.0549
2562.801	932.3549	2659.822	902.42346
2658.9077	1067.8497	2660.961	1093.9243
2945.9714	742.4584	2904.9436	739.90594
2929.7734	806.8253	2932.27	832.1704
2996.045	1545.8821	2999.7837	1579.0244
3000.2144	1582.9757	3003.7285	1614.0308
1730.95	1159.6061	1689.9814	1156.2246
1875.0367	1595.9998	1874.7345	1557.0021
2050.1997	1487.2247	2029.0566	1481.7802
2060.0876	1496.597	2044.973	1498.8159
2083.0532	1618.411	2070.632	1499.1425
2084.212	669.4718	2122.9414	688.0359
2203.4807	1487.9751	2211.516	1643.0769
2311.0283	904.9985	2316.0823	997.99554
2346.5938	1285.9529	2348.9019	1315.0078
2406.991	1748.3264	2354.9756	1746.8788
2447.5464	739.81793	2522.8018	1792.2992
2598.058	1145.9956	2593.3105	1083.052
2661.5093	1098.9504	2664.0564	1125.0919
2681.8906	1198.0956	2676.6316	1137.0317
2684.9539	1230.0997	2682.187	1201.0775
2975.5823	835.1452	2973.1082	810.9889
1440.0239	1227.7583	1459.0359	1229.6368
1955.7112	839.9755	1959.2257	942.0267
2185.1697	1511.99	2186.529	1535.0278
2640.5242	836.04553	2642.9136	861.0083
2676.5518	1133.8677	2602.8652	1149.3591
983.64795	1561.0774	985.22095	1547.907
1136.8885	1506.773	1118.7483	1495.4016
2244.35	1178.9835	2245.62	1205.9708
2528.7986	1533.08	2543.0535	1568.9788
2553.7876	1555.9873	2554.6267	1541.9777
2666.2358	1199.1749	2663.6543	1173.1334
2671.6965	1262.1033	2669.6304	1236.0293
2670.768	1204.0221	2673.324	1230.874
150.1667	964.9023	147.45131	988.0529
740.7744	268.6772	753.97504	273.07486
945.99243	1490.0938	931.92267	1488.9592
1712.9445	1909.0105	1715.8119	1924.224
2181.9753	1813.8317	2201.0054	1811.0359
2325.5022	993.0393	2323.3665	965.97107
2384.0193	1102.0677	2363.0159	1108.056
2586.6436	1572.0242	2588.9556	1606.0709
2663.256	1167.1411	2661.1458	1141.0691
2669.0295	1230.9973	2666.7112	1205.1155
2915.2195	835.77057	2920.33	862.9379
2918.345	706.8453	2921.122	730.98596
2962.4075	1078.799	2966.4268	1106.9391
134.6523	1392.9482	137.94128	1370.8425
708.49335	1592.0681	710.3114	1578.9049
1690.0358	1592.0001	1689.963	1617.9999
1951.9327	868.42584	1916.0382	862.7578
2163.728	1466.9261	2167.8958	1508.0106
2344.5068	1316.0338	2342.5137	1286.9647
2328.0554	1140.2188	2371.0813	1129.3206
2649.773	1174.0204	2652.3804	1203.0557
2709.709	1513.118	2705.136	1463.079
2923.9004	800.2131	2921.4282	775.85504
2977.4941	1247.1321	2975.2073	1221.0696
2979.1511	866.18475	2976.628	840.93726
2999.8096	869.1418	2985.6245	750.04474
207.33997	1459.9421	205.9331	1475.9941
589.0769	1119.0071	595.3343	1051.0308
725.9786	616.8862	727.02313	635.05615
850.65686	1543.9757	849.2344	1564.0873
1549.615	1521.2385	1533.2944	1511.1404
1821.1866	1805.6451	1831.9651	1819.2346
2561.8877	1540.9764	2558.0657	1559.2233
2599.0828	1448.832	2616.7583	1668.0195
2727.7322	1737.9347	2709.7063	1536.0262
2916.0073	730.1092	2913.3386	705.8527
2933.39	837.8737	2935.6838	863.11957
2982.382	1109.0743	2974.7957	1046.0245
3024.2593	1216.1927	3021.4514	1190.8392
14.751164	941.9639	9.798871	976.11584
681.9413	991.925	683.37335	1009.8905
1948.002	1467.2179	1862.9908	1467.9828
2179.8887	904.6324	2152.8472	899.867
2209.9485	900.35333	2225.065	902.5538
2345.0974	1251.9943	2346.8196	1281.0107
2941.2322	678.971	2948.2358	735.09534
2979.7761	1221.7966	2982.7656	1247.9124
3004.3118	1618.9609	3008.1968	1649.9753
95.970024	643.2025	118.91145	646.59827
680.8178	1040.9849	682.6491	1018.9708
914.18896	1797.0082	913.2009	1820.0087
1740.7579	910.00806	1739.7584	879.97473
2181.002	1636.2074	2205.9998	1635.9839
2307.4414	837.9225	2310.5115	895.02625
2600.2974	904.3301	2597.4707	881.1868
2581.0608	784.1754	2605.855	775.5818
2648.9565	1129.7644	2674.993	1124.9622
49.071217	1600.6116	33.927235	1602.3752
157.94917	621.5303	177.95703	623.44824
854.00696	1436.5774	882.99915	1437.0531
892.0002	1574.0164	876.9918	1574.1625
1729.006	1527.7538	1686.9822	1526.738
1723.0309	1592.6694	1712.9321	1591.7257
2066.2068	1608.6183	2079.9624	1616.0695
2195.364	1173.9814	2201.5337	1295.0238
2342.6943	1218.0297	2345.5093	1247.0476
2659.5146	1125.12	2657.4944	1100.1217
2926.572	775.84656	2929.1235	801.988
840.9857	1631.943	995.011	1634.2755
1522.1993	1550.1139	1519.0311	1527.8533
2328.8047	1218.8907	2334.8655	1319.0082
2499.7861	601.9095	2501.6309	617.92737
2566.424	1057.8932	2583.4429	1284.8918
2592.612	817.83405	2590.2585	794.9734
2668.068	1171.9932	2670.7646	1198.8226
2905.4185	743.8658	2907.9866	771.0013
1789.0276	1165.6312	1750.021	1162.7194
2324.839	1146.9504	2328.5046	1209.0293
2372.724	1241.1039	2370.5076	1213.8773
2373.3003	1549.0447	2371.7625	1524.9513
2401.5562	1787.036	2402.9834	1764.9989
2635.4514	777.8614	2637.75	801.92834
2908.5562	772.9402	2911.5793	801.0453
2972.12	804.2129	2969.4727	780.83325
3026.83	1190.8142	3029.5037	1217.1519
3039.0662	1511.9601	3024.0632	1511.0067
617.9672	1494.6604	568.04047	1492.1838
964.54224	1490.1467	965.8892	1475.9895
985.88855	1525.9888	987.3067	1511.93
1233.0681	1160.7416	1223.9325	1160.247
1440.9463	1760.5837	1449.0616	1761.3308
1909.0676	1890.999	1908.8788	1877.9873
1902.9816	1504.6293	1927.0042	1504.3065
2594.997	846.9105	2592.853	823.0132
2622.525	1149.8418	2625.226	1175.8728
2950.0503	735.39905	2981.9937	738.0745
2975.185	1188.8192	2979.22	1215.2715
102.27774	1041.038	97.47398	1076.2014
370.41232	959.00586	370.12714	979.01605
866.1213	1448.1764	854.92236	1446.5275
909.99646	1617.9999	911.807	1577.9912
2317.969	860.07745	2316.084	834.9937
2367.9353	1166.006	2365.348	1138.0604
2386.7622	1310.0076	2385.7363	1277.9764
2665.28	1140.7559	2668.089	1166.9905
2911.8213	805.02045	2914.9197	832.12354
2973.8962	1213.1245	2971.1719	1188.9806
306.3717	1467.9167	304.62604	1481.083
703.9763	1497.5022	662.9732	1495.5684
1523.1793	1527.9814	1524.7258	1542.9249
2374.7988	1276.0118	2373.0806	1246.9362
2376.9644	1309.0671	2375.1467	1281.0554
2539.7153	714.8628	2556.8374	928.93304
2619.174	1107.9811	2622.0918	1134.7722
2895.4324	659.94586	2900.566	700.9291
3010.7842	1108.246	3007.8604	1081.9045
63.5006	1579.0696	65.87522	1561.9827
1170.0013	1205.9812	1193.0981	1207.6036
1728.9093	832.64685	1688.012	826.91504
2323.6973	963.0189	2320.005	903.9997
2342.3718	1282.0413	2340.4631	1252.9696
2630.1592	763.9829	2627.6013	740.1501
2929.9807	706.1639	2918.0276	704.7652
2923.1797	745.8821	2925.8025	772.1197
144.51337	1005.9407	135.7296	1077.967
1216.0215	1209.6335	1238.0044	1210.9247
2369.7776	1198.0859	2367.8704	1170.9388
2591.377	755.0676	2593.856	777.9071
2636.0068	832.92633	2634.114	807.0648
2971.15	749.8791	2973.8042	775.12573
1905.0542	954.53394	1926.9901	957.0849
2059.0786	1532.9968	2062.1135	1608.0359
2328.745	964.96625	2329.9688	992.0014
2355.7615	1138.0161	2360.0786	1201.9948
2543.153	1560.9517	2535.9094	1538.0286
2628.0225	1211.7931	2630.6968	1237.9287
2335.9778	1174.0013	2334.2231	1145.986
2348.235	847.9835	2346.545	823.8916
2637.8772	1569.9194	2653.0645	1735.1779
2982.2207	841.87933	2984.7073	867.02893
1106.4406	1535.0833	1103.2988	1513.9556
2008.8536	1607.8329	2040.8522	1603.8208
2183.9597	1833.0186	2177.4365	1818.7997
2339.9648	1249.0016	2338.5925	1219.0187
2963.6174	734.15826	2960.9539	710.8908
2990.349	1499.953	2994.656	1531.9116
6.6090918	1494.1284	9.604992	1479.9167
689.0138	1448.0254	677.98773	1447.8696
2319.3608	892.0401	2317.667	865.0209
2337.904	1206.0066	2335.9666	1177.9333
2646.9104	1142.9094	2649.797	1171.9207
717.4853	1478.9307	718.95734	1467.9943
1107.2893	1514.9729	1109.2644	1536.0688
1959.9677	1182.3951	1921.9768	1179.2833
2352.7476	919.01556	2351.146	893.0527
2360.722	1212.8967	2366.7249	1312.9565
2625.289	1180.9691	2628.0586	1206.8868
947.06573	1453.4905	935.99207	1452.0616
2058.9944	1615.5698	2050.7327	1634.8856
2321.0493	834.96454	2321.828	858.0058
2358.7893	955.0161	2360.7732	981.01733
2400.711	1599.9691	2401.3198	1613.9861
1837.5542	1533.7897	1833.1766	1563.8802
2341.6262	894.0214	2346.8977	986.00586
2620.5403	1176.1414	2618.1907	1151.8846
618.99347	1445.118	605.92285	1444.3959
2354.7043	950.0873	2352.9468	924.0036
2569.9265	1533.0444	2551.3281	1523.2799
2813.0173	1786.4332	2796.9631	1787.0735
2974.7407	780.8161	2977.4082	806.06256
2001.0071	1635.8997	1984.9458	1634.7723
2191.95	1206.5635	2159.0317	1203.6421
2340.9768	1176.933	2342.9011	1205.0067
2742.531	1670.1394	2720.7852	1441.0204
884.09283	1481.0505	883.6981	1473.9612
1735.455	802.4652	1740.6265	787.5246
2322.9993	862.9712	2323.7498	889.0072
2350.2112	879.98413	2348.2588	853.9806
2597.0283	820.99713	2599.4539	844.95404
2644.2686	760.06506	2639.3765	705.0554
2640.4775	1070.9526	2643.2566	1098.9746
3042.0244	1124.9972	3056.9678	1255.1185
2167.6348	1510.0211	2169.0793	1534.9374
2337.128	824.99225	2340.7144	884.01733
2369.6843	1139.0198	2371.2478	1163.9216
2371.9219	1520.0056	2370.1123	1494.9198
248.32875	1670.6566	238.11568	1660.8792
1042.859	297.95386	1047.0896	285.02933
1691.025	1555.6102	1700.9839	1556.2512
2617.275	1135.1309	2615.372	1110.0476
578.9996	1474.8848	565.99585	1474.9355
1165.9573	1795.0533	1179.2545	1805.6815
2379.0962	1497.9928	2380.8071	1521.0143
2985.0557	684.9933	2992.407	746.07135
375.3867	1784.0404	386.36096	1678.9332
2171.2144	1577.937	2172.4126	1601.0305
2201.008	1547.4481	2170.0002	1546.9917
2326.8965	932.9575	2328.1768	959.99164
2376.9294	1245.9381	2378.865	1275.009
582.637	1459.9775	581.8318	1472.9896
2324.8857	902.007	2326.5466	928.9663
2378.812	1279.9402	2380.9565	1309.0768
2623.4988	1207.1389	2621.1804	1182.0758
1853.4384	734.33777	1860.3969	725.30566
3008.1277	1652.9761	3014.131	1684.9755
1918.1548	664.3701	1887.0669	656.728
2338.9065	1145.0072	2340.9165	1171.0065
2609.3223	782.8646	2580.2612	793.70044
2957.3025	1186.8656	2960.1008	1213.9896
1321.083	1457.7914	1311.9386	1454.1544
1493.809	1113.056	1494.4926	1090.9843
2071.8672	1478.9473	2066.2476	1493.0983
2251.001	1548.9547	2222.015	1548.3214
2588.0679	1764.1942	2563.9858	1762.1688
851.279	1504.972	852.7775	1519.9221
2169.5981	1548.9619	2171.1326	1573.0553
2352.8198	851.97156	2353.688	877.0108
197.99773	1491.0233	210.99988	1491.0521
2595.2068	792.8376	2596.912	816.0065
2834.0598	1804.1802	2814.0208	1802.7157
16.731882	1645.4934	30.562704	1638.1737
1490.03	1773.389	1476.9633	1772.7465
1914.9603	1658.4319	1893.8628	1656.4918
2356.8896	923.00793	2358.7646	949.01697
2374.3572	1211.0527	2376.728	1239.9402
930.2082	1575.0175	927.9449	1602.079
2354.572	890.9496	2356.8674	917.01166
2371.862	1169.9409	2373.7854	1198.0146
1698.1984	1677.516	1706.9133	1691.0558
2366.7566	982.0144	2361.1838	887.9299
25.087343	1421.9846	24.868559	1434.9978
2992.912	748.8916	3007.4175	870.9504
7.614837	1562.1299	3.599989	1581.1268
1525.1453	1562.7361	1520.7627	1576.9268
2385.299	1275.0454	2381.0251	1208.9984
2599.7742	850.0234	2602.343	874.8611
2951.691	865.1454	2938.3528	745.0719
1793.5438	885.0095	1791.8741	804.98175
2240.9636	1211.3392	2214.9414	1208.5465
2544.493	1542.8887	2548.3398	1559.9232
1436.9324	421.15793	1455.0405	428.90527
3031.7397	1052.8972	3040.381	1115.086
2495.2166	618.0099	2495.0527	604.9993
1443.2855	1547.4446	1426.8777	1521.0762
1933.6091	1539.9421	1935.2277	1556.9784
3070.4785	1652.9983	3070.5808	1681.0016
2049.9985	1636.0779	2025.0065	1635.6366
2185.8308	1625.9799	2187.382	1612.9265
2380.0645	1196.9956	2375.7502	1132.9495
45.024532	1473.259	30.973719	1472.7938
568.8363	1497.9636	569.40466	1511.0259
2744.9998	1739.0302	2731.9902	1738.8866
2563.9956	1777.1267	2539.9895	1776.3124
2360.2278	876.98627	2356.2485	811.04535
627.0012	1443.0741	638.9979	1442.8744
3070.7966	1625.9989	3070.7136	1642.0037
18.308855	1480.037	16.392252	1496.047
