-3.2561598	181.3349	359.43546	242.26561
312.8855	253.71382	515.79755	286.26202
331.08633	525.3798	261.896	515.74695
350.16367	251.09576	382.02487	256.8626
103.97903	217.12132	33.024982	204.85548
420.06342	538.5557	351.04236	528.7032
239.90305	198.53625	0.76513356	155.29901
329.92697	244.63947	417.047	254.58852
34.122326	555.07324	101.1426	563.9197
258.89307	225.63345	0.9846291	182.09105
19.111492	175.36609	103.15007	190.14676
114.9805	215.10982	0.85054696	194.84157
260.8614	517.99805	331.0355	527.7445
488.92227	243.41339	450.9486	236.2733
108.700516	210.31892	1.029472	185.87021
156.99408	860.057	276.94766	872.5043
285.91656	239.45567	348.0314	250.8285
393.7549	256.3084	528.2798	281.50613
39.117588	524.112	104.16867	532.72626
115.068146	494.51758	40.992447	484.05347
320.0303	257.83182	352.0714	263.6035
548.1681	595.80695	605.164	603.83575
546.86835	559.909	613.07263	569.4987
39.008656	209.95247	0.9946819	203.0292
40.81213	486.3228	115.0196	496.862
157.88339	923.1434	232.91888	930.7954
256.1183	585.1195	317.09268	593.31006
420.18686	544.6877	349.90317	534.68
102.91826	204.50552	69.97124	199.17786
260.06326	554.5565	321.10513	563.263
248.42345	463.44965	439.9652	488.26855
346.02228	238.87152	375.98846	244.06648
349.88596	537.8028	419.89377	547.7478
346.1752	597.69025	407.1542	605.84717
435.58298	234.89224	387.1401	221.49342
544.137	625.02686	573.12555	629.10815
127.03078	449.79404	41.84096	437.06433
350.8505	531.0498	420.01437	540.8992
575.00555	597.88184	577.8597	573.8645
1194.4432	651.97266	1195.6213	627.9814
2998.8853	388.04526	3054.0483	391.13895
339.08835	481.41943	257.9885	469.07562
284.09787	245.45676	254.96266	240.20728
294.72693	516.8418	297.34207	495.794
435.9356	490.42545	349.9378	477.4109
1189.254	744.95886	1193.6658	664.92645
0.7192292	423.65558	137.18616	446.79892
264.064	513.5462	330.02176	522.84576
350.0543	567.5992	380.17874	571.6807
340.98666	234.07854	402.09418	244.4448
573.27246	261.27252	534.96356	255.23097
819.02966	633.7982	842.1185	637.1939
1687.7179	811.9874	1687.9333	789.98956
2658.8245	443.6629	2698.488	423.0163
2703.373	419.73895	2766.4434	387.89737
3033.031	1109.0476	3070.057	1110.2549
30.930803	429.4528	0.86878103	424.85864
29.080145	586.39874	98.054245	595.5931
72.94315	191.31804	0.92043567	178.44516
253.94792	932.53796	326.94156	939.6036
258.92334	524.5309	330.8674	534.9184
332.16382	531.8407	259.06903	521.5116
443.04095	276.8146	387.86148	264.62708
576.0595	629.5432	602.1381	632.9394
630.14453	636.95734	686.177	644.7231
1115.9	732.9304	1120.8988	653.9303
3070.0173	1113.6539	3031.9626	1111.746
115.17125	500.7869	38.153244	489.91443
246.09157	871.0804	155.0976	862.01984
922.0627	649.9346	923.8785	623.9217
3070.3018	956.9996	3070.2117	1106.9995
317.91663	596.6099	255.84615	588.1256
450.95807	1313.7695	534.0384	1318.2947
613.1328	567.06836	548.03015	557.78827
663.1225	612.08765	688.07544	615.4382
925.5344	608.9737	926.61066	589.9215
2607.7207	484.49185	2659.548	455.99673
36.87599	492.87332	114.865456	503.94754
321.90836	566.6344	259.76065	557.65704
342.1113	628.1519	405.07675	636.4151
384.43777	528.9518	386.15427	508.9275
382.1532	571.8865	410.1732	575.74097
1089.5828	700.91486	1092.7067	648.9223
1423.9968	775.96826	1426.4331	698.95044
3029.0447	1072.8655	3070.099	1074.4834
3069.1204	1077.6896	3028.9688	1075.5999
44.986206	482.09705	112.05287	491.62796
132.91225	444.5886	38.9142	430.57553
602.79456	636.4473	543.8466	628.08044
634.00934	607.9303	658.1134	611.15106
815.20184	662.5908	841.1002	666.3005
846.99713	596.9377	848.1804	577.88696
1053.1135	120.635414	1032.2175	171.44441
1124.2346	678.5196	1145.184	681.83923
1341.3947	1034.9402	1342.5117	1004.9818
100.87825	566.94617	33.83034	558.3185
170.20964	178.53789	105.81294	169.30463
243.01906	876.8146	157.00313	867.96954
251.04736	615.6548	315.07706	624.4382
325.99963	937.00366	253.1014	929.9519
428.9861	495.09152	352.91537	483.55814
838.13025	692.9137	840.42017	669.8432
899.0477	645.61633	921.08014	648.3554
2901.2405	212.40053	2587.7327	400.5545
338.90793	886.88257	256.965	878.3357
292.84756	532.0644	264.849	528.05444
342.94467	476.35944	251.94608	462.35025
378.8774	569.8645	381.77637	545.8523
568.643	657.839	571.7266	631.84894
663.67725	571.9138	665.044	550.9377
2792.7314	389.492	2464.922	562.7448
3069.1326	412.37015	2791.9326	389.82852
407.84482	609.1465	345.89697	600.761
843.2974	637.9398	845.5309	611.87415
1010.9574	251.14505	1029.5012	0.8889391
1034.2838	178.03456	1031.989	196.87688
1122.1292	639.96936	1122.9371	616.9978
1415.0746	1087.1036	1434.1093	1088.688
3069.039	1186.1956	3038.9644	1184.7316
20.229826	487.41364	0.7690342	484.59424
104.84243	536.158	38.83983	527.1771
151.92802	864.7271	244.90791	873.9303
254.87439	875.2034	343.9478	884.50006
289.61655	556.8187	292.75922	532.8374
352.75903	880.06555	145.89125	855.9321
413.95026	549.3564	385.93762	545.4469
579.2917	557.9399	580.9912	537.91437
688.8783	618.83685	662.84705	615.0518
1038.0111	1702.4044	528.0019	1692.8993
847.1401	638.00726	871.0867	641.3857
3069.019	1407.5656	3055.9565	1406.9948
491.0918	1000.0133	549.1475	1005.4144
605.0002	606.99884	547.88135	598.8297
686.022	647.8407	629.84845	640.0997
1094.1666	702.5214	1116.1133	704.99475
1170.9989	686.0079	1191.1624	688.8469
1317.1654	1077.5192	1339.115	1079.971
1354.4442	766.97614	1357.7965	688.9483
1388.1396	1118.5507	1408.1466	1120.4778
1410.2133	1087.9696	1411.4498	1055.9402
410.82175	579.19653	381.8684	574.8833
538.46375	507.69745	637.555	522.06836
551.0676	555.54834	608.13617	564.09033
927.0776	649.4139	949.089	652.3278
979.8	569.25604	806.7304	541.6926
1097.2303	674.51807	1118.1903	677.7758
1427.173	685.98694	1427.5359	663.0085
3068.7695	630.96857	3070.991	756.0002
74.865944	500.92517	44.9152	496.58524
153.09496	1008.0437	184.08728	1011.1209
379.8913	574.79974	349.76825	570.70496
354.06622	526.5403	417.0559	535.61176
540.98773	655.08997	600.1159	663.1495
571.89886	627.8922	574.2544	603.8291
813.0313	691.77277	867.1065	699.2273
845.13574	666.9303	869.13	669.9755
1339.4753	1080.9369	1340.7991	1048.9503
1413.0715	1120.9496	1433.1147	1122.3141
3069.0454	527.4384	2969.1345	519.3405
312.02393	267.85876	224.00833	252.95085
442.90656	486.60855	246.77148	456.48807
620.87286	524.8325	546.9179	513.53735
626.0571	666.5827	684.0651	674.5243
841.82324	669.3664	814.8859	665.88214
949.0536	655.59	926.9092	652.69464
1073.184	1054.2892	1098.1107	1056.9702
1358.6929	677.0019	1358.552	653.99664
2761.382	393.7706	2723.7253	412.44638
200.86285	178.68657	173.93842	173.30827
281.11035	1019.63055	310.0834	1021.9649
371.51074	629.93665	374.7444	604.9669
486.86353	900.32404	568.91943	908.78143
614.0938	573.08014	545.6836	566.1017
600.70844	662.9689	609.81024	577.76605
659.9307	614.5426	633.8453	611.2115
843.9317	640.50323	818.8508	637.0993
999.66345	104.19002	989.63745	191.95859
1316.1051	1111.9171	1337.1014	1113.9551
1688.7742	724.9761	1689.2032	702.98444
2914.099	380.69952	2977.957	385.56375
139.94083	440.3979	0.7479315	419.69473
109.02768	505.8119	76.985664	501.0974
53.96457	1272.6136	292.9762	1286.4125
315.5709	623.9437	327.121	535.8847
706.8865	537.7431	635.8632	526.8955
954.06616	614.9184	955.9024	593.9041
1389.1259	1084.6168	1409.1421	1086.4387
1662.1466	1110.2542	1683.0829	1112.013
1683.5612	1068.9685	1684.1741	1040.9601
1687.1049	1112.5563	1705.0826	1113.862
145.02821	70.89271	131.88521	67.436554
252.11911	977.6507	282.06232	980.2941
350.7753	480.48212	434.96268	493.24615
611.0645	1011.33	637.11194	1013.8372
653.4194	669.83734	656.0876	643.9061
794.11395	1063.6383	820.0993	1065.8134
821.01715	594.88434	874.1825	602.76965
870.93024	644.4993	846.8415	641.13495
876.26154	602.92145	878.5972	580.95715
1175.0603	1099.2037	1196.0912	1100.7964
1336.2163	709.5803	1355.2319	712.4779
1343.035	1114.5287	1363.073	1116.0192
1362.9198	713.5816	1380.1439	715.95654
1705.916	1117.8492	1686.9042	1115.9685
3034.0583	1144.8828	3070.0645	1146.7665
60.958054	588.8465	64.648254	563.80084
70.06028	525.8589	73.672386	501.80066
158.12317	968.7156	188.13487	971.5934
135.14345	845.675	363.07025	870.351
317.04196	876.58	344.96317	879.3688
381.81833	545.16516	353.87396	540.80835
0.9759868	231.14027	485.0005	313.99716
517.096	1040.7635	545.0826	1042.9368
625.01636	519.8928	541.9672	507.21466
607.08154	1048.9937	633.07294	1051.0995
694.3791	576.9172	697.44507	553.926
720.091	529.40216	536.7712	501.50345
797.0984	1026.8859	823.0724	1029.1803
1070.1855	1089.2504	1095.1172	1091.895
1334.1488	736.7592	1354.1017	739.1517
2391.6326	583.3538	2433.3606	559.63416
2698.0388	558.08203	2599.3398	604.719
3038.8025	1183.4701	3071.1006	1187.8098
80.918175	1296.4512	163.99237	1301.1354
146.12828	1047.5747	212.04434	1053.5073
157.82944	870.6795	241.9771	879.2256
193.06963	972.2371	222.1016	974.88684
241.1059	1055.7249	308.05936	1061.2853
325.85355	536.955	296.92056	532.51807
656.3362	639.80396	659.2827	614.79767
810.841	550.0282	888.0058	561.96234
924.15845	677.82587	947.14465	680.92816
1092.0731	730.4765	1116.1621	733.839
1149.6554	644.9831	1150.7878	621.9404
1344.1113	1080.5258	1364.073	1082.0327
1364.0963	1085.9647	1343.8989	1084.0864
1407.4653	1153.9307	1408.7749	1124.9447
1715.0953	1037.1185	1665.9137	1031.7976
1682.8079	1111.9598	1683.8177	1081.9602
1752.0701	1151.7755	1770.0684	1152.805
2754.9731	1395.6748	2643.9026	1404.8162
3069.0842	931.60785	3005.9524	927.7846
291.81018	897.60565	262.8601	894.1835
287.0947	980.91296	315.1432	983.35626
698.93823	686.4718	525.03754	663.713
659.727	610.88684	661.94727	585.90643
712.02136	532.85315	638.1281	522.1181
868.95605	673.3243	844.85675	670.0567
1117.9811	681.12823	1096.8508	678.0116
1144.9596	685.2508	1123.8632	681.8482
1688.6763	760.0038	1688.6139	738.0011
1752.1003	1119.4832	1770.0878	1120.6737
76.423584	483.92197	79.136024	463.88306
42.879044	439.80374	125.953964	452.30588
217.01578	1056.8182	140.07446	1050.1418
188.04742	1011.45	217.09018	1013.95404
258.8666	471.90088	338.88885	483.75058
292.04926	931.40924	323.08365	933.9965
559.04987	960.50616	491.0369	953.6348
509.93063	259.34756	536.0861	264.5687
636.09924	568.3328	664.07526	572.494
684.8739	673.98737	693.401	588.83984
815.6009	597.12335	817.4625	572.9586
886.8856	564.729	815.90704	553.59235
840.81757	665.89874	842.95703	640.9107
1102.0499	1057.354	1124.073	1059.0554
1198.0397	689.714	1217.2255	692.3733
1337.8212	1117.8175	1315.8372	1115.6549
1337.9543	1115.9574	1339.2605	1083.9291
1409.8732	1090.2645	1388.8838	1088.1584
1430.1184	749.9656	1448.1116	752.02435
3024.6956	1207.537	3070.3623	1210.6002
3069.06	1386.2844	3036.9595	1385.159
299.0001	1280.9984	27.176456	1264.1527
65.64439	556.79364	69.30587	532.74207
147.0242	1377.2616	72.03923	1374.8033
247.12181	1016.57745	278.06616	1019.22723
535.9711	652.1041	544.9869	567.9986
608.8267	578.2013	582.79144	574.44556
632.9341	572.45374	695.91223	581.60406
670.64215	914.06824	479.9041	891.82227
909.14197	1037.4359	933.1259	1039.6128
919.97394	677.923	921.92566	651.9194
1100.2532	1008.95624	1101.9536	979.93866
1167.1732	648.00995	1168.4382	625.9678
1360.2673	740.12103	1380.1494	742.9502
1409.0825	1120.9738	1409.9696	1089.9705
1428.0254	776.8038	1449.1886	779.5434
2442.0225	1423.2966	2362.102	1429.3473
3069.0903	782.7741	2987.9412	776.7982
3070.1738	944.23126	3016.944	940.89026
258.12305	927.7309	290.01715	930.8231
285.69434	587.83496	288.8524	562.8549
336.50977	629.1801	351.68756	501.96274
526.9254	921.69135	498.92755	918.6718
534.0612	315.69113	501.93536	309.3263
603.15393	262.07004	648.0816	269.50717
921.0463	651.63495	898.8955	648.8235
896.87006	610.8649	955.20593	619.6295
946.96893	684.22217	923.8612	680.99316
1174.7922	1016.98914	1176.311	987.9639
1682.9536	1115.6133	1661.9226	1114.0239
1681.8649	1176.969	1682.6301	1148.9899
2505.3838	617.79846	2811.0034	470.92633
2722.901	949.63715	2618.7522	978.0932
3069.0745	1209.7036	3027.923	1207.3419
3063.0027	993.957	3022.9763	991.3664
280.93298	1295.1395	66.90878	1282.5509
233.0912	928.0766	160.01387	920.85956
487.1199	1037.7397	515.0573	1040.3976
495.07648	951.2473	556.05664	957.44214
534.17816	321.9675	1055.1954	411.86768
667.0948	573.21936	693.07605	576.3735
824.1073	1066.45	848.1306	1068.1128
827.11664	1029.6855	852.0974	1031.9026
929.10956	611.1492	952.1145	614.1107
1093.4104	705.0792	1092.0048	730.11255
1096.9775	1055.9208	1099.4597	1023.8807
1116.9133	708.7009	1093.8944	705.8536
1099.0571	1092.2533	1122.0754	1094.0139
1124.0111	1062.8829	1099.8492	1060.585
1122.9672	706.2365	1143.1342	709.03174
1196.0984	717.2901	1216.1293	720.06793
1363.01	1119.8733	1342.8987	1118.2758
1433.0582	1126.4468	1412.861	1124.3202
1431.2336	723.2569	1449.1793	725.6622
1662.0977	1142.8931	1682.1183	1144.6603
1748.039	1118.9768	1748.738	1089.9696
1966.0138	1517.6223	1924.9956	1516.1206
2719.8835	793.6709	2605.99	833.9719
3056.9458	585.70215	3040.887	584.4605
1.015332	1028.0013	3.5113199	998.87244
29.018118	434.87274	0.8766801	430.86618
96.6023	593.9399	100.99943	564.84875
256.94415	1433.4375	53.9398	1425.5493
82.02031	1370.5916	148.00633	1373.8728
185.049	1375.8181	247.02539	1378.3877
822.93463	1032.7273	796.8755	1030.3848
807.73413	691.0574	814.3856	605.95197
877.1271	1071.2572	902.0674	1073.0757
892.15216	702.8512	947.115	710.1319
1336.5359	1147.9261	1338.0503	1117.9016
1389.0529	1040.4725	1437.1708	1045.2963
1692.3545	736.9947	1692.698	760.0194
1688.0845	1145.1018	1705.1218	1146.704
2703.928	547.84814	2591.5706	601.2015
2981.999	390.00952	2909.8691	383.4353
3069.1833	397.68665	2984.9993	391.0106
3051.0698	691.89923	3069.0608	693.0394
198.9231	887.73486	168.93756	884.59656
281.41876	618.7953	284.77896	592.8419
325.9286	900.7195	296.91666	897.8394
352.86435	485.891	427.12228	497.19672
570.9687	906.2945	485.97226	897.261
485.9787	895.19806	622.0195	909.81885
523.71875	952.8638	527.01135	921.8949
546.0777	557.89777	548.74176	533.86053
579.14404	1008.47455	607.0838	1011.1122
610.6785	563.8134	613.7628	541.9665
696.78314	587.4789	632.5512	578.0607
827.04816	981.9167	829.7636	950.8918
879.10974	1034.7616	905.083	1037.0636
900.83875	564.0387	971.01025	574.9341
1041.627	144.75182	1022.8557	139.51732
1221.7517	655.9883	1222.84	632.9452
1318.0635	1033.3792	1342.1188	1035.837
1747.4136	1182.9943	1747.6759	1155.9872
1748.4663	1075.9524	1749.3354	1047.9484
3069.0535	1150.0061	3033.94	1148.1152
3070.1323	1395.4038	3043.8982	1393.2285
3069.098	520.8278	2961.9268	511.87808
0.73905796	475.4653	17.110283	478.3807
0.9133775	487.59665	19.94773	490.36005
21.128855	481.02713	0.9529956	478.3549
96.00239	1078.9703	342.1001	1098.7551
218.53748	250.08247	110.773476	230.22963
408.74316	605.8487	415.48837	549.818
868.2221	699.0187	875.22595	615.8506
882.87714	940.1469	956.1081	947.9906
896.11163	674.14276	919.11224	677.1379
1021.2489	0.8748914	1007.0984	198.9356
1144.1218	738.0075	1149.069	657.94244
1177.1152	1064.5719	1198.1398	1066.2693
1682.9218	1148.1122	1662.8802	1146.701
1729.0892	1149.8221	1747.0618	1151.1844
1770.016	1156.8516	1750.9144	1154.7953
1920.0999	1134.7734	1939.0557	1136.3171
2703.8708	423.7531	2670.6072	441.1603
2682.8513	797.5942	2700.1006	791.2745
3067.0674	1070.9982	3067.1218	1042.9983
3070.447	261.9996	3070.5854	412.99945
55.859215	1164.1573	25.817183	1160.5028
164.04585	918.5273	230.10336	924.9344
443.9629	1525.8289	502.97894	1528.4702
635.8151	524.21313	711.87726	535.8055
900.03284	606.7642	925.1035	610.2567
1098.1573	636.9012	1122.0961	640.32874
1143.0712	712.4612	1122.8947	709.798
1167.1724	713.5436	1190.0881	716.25525
1197.9888	1070.1122	1175.9092	1067.912
1332.5938	739.0131	1332.0414	764.04504
1339.8131	1083.7056	1316.8694	1081.1915
1682.4767	1144.9951	1682.7461	1115.9791
1752.1047	734.0019	1752.0604	712.9999
1990.0183	1474.5256	2032.033	1476.1477
2758.0562	1473.2357	2649.0088	1478.1938
0.78865623	901.51544	18.992447	904.05414
38.99176	165.04721	0.92955834	158.40356
25.034153	1444.0424	276.03586	1452.9945
101.23168	561.8788	105.48411	534.91864
194.67006	919.82544	198.73721	888.8343
264.26898	190.42651	206.89426	180.61862
235.94263	446.37347	455.97284	480.17688
404.71338	634.95874	408.60074	607.94257
546.0355	1046.6072	485.89417	1041.1708
620.9169	665.992	632.6461	543.87
908.4231	989.87415	910.8151	959.90546
917.68854	704.9122	919.2972	680.886
947.3154	709.9471	953.73846	626.82526
1024.7776	113.880844	1052.9988	121.004875
1094.9469	1095.5387	1070.8849	1093.1681
1094.5438	1090.8855	1096.9	1060.9136
1354.0125	742.9142	1332.8773	739.8452
1408.9047	1124.0797	1386.8997	1122.1362
1751.1306	819.9917	1751.8256	746.98883
1780.8948	1043.9622	1733.9099	1038.824
0.8426733	613.19226	129.11632	630.11847
38.95778	197.25471	6.0335927	191.79733
105.97239	532.8668	109.480095	505.803
268.0427	490.14813	264.76053	513.2501
328.80176	521.84143	331.5673	500.94275
581.8577	910.34985	659.05426	918.4849
645.89856	934.04236	618.8626	931.412
800.13385	979.71484	856.15106	985.5502
858.83295	954.33624	834.83295	951.33624
918.9423	680.4479	895.81085	677.4688
962.0375	581.7478	900.7563	572.6399
1056.8911	118.4184	1024.7275	110.046906
1093.7284	637.0347	1094.7815	614.9419
1149.1432	1061.6177	1172.104	1063.996
1412.4355	1041.9955	1412.669	1012.98926
1670.984	757.11	1686.101	759.304
2507.6304	447.35846	2434.3347	489.58112
2746.0642	1412.9121	2659.073	1419.0354
3069.168	730.2359	3053.9253	728.78485
0.7755533	410.47946	150.95999	433.26367
288.4138	929.8185	292.07953	897.7803
409.02948	639.7736	336.9496	630.3871
481.06857	1076.1746	543.0562	1081.3234
565.89197	911.0422	490.97122	903.27783
535.0299	1529.2924	564.0204	1530.518
637.88824	1017.2259	578.9225	1011.85034
584.041	960.56934	643.07666	966.19543
906.12994	1073.5704	930.1135	1075.751
1097.8259	1060.633	1072.896	1057.975
1148.1233	1096.6984	1169.1243	1098.6882
1191.8143	692.35986	1169.8148	689.3562
1354.9764	716.14764	1335.826	713.08887
1361.4818	689.0625	1358.1936	767.05035
1380.0642	746.55804	1359.9082	743.6323
1359.0679	767.50104	1380.2205	770.37976
1449.7794	779.9922	1452.5511	701.9841
1693.2064	760.55994	1710.1451	762.98737
1729.1227	1116.8876	1747.1244	1118.8722
1770.0394	1124.6338	1752.915	1122.7887
1939.6434	846.007	1939.5398	825.9972
2223.9202	1197.7792	2189.9697	1194.2961
2873.1301	1719.2811	2777.853	1641.1794
2968.9285	522.8701	3069.1562	531.0962
3032.9763	693.58075	3014.9656	692.8446
18.986048	1129.7505	0.9864025	1130.7568
75.97906	1404.4993	143.98523	1407.3519
176.97629	1408.5101	244.96878	1411.6714
179.96552	1296.5608	270.05533	1302.1
248.03314	1381.6644	174.0291	1379.8276
244.92622	617.1229	257.1499	525.0199
794.92126	930.73395	870.0227	938.78827
1096.5049	649.02905	1093.3958	703.08026
1172.1202	1063.9528	1173.7864	1032.9348
1380.0464	719.67505	1362.8263	717.2174
1960.8835	1142.0242	1942.8888	1139.978
2257.9375	869.95703	2258.8142	889.1001
3035.9404	727.82635	2996.0757	724.95166
3054.036	725.9623	3069.0525	726.4818
32.04691	1340.2328	17.977222	1339.3726
550.018	1008.80096	489.87695	1003.3603
611.1573	962.9258	613.97	930.9974
649.9352	521.42773	715.935	531.42914
1092.1451	1125.9341	1094.4615	1095.8815
1125.1456	640.9552	1148.1174	644.1574
1163.894	701.93066	1166.5292	659.9078
1216.0343	723.7669	1195.8826	720.7965
1228.8557	624.90497	1173.6646	616.1033
1415.35	1057.9731	1414.1097	1088.0458
1949.9813	1441.8053	1965.0089	1441.5703
2535.505	391.30804	2502.8113	444.88483
2671.0151	1473.3323	2748.9458	1469.8025
0.8661757	427.9128	29.13815	432.0577
640.96967	1317.5256	442.93686	1306.0939
657.94366	1303.893	427.9756	1289.3871
528.93207	1326.2479	458.92175	1322.4376
552.99915	533.99994	551.3983	555.1061
1053.1428	130.91098	1047.541	184.84848
1091.8962	593.6289	1161.8087	605.1598
1217.1367	696.06635	1197.8187	693.2384
1314.6593	1114.9854	1313.324	1146.0569
1331.1792	763.701	1355.1371	767.00604
1404.7592	694.99164	1402.9463	747.03296
1406.1692	719.75385	1424.1101	722.1888
1434.0421	1092.5906	1414.834	1090.6125
1747.5063	1150.9635	1748.1909	1122.9558
1756.1593	769.8556	1773.1093	772.2149
1926.0146	1439.8018	1944.0638	1441.1378
1943.0645	1168.7463	1960.0709	1169.6202
3053.9932	760.5086	3070.032	760.28406
469.175	881.4269	681.00116	904.9896
688.14124	333.18085	610.04895	319.71622
851.8433	578.0596	850.42694	598.1008
1071.9791	961.1915	1140.9248	968.6914
1098.6998	611.02563	1097.7832	636.0653
1315.3939	1080.0096	1314.5596	1114.0137
1404.2013	746.4643	1423.1381	748.9461
1449.0696	729.5318	1430.8767	726.83014
2014.9904	1547.7854	2031.9972	1547.6504
2296.044	773.70935	2175.9167	755.5506
3069.0564	696.2044	3050.9348	694.9208
13.996888	492.0305	0.82786393	490.6858
22.994	869.1048	0.8946756	867.83936
23.103539	588.01514	36.97943	492.997
77.46851	502.06696	73.86652	527.2668
188.9151	974.9743	157.88928	972.27057
232.95901	891.37604	203.86859	888.2058
499.86084	319.81415	0.7438404	234.4986
375.18542	599.8908	378.54715	574.8053
602.8925	666.76434	535.95056	657.35175
696.0878	579.38885	633.0958	570.33344
888.0698	697.0051	893.8454	617.9887
904.6189	1035.8894	907.18524	1003.8546
1120.0635	734.52924	1142.2004	737.5122
1168.5719	602.80475	1171.9913	647.8488
1173.8488	606.9581	1235.0603	616.61804
1373.9987	1001.01294	1321.8517	995.37067
1448.1459	755.9799	1429.8059	753.35657
1628.2324	1452.1544	1575.7864	1499.7646
1662.0652	1115.0007	1661.7338	1143.0205
1711.071	766.5169	1669.7875	760.4452
1939.9122	1139.9133	1919.9048	1137.9911
1944.0863	1136.9335	1960.0626	1138.226
2020.949	1147.49	2003.9253	1145.7178
2015.0046	1516.5052	2031.0125	1516.6534
2013.9998	1445.0659	2029.9998	1445.0607
3071.0352	1786.9017	2971.9446	1783.735
10.644078	521.1002	15.041041	492.85074
0.92813605	433.5042	27.949345	437.3554
37.860584	562.292	60.915848	564.77985
70.92119	1033.6063	41.883858	1039.4199
217.96532	1017.37933	151.87782	1011.3361
221.96347	978.3599	191.86748	975.30585
262.76712	527.1009	251.17007	615.2854
257.91125	880.8416	337.8657	889.2735
531.942	1320.9967	454.96994	1316.5167
564.9797	916.2006	493.898	909.0079
547.82654	516.1608	615.94904	526.341
550.0248	1319.5459	625.01984	1323.6366
643.3796	965.9349	646.7333	933.972
785.0192	342.8981	725.86383	331.72067
932.95514	1043.4408	908.89905	1040.9911
955.11395	617.2316	897.05597	608.6226
929.6871	1112.0518	937.613	1006.89545
993.49347	188.05653	1002.65704	108.07528
1022.68365	143.23581	1039.8394	147.62758
1317.2197	1046.9778	1316.3354	1078.038
1345.0817	1036.1598	1368.1553	1038.401
1453.2059	690.00323	1453.5651	667.00885
1663.0435	1067.5935	1708.0632	1072.4089
1671.033	783.7834	1690.1979	786.6997
1734.2052	766.59607	1750.1567	768.92725
1939.4769	1094.0004	1939.47	1067.9996
1939.4464	1135.9965	1939.6167	1108.9913
1939.7372	822.0145	1939.4955	800.9943
1998.273	770.0336	1997.2972	748.94
2224.9111	776.5735	2184.9407	770.3825
2549.35	462.5645	2569.892	449.82605
3023.01	989.14014	3040.0078	989.3395
3024.055	1025.884	3067.9976	1028.05
3069.0151	1038.7552	3025.8708	1036.091
17.238773	476.86615	21.28154	453.8737
50.87895	844.177	0.79166317	839.0257
214.91351	1348.1979	197.92984	1346.9717
336.90076	486.6888	262.85312	476.01926
417.16748	535.88873	420.24014	512.89844
491.9039	955.98346	556.96655	962.342
510.15057	1076.9015	513.8666	1044.8685
569.0326	1083.6356	631.0731	1089.1825
822.7908	1027.8843	825.7592	996.8812
851.9228	1035.7211	826.88855	1033.0413
965.00323	941.9699	786.7999	922.86615
1011.0395	106.873886	1000.79144	103.66622
1169.8822	660.0461	1167.1143	713.05817
1246.7147	611.75714	1086.869	585.8071
1189.8835	719.9206	1166.8723	717.00854
1317.2644	993.8972	1319.0397	1032.9982
1315.1217	1038.668	1348.0298	1041.6732
1391.0378	649.7507	1338.7242	641.8191
1388.768	1054.0487	1387.9138	1085.0527
1920.0709	1166.2401	1941.0747	1168.1996
1993.0074	1515.6082	2009.0208	1515.9149
2882.0786	1716.6603	2873.8267	1714.7482
1.0921258	582.0107	4.239252	554.7964
121.807106	455.28455	43.76494	443.56537
257.3444	522.04297	261.3531	489.91928
282.05374	978.8892	285.91965	945.8735
311.04233	1064.4855	236.05621	1058.3167
1161.9208	433.46024	532.62616	325.17252
549.29126	569.0306	540.3498	654.1418
606.03094	1009.89594	609.57935	976.8475
634.5061	1052.9487	642.09735	979.9062
819.9572	1069.4818	793.8963	1067.1674
829.88446	950.9975	803.88574	947.9864
849.00214	1071.9744	823.92505	1069.9109
894.79004	610.9177	896.5588	584.90204
930.0399	1079.6199	905.8862	1077.0829
1075.1221	1008.793	1128.0862	1014.1475
1170.1348	1098.9529	1171.8239	1067.9359
1334.6006	685.98975	1333.2672	738.0325
1328.6901	624.2746	1338.1466	672.3815
1381.322	771.01196	1384.2279	692.934
1385.8042	1120.9951	1385.0217	1152.0509
1431.6825	663.9855	1430.6727	686.0765
1688.5433	783.9982	1688.6157	764.99854
1748.9391	1154.8085	1728.9021	1153.2998
1960.0355	827.73395	1944.9049	825.7113
2600.4517	607.9586	2699.2036	561.43207
3069.0234	924.6799	2996.8965	919.4198
3006.8843	931.8056	3069.882	935.8412
73.35832	222.39069	0.80401033	212.4272
282.93018	983.8546	251.89227	981.31836
315.90048	987.0075	284.90656	983.9461
333.89844	891.97565	258.87857	884.1666
425.81363	500.2351	353.79367	489.36737
465.0089	1399.2114	448.98834	1399.0304
558.9811	925.1682	531.87427	922.1172
633.93634	1054.729	606.8807	1052.3671
501.04102	678.6923	717.068	707.49005
955.82465	625.1756	894.83923	616.07764
1035.26	175.15945	1021.9838	171.05235
1046.5021	215.6535	1057.9822	118.99788
1151.0305	1016.6771	1202.0465	1021.50867
1197.4209	665.02264	1193.1636	744.11646
1217.0768	748.00415	1221.4154	667.9142
1423.7505	752.73816	1403.873	749.8847
1756.1407	795.8341	1772.1489	797.7668
1998.72	854.00696	1998.6115	834.00214
2000.4072	1141.997	2000.5536	1113.9924
2004.0789	1142.8157	2021.0701	1143.9464
2222.9834	1167.1722	2187.923	1163.7996
22.064337	914.25146	0.8770548	912.4304
23.78063	1270.5027	46.035477	1267.2422
149.15567	1360.2063	151.90547	1344.8046
310.9594	1025.4763	280.9219	1022.916
575.06506	1046.1105	602.0669	1048.086
816.3976	1102.8486	819.51355	1069.8596
847.74646	1104.979	856.5109	998.877
900.49835	585.03046	899.21265	606.0741
1166.8425	717.9926	1165.756	741.08264
1166.061	741.52234	1189.0687	744.46265
1196.0162	1104.8383	1173.838	1102.6177
1196.8262	1135.9899	1202.6853	1034.8658
1364.3859	1151.0146	1368.1569	1051.9679
1444.095	1009.1666	1394.8234	1003.54987
1404.9714	684.2133	1452.0656	690.5095
1692.4454	766.0002	1692.4359	786.0002
1707.7948	1043.419	1689.8802	1040.8278
1694.0187	786.8639	1709.1459	788.9338
1939.5797	761.0008	1939.5687	740.9997
1923.9955	1471.0995	1968.0862	1473.1194
2018.0455	835.7339	2003.7787	833.29376
2781.5186	1648.5801	2867.0447	1719.561
38.431152	485.919	42.71685	455.81732
205.13239	639.03656	437.1487	670.91766
357.3651	504.05038	354.312	526.181
618.14856	529.9999	549.87244	519.85864
630.80804	1088.98	634.3796	1054.8306
883.8259	570.10864	819.8333	560.0615
904.94226	1040.6506	878.8813	1038.3372
1121.9996	1098.0039	1097.8394	1095.6459
1124.6031	654.10156	1119.5984	733.10126
1137.2732	1672.1061	1141.3	1661.7284
1199.6788	628.90314	1197.9747	652.1448
1227.9835	971.1542	1063.8298	953.5906
1368.4927	1039.02	1369.7505	1008.03046
1424.017	725.8806	1405.8159	723.29706
1459.1674	659.887	1408.8027	652.3119
1434.6643	1157.0248	1438.3561	1057.9387
1705.0482	1150.5747	1685.8417	1148.3945
1920.0681	1093.3488	1962.1311	1097.7462
1960.8873	1173.2699	1922.92	1169.9006
1982.1086	1140.6759	2000.0698	1142.1494
2204.6052	1222.0094	2204.4438	1197.9904
2178.0115	1618.4988	2322.027	1621.8264
2718.1824	963.68054	2628.2095	987.7816
2640.819	812.48676	2669.4368	802.4017
2683.2317	1137.1833	2658.023	1142.117
2731.1177	939.4261	2613.2698	971.97656
2721.0044	1165.0311	2703.088	1167.6099
2967.0146	1784.6681	2852.9282	1779.6257
3069.0942	625.521	2986.9182	620.2828
33.620693	557.2165	29.876377	585.2506
115.99673	1343.0598	91.959274	1341.7439
111.37441	490.8907	115.56288	466.9236
139.89236	1053.281	213.87419	1059.4973
367.76685	866.0059	132.80287	838.696
277.948	1022.5999	247.91365	1019.9959
518.32104	1001.8163	522.0445	967.786
864.95996	946.376	800.83545	939.5449
1192.1475	744.9022	1216.1179	748.12164
1430.065	699.00195	1427.762	776.0527
1751.0475	1033.2533	1782.1127	1035.2285
1999.8281	1100.0128	1999.5444	1073.994
2202.7456	1121.0345	2202.0845	1096.9977
2202.176	812.96277	2202.8438	834.0366
575.2716	632.1336	572.5367	658.1615
613.90045	930.9465	587.87286	928.2088
702.87305	542.8348	635.7527	532.62604
757.98676	1499.2971	800.9906	1501.2109
872.0979	1107.8252	929.0358	1112.5702
984.0783	192.44363	978.0766	207.03152
1041.1213	180.91025	1039.1698	200.01733
1044.2723	150.90831	1041.1245	175.8897
1149.072	967.87024	1152.0862	1015.9946
1171.9269	1067.6979	1148.8657	1065.2823
1152.9254	969.6959	1217.0461	976.5697
1367.8191	1008.28784	1347.7928	1005.47406
1402.6234	749.01855	1401.9089	773.05676
1662.4503	1081.0007	1662.4893	1109.9994
1922.0973	794.16425	1939.0997	796.1432
1943.4489	740.9994	1943.4573	762.0006
2004.5354	1115.9979	2004.4213	1142.0106
2032.9861	1551.5963	1994.9834	1550.7102
2190.941	1191.601	2223.121	1194.7708
2190.8794	1090.3147	2220.9016	1093.0713
2185.0671	1121.2633	2224.1074	1124.8206
2305.0383	1417.3392	2182.9858	1410.2421
2693.8633	572.70856	2608.7537	612.60767
2996.065	688.15045	3030.0193	690.7488
2997.0544	722.2673	3014.0352	723.52814
3021.0151	582.77924	3004.9536	581.67505
3069.0352	1030.2845	3023.9968	1028.0668
36.485424	1040.07	40.239048	1014.0345
239.97908	882.2093	160.87018	874.2982
389.99097	508.99908	387.83356	530.1867
574.00714	570.9448	613.8585	576.09485
634.36816	581.03766	625.6563	666.1695
651.9485	925.4996	583.8479	918.47406
818.86633	606.98865	811.72754	691.14655
819.9649	599.2346	878.15857	607.93994
899.01904	1108.0015	901.32526	1077.8718
1203.3796	1021.0169	1204.7172	990.9874
1344.6384	1049.0681	1343.3087	1081.0544
1336.0671	673.5336	1383.0997	680.30756
1438.9763	1045.0286	1439.8256	1015.9949
1476.8328	647.1023	1326.7979	624.3323
1483.915	809.97205	1488.3486	637.95746
1669.1464	809.8305	1688.0997	812.20337
1686.5007	1115.9996	1686.5251	1145.0012
1691.6885	788.99695	1691.4535	813.024
1944.1565	822.447	1959.1055	823.9531
2005.0854	1173.9395	2021.0624	1175.2261
2254.2043	888.032	2253.8652	869.0024
2423.3777	898.02167	2338.1926	929.5209
2437.872	1255.3104	2350.7163	1271.4702
3012.9211	692.1218	2993.9446	690.78595
3008.1943	283.31747	3033.8237	290.61868
0.91320926	480.68335	19.986563	483.1058
188.1409	969.891	192.34067	936.7895
352.0859	496.39175	423.92404	506.53784
558.00793	1404.0793	542.0005	1403.9409
638.22	545.1075	636.1857	568.1926
666.137	1126.0123	686.55524	899.95984
787.7955	1064.0688	793.9536	992.9094
821.9011	572.9924	820.2685	594.09814
897.9494	619.0703	891.7968	702.1331
938.55347	993.9668	940.7904	963.91
1037.0624	175.19052	1041.5928	149.92699
1074.3701	573.95715	1062.3154	751.08954
1073.7571	1022.92194	1067.4009	1124.088
1410.9896	1155.1329	1434.0831	1156.9332
1683.9401	1040.4745	1666.834	1038.315
1719.009	699.942	1673.711	692.8444
1728.0447	1074.5812	1772.0771	1079.2766
2018.0408	810.71545	2003.901	808.6922
2382.0125	1724.9402	2120.9895	1721.8876
2645.587	1635.4961	2574.6914	1693.6238
2684.9084	625.7583	2673.0894	630.23584
2537.71	1785.8352	2872.8838	1805.9358
42.596382	496.0847	34.205574	555.1712
212.94708	1052.9926	218.00195	1016.86035
248.9761	1364.1818	251.81055	1348.9647
493.3659	965.9341	489.8056	1000.1877
492.92804	905.6809	565.0734	913.3052
527.82007	492.14804	730.17804	523.86414
580.9237	964.7276	642.97516	971.2367
1126.7628	617.07245	1125.8175	640.0747
1121.807	1129.9875	1128.3779	1027.8956
1149.5737	1030.9769	1144.1656	1131.117
1362.6797	653.03107	1362.2354	677.0414
1385.0963	680.98486	1385.482	657.99133
1402.1335	773.0344	1425.1089	776.21277
1462.9882	997.10333	1308.8396	979.396
1709.0697	1072.9868	1709.4795	1043.9927
1776.0688	738.00507	1775.9552	717.00024
1925.9911	1512.2241	1945.0405	1512.983
1945.7245	1513.0182	1945.3541	1486.995
2003.1818	805.36847	2018.1079	807.03143
2003.0732	830.32434	2018.1134	831.9538
1981.0457	1099.5532	2022.1276	1103.7511
2198.704	857.0152	2198.4697	836.9945
2199.4253	880.0009	2199.4673	861.00104
2225.9797	1560.5287	2210.9255	1559.9542
2739.2544	1218.6251	2631.0881	1235.5626
2748.0618	1493.5349	2665.0352	1496.8728
2690.0283	1709.4736	2757.9932	1713.1263
3042.0007	989.9811	3061.0503	990.74634
68.65246	564.09344	64.92424	590.1323
139.39891	1050.0541	155.2926	932.90405
221.24469	992.1669	228.27069	939.7681
462.946	1451.1747	510.9824	1453.3829
598.5689	1083.9551	601.7934	1052.9785
718.2648	706.9356	734.48126	521.86694
790.00903	1100.8893	846.1245	1105.4772
930.0255	589.9573	929.1029	611.0045
883.0409	988.5765	938.1067	993.8956
1168.1823	1132.9559	1169.801	1102.9353
1172.8964	620.647	1228.0828	629.4829
1854.1652	558.0915	1167.9375	433.34375
1748.8735	1122.3961	1727.8647	1120.4934
1773.025	775.83435	1755.8131	773.2404
1951.0116	1545.3829	1967.0247	1545.6835
2002.4535	808.969	2002.9023	830.0021
2010.6663	1516.0413	2009.8318	1489.0361
2021.0134	1178.8693	2003.9882	1177.1147
2197.6016	799.01154	2197.4443	779.99634
2211.0027	1556.708	2225.011	1556.8424
2619.9631	981.865	2722.9426	953.7899
0.61792415	600.9301	103.94733	614.40393
48.443882	457.06052	45.13973	481.29178
83.115364	464.0156	80.12048	486.15158
520.1116	304.36606	422.9526	287.26926
547.3152	1045.0339	555.20154	971.80634
798.5408	993.9622	789.80975	1100.1488
796.8914	984.0541	836.9811	988.1836
980.8645	742.9904	993.884	558.99176
1003.2268	1525.7438	1043.1488	1437.6144
1155.976	613.15173	1099.8009	604.2572
1144.9324	405.54532	1119.0818	402.34055
1342.9337	1004.7804	1321.9155	1002.9935
1402.9708	639.9291	1406.112	682.91876
1416.7472	1012.0135	1416.2052	1042.0398
1713.4243	729.00055	1713.4518	706.9993
1939.6715	796.0047	1939.5973	775.0014
1949.3809	1548.9961	1949.4601	1576.9987
1992.049	1443.6112	2008.029	1444.1737
2030.0068	1448.5149	2014.9817	1448.3031
2198.4807	832.0007	2198.5068	812.9979
2216.7651	839.3367	2202.8438	836.8895
2203.1467	834.00226	2217.1384	836.0592
2285.638	1590.9803	2282.8643	1501.035
2565.768	1770.8074	2842.9575	1787.6964
3028.9954	660.0554	3012.0332	658.6113
0.93109816	907.1561	20.979086	908.35095
63.063667	829.32166	0.8607718	823.4834
40.830868	1293.9481	24.763884	1296.5315
307.28516	1060.9117	321.13486	948.76965
323.0673	933.13336	327.09738	900.8872
459.84497	476.00906	231.84958	440.97906
352.8546	540.2242	345.9767	597.1181
432.9592	1295.656	652.10657	1309.2866
498.4697	918.95325	495.62378	951.2313
512.6594	1441.9545	514.94464	1424.8589
804.9313	1757.095	742.9758	1759.3292
1063.9879	1715.8474	367.98663	1705.9384
909.886	959.8974	885.89215	956.8489
1074.7023	967.83105	1076.534	1007.97565
1169.8597	1102.4794	1146.8767	1100.3011
1343.1682	1084.0071	1341.8533	1115.0785
1346.2643	1005.008	1345.3232	1036.0704
1642.9926	1003.9823	1639.458	1205.0256
1663.0559	1148.0002	1662.9485	1176.0074
1662.8451	675.6916	1670.4067	720.932
1692.8596	702.9954	1692.9142	725.0027
1690.0791	813.3197	1712.1299	815.8833
1692.1462	725.84204	1712.2052	728.37476
1755.2839	746.98004	1755.6421	769.99
1755.382	772.9962	1755.4445	795.9988
2024.9271	1386.3752	1906.9403	1380.1266
1945.6326	1577.0027	1945.5786	1549.0009
1960.0717	802.50854	1943.8335	800.1429
1966.0125	1445.708	1949.9564	1445.0251
2009.9937	1447.4916	1991.9838	1447.2587
2207.0215	1162.734	2223.0784	1164.0262
2983.6602	776.9003	3070.3528	782.9142
0.9772116	830.2615	58.066505	835.23694
93.06426	1050.7687	62.892166	1042.3882
345.65967	598.07495	342.34238	627.2662
459.03842	1488.8175	507.98676	1490.4073
783.9158	351.43604	695.7298	334.39844
776.1124	715.165	980.18384	742.63416
819.9386	1064.9103	822.5629	1033.8784
1042.275	206.79514	1016.9946	201.02347
1051.45	939.1038	1036.134	1152.938
1101.9436	979.5774	1078.8706	977.32587
1119.9482	401.32782	1114.2815	384.90286
1180.2798	987.0124	1178.9017	1018.08435
1250.9624	778.99835	1258.6588	601.9417
1412.6548	1124.026	1411.4617	1154.0581
1413.6487	1090.0135	1413.0017	1121.0417
1713.5352	816.0023	1713.4132	740.0009
1727.9585	1030.0007	1728.7407	1074.0046
1753.2296	1048.0029	1752.8754	1076.0237
1753.1077	821.13983	1773.1688	823.65216
1998.644	829.0113	1998.4774	808.99603
2010.7933	1548.017	2010.4128	1520.9941
2046.8069	1058.7697	1913.8627	1044.2582
2278.9736	1172.31	2245.9573	1169.5035
2303.0496	1086.5391	2179.8638	1073.2632
2344.099	728.1973	2411.251	694.5003
151.91794	1340.1553	154.82405	1322.9702
263.74414	486.67126	334.05685	493.40634
296.42722	532.18243	292.98297	559.1257
343.35898	1099.0391	368.8123	864.8709
615.2389	576.9213	606.0173	666.10516
651.91205	531.569	704.88257	539.75934
794.03815	528.0037	775.9311	714.0906
960.98395	722.1182	800.10034	700.2614
927.75793	624.0649	925.52704	650.1307
1230.9685	760.2256	1085.8622	739.9882
1155.7275	622.93036	1149.2122	741.95685
1359.1002	649.2585	1388.2435	653.1981
1781.8579	709.9024	1737.693	702.9505
1943.3966	825.9564	1944.0543	847.02954
2032.0137	1520.7473	2013.9044	1519.7695
2448.094	1415.1074	2357.0713	1422.8402
87.96977	463.23132	111.95228	466.36523
130.11545	628.88403	156.32974	428.91214
427.59586	1291.0657	397.49564	1564.1648
548.97565	1454.9108	586.0026	1455.9012
669.0668	551.0059	667.19965	572.10614
883.90497	581.0767	873.65234	702.0553
880.50226	1002.0388	875.09033	1072.0842
939.8184	963.2691	916.85913	959.98474
777.8645	913.2178	974.98364	935.1472
1129.8516	983.08496	1106.8712	979.94147
1095.1254	641.18066	1152.1669	649.90936
1227.1194	633.967	1226.179	659.0442
1387.5366	1088.0201	1386.3718	1119.0515
1650.3884	664.98615	1646.6271	831.0142
1667.863	735.02356	1669.3971	809.05396
1687.87	789.89465	1671.7739	787.55505
1687.5785	1083.0409	1686.8268	1112.0474
1731.6277	690.98444	1732.621	731.0094
1939.4684	1166.0029	1939.6224	1140.9915
1997.9238	807.76025	1980.8944	806.05365
2217.8987	782.5844	2184.8513	776.8587
2261.5798	1227.0128	2261.362	1202.9877
2630.6912	1232.0453	2744.021	1214.1333
3001.0078	756.86597	3039.0532	759.0927
2812.9097	474.05972	3070.0044	495.94858
143.89514	1400.1674	146.9544	1383.8046
251.54578	1344.2666	254.17314	1329.0299
609.0069	1551.7825	423.97153	1545.8947
449.00525	1402.211	466.01956	1401.7888
510.04282	1456.9497	461.002	1454.9504
546.03845	1084.541	477.0202	1078.7589
438.85825	1106.6368	664.07446	1126.1398
698.8507	588.8874	690.20746	677.1183
726.32135	1308.2126	702.0609	1573.0972
802.5846	946.9736	800.5356	979.16144
843.98663	670.07623	842.1259	694.16425
1048.0635	399.65485	962.9964	384.01947
1019.8757	205.07991	1015.77	250.07027
1111.3635	1598.0842	1113.0356	1571.0022
1314.0085	610.9552	1306.0493	787.0474
1388.476	992.9457	1390.204	1039.919
1442.8721	1055.9955	1439.2065	1160.9723
1470.1343	1190.9716	1476.8573	985.9625
1662.9271	1023.68066	1717.056	1029.4767
1687.9797	1039.9999	1687.8271	1069.0096
1982.0684	1172.1371	2000.1135	1173.566
2000.9365	1145.6409	1981.9249	1143.7589
2009.6339	1474.002	2009.5981	1448.9991
2033.5793	1476.0082	2033.2516	1418.9985
3001.937	581.57666	2984.9216	579.7158
3016.9954	724.2429	3032.9946	724.14233
25.969141	440.24918	0.73691624	437.12433
155.81822	429.14764	0.7488003	404.58594
108.22558	230.54189	74.9393	225.39238
123.9951	1608.6893	100.00107	1609.0676
272.197	1056.76	276.58203	1023.8113
292.00137	199.99309	264.8853	194.57384
602.1692	1047.9087	605.8024	1014.8683
662.9042	616.10724	659.9382	641.11127
901.8518	1072.9152	904.14636	1041.863
960.70325	593.90405	951.8924	712.99207
1128.8217	1013.98846	1130.8264	982.9888
1520.9268	490.0057	1520.0696	478.9946
1733.4535	794.9971	1733.6077	818.9897
1773.144	1079.0037	1773.8553	1050.971
1775.2213	824.00146	1775.7114	748.9916
2231.0334	626.81055	1888.7816	566.2339
2080.9802	1730.148	1923.975	1727.4569
2198.949	836.3721	2182.8406	834.1627
2204.969	1459.389	2188.9116	1458.1105
2203.4167	1161.0026	2203.57	1135.9912
2186.8674	773.77875	2219.766	779.37555
2258.8335	1127.0641	2257.4583	1102.0298
2762.9546	1387.3799	2637.9648	1396.5194
2629.0557	613.12354	2692.643	584.4246
3007.9739	658.2974	2991.017	656.80536
0.86996955	1071.4427	29.99391	1074.0676
18.862963	902.82825	23.847755	869.826
73.182884	533.1772	69.432045	558.21454
235.90408	1061.1283	310.95673	1067.5089
489.22882	1002.12415	481.8471	1075.1866
533.9442	1725.9258	532.5266	1746.1072
581.5661	574.1765	578.64734	600.07294
585.9906	260.03394	572.8886	256.40176
753.0672	1131.1693	964.0622	1148.2307
772.769	907.9795	753.0786	1130.0956
745.99744	1747.6038	801.9991	1747.5005
1105.1671	1696.0596	1109.661	1607.9827
1153.7594	1677.0333	1153.5536	1657.0046
1175.9448	987.6871	1155.9135	986.0783
1306.1569	786.81824	1484.076	810.42645
1624.1456	1558.3215	1672.165	1536.5724
1771.8193	1050.4196	1753.8558	1048.1329
1943.4385	1109.9913	1943.6005	1136.9904
1969.6213	1578.0004	1969.5997	1486.0001
2027.8253	746.192	1985.8475	740.0401
2035.6777	1579.9856	2033.7224	1488.0059
2203.2756	861.96936	2203.7573	882.00586
2204.581	1191.0624	2203.5247	1167.0209
2206.744	1556.0149	2206.4485	1530.9948
2439.0176	1434.2224	2370.1343	1439.692
2416.0002	683.0006	2332.4395	723.8977
3042.5251	1025.1329	3039.713	993.9357
3058.0051	957.9259	3042.0115	956.8328
5.454379	550.9073	10.219675	522.8674
22.039581	906.44855	0.9329911	904.9336
177.14362	1048.8754	182.09453	1014.86816
479.7853	1038.9761	487.9366	965.8814
618.01855	542.9413	616.39545	570.08344
802.7291	1495.9757	804.7018	1473.9733
1296.4629	966.0781	1285.3582	1174.0725
1372.8649	1049.9545	1368.6564	1154.9862
1707.3789	1181.0049	1708.6144	1084.995
1923.6188	1171.9883	1923.8074	1198.0013
1944.8185	1442.0101	1944.5789	1414.0122
1981.0275	802.69806	1997.0767	804.1576
2043.7854	734.4549	1914.7887	715.43286
2201.173	779.95435	2201.9534	800.00183
2221.9697	1460.3077	2208.8994	1459.0262
2227.4229	1225.0157	2225.0269	1136.972
2351.1147	1285.6942	2439.842	1271.0441
2574.047	415.29178	2516.2869	447.5143
2715.012	1131.0818	2701.0215	1133.1455
3049.1206	657.9705	3063.0466	659.601
475.92865	1344.7878	489.99442	1346.0615
685.937	900.5706	465.96854	876.28503
586.32104	928.9486	583.9591	960.1483
631.6789	1569.0671	657.80786	1304.8821
762.1014	1414.2076	746.9653	1412.2715
759.0685	1463.2002	793.01935	1464.4916
802.05444	1747.8903	804.2575	1728.9138
799.77313	706.6468	957.94	728.43567
857.43524	985.04144	860.30255	954.9336
901.9514	1076.6658	875.9439	1074.7686
884.33685	955.9665	882.7125	988.0866
946.8797	955.12134	884.84283	948.46484
1099.8773	608.7172	1156.4454	618.39703
1341.7123	1117.9907	1340.7488	1148.056
1374.447	1010.979	1373.2667	1042.0481
1734.0514	792.6426	1749.17	794.8177
1804.9777	1372.3386	1631.9401	1360.9078
1924.494	823.99066	1924.6195	844.0024
1924.123	845.0359	1962.1421	849.8861
1981.5718	1056.0017	1981.7494	1099.001
2000.635	1204.0048	2000.5437	1178.0016
2175.0352	546.5231	2151.9395	544.81946
2204.781	1456.0732	2203.278	1431.0433
2205.959	1096.9628	2206.931	1122.0027
2320.0522	1261.0378	2312.707	1077.0516
2174.0942	1247.9459	2319.097	1260.9166
3069.5518	256.89297	2901.7502	212.95337
26.066235	1051.4631	0.9818327	1052.5986
11.132725	955.0184	16.005552	919.8622
44.545303	986.9386	60.59394	868.0802
230.54248	630.36707	411.99686	655.0231
514.4208	1039.832	517.9244	1006.8856
525.4454	670.0253	693.96625	693.245
556.6609	956.963	560.1482	925.0162
618.03766	1331.3612	554.96204	1327.6445
634.0488	1092.4501	568.0366	1086.5878
840.7045	1492.056	841.6657	1479.9734
1100.8136	1061.0558	1098.6846	1092.1155
1063.0223	752.8378	1250.0522	778.6213
1412.8878	1012.46735	1393.9222	1011.0171
1554.0375	1512.1108	1561.1205	1445.7992
1734.1488	818.8017	1751.0128	820.8966
1944.9103	1444.7325	1924.9637	1443.699
1939.8959	799.75604	1921.8256	797.266
1923.137	819.1037	1938.0933	821.3901
1945.1327	797.06604	1960.1144	799.19476
1904.0303	1225.6454	2060.0876	1238.975
2210.6328	1530.9976	2210.6692	1556.0005
2222.852	1097.8099	2206.8384	1094.8849
2258.0923	890.25757	2273.109	892.1255
2279.7473	1131.0049	2279.2231	1103.9957
2314.959	1406.5839	2171.8936	1396.5117
68.82264	1473.5496	98.546036	1461.8469
99.43915	1607.3878	114.61344	1593.4865
168.46948	884.93274	164.2405	918.2841
169.14668	881.5912	235.1599	888.4642
231.98685	441.27298	204.93994	638.12915
246.6707	1019.0861	241.88295	1056.3702
505.05603	1382.2792	490.9856	1381.1854
587.12866	924.65765	647.1523	930.4116
659.7943	645.087	657.0545	670.1154
878.0639	605.5538	818.00635	596.95557
1105.9143	979.9954	1104.2953	1010.12335
1177.7416	1032.9867	1176.1321	1064.1102
1631.6982	1362.0165	1630.7518	1401.9941
1750.0702	772.5243	1733.8335	770.1278
1755.2524	799.0046	1754.8722	820.0339
1772.8838	801.7345	1755.8358	799.0384
1771.9618	1186.9993	1773.6653	1090.9763
1945.5706	1470.0359	1944.9425	1445.0015
1968.0597	737.6047	1924.8369	731.08026
1969.4739	1473.0017	1969.2899	1414.999
1999.9459	1072.9467	1986.9313	1072.2029
2023.6318	1208.0029	2023.4357	1115.997
2217.9033	863.52563	2202.86	860.76196
2246.078	1166.9725	2278.0457	1169.397
2279.9373	1202.7704	2263.9617	1201.4696
2247.0208	1487.6674	2281.0757	1489.7842
2429.9263	1023.7499	2343.4893	1049.2699
2685.2063	1171.1548	2659.9412	1175.6702
2676.2888	1024.1536	2651.1135	1030.454
2707.9524	1016.7386	2693.082	1019.44977
2717.8726	1095.2899	2700.0862	1098.4807
151.64684	1011.0932	146.42393	1047.3492
325.9777	1770.3065	365.96848	1769.0201
397.99997	1564.0012	629.02594	1570.0002
543.0203	1081.0028	546.7405	1053.9642
585.03613	539.00385	582.7769	560.1895
589.0371	138.76476	610.965	142.22173
940.95465	1321.648	726.9538	1306.66
849.1349	612.0947	846.9595	638.1635
874.81665	1073.9907	873.13477	1107.1084
958.16486	383.125	868.9402	366.31738
1324.7828	779.6344	1463.9823	798.1335
1796.911	1031.8253	1654.9452	1016.5076
1752.632	1090.9918	1752.0042	1119.0448
2004.4073	1146.9791	2004.7941	1173.018
2002.1685	854.9304	2020.1938	857.76843
2023.4752	1104.004	2023.26	1075.998
2223.977	1530.2338	2210.014	1528.859
2283.657	1231.0453	2280.657	1141.9779
2419.821	1044.4043	2355.5198	1063.7292
2628.7693	1241.533	2746.8381	1222.9701
2668.0493	386.06302	2685.3809	372.48633
130.29495	839.89795	99.7296	1051.1056
235.67087	1057.084	250.1948	941.02435
526.1449	339.3461	502.95416	334.2069
604.6743	1444.1144	607.23193	1429.0393
665.8631	586.0896	663.26385	611.13116
1031.3014	197.95581	1019.4252	194.52731
1410.7615	656.444	1458.1212	664.2661
1457.9294	667.9715	1454.8401	784.02234
1571.4026	1509.4459	1627.6799	1458.6455
1676.9738	1074.2559	1692.0203	1075.8022
2009.7095	1445.0067	2009.0902	1417.9979
2014.277	1520.986	2014.5641	1547.0048
2457.0222	1663.2831	2362.9575	1660.3751
4.6834784	994.9491	10.50051	958.759
182.57361	1009.9388	187.4791	975.78156
277.2586	1017.9102	281.26813	984.79034
385.8355	545.109	382.30493	572.1702
517.93414	1045.1976	514.66693	1077.1703
645.9705	969.30194	580.01373	962.85913
762.04254	1395.3761	748.967	1394.4846
799.7867	1529.0884	801.5989	1512.955
817.93243	556.43134	879.1529	566.0241
924.8997	1334.5027	740.91815	1322.2272
981.07556	228.6161	948.75287	222.25581
1103.0613	1026.0645	1101.1746	1057.1321
1465.9783	792.16315	1324.9438	773.42255
1647.9899	832.12146	1678.0314	834.6228
1728.0537	1183.4199	1770.9639	1187.3909
1943.473	1066.9938	1943.5923	1095.0017
1962.5663	766.00433	1962.3572	744.9865
2010.9926	1519.5151	1990.9823	1519.2251
2013.3488	1447.9895	2013.5591	1474.9956
2188.9912	1485.1749	2225.0513	1486.9677
2253.5752	865.0025	2253.4587	844.9973
2322.351	1622.0221	2315.0479	1407.0323
2992.0767	654.1642	3007.0425	655.53534
3047.991	1398.4592	3069.042	1398.8745
230.27113	923.8996	234.78937	891.10876
330.02478	1705.9602	262.96753	1704.3618
382.21878	575.1381	379.25824	601.256
498.2213	915.006	561.22217	921.9983
618.16785	930.9299	615.4484	963.2063
863.02	364.88632	787.88617	351.64594
915.01044	959.0008	912.70197	990.1262
921.5431	1579.9646	941.56384	1321.9662
1033.508	1444.8405	1024.1385	1473.7205
1056.831	944.6342	1239.0548	963.46985
1232.0228	1169.9474	1243.3419	959.91064
1686.4304	1149.0082	1685.8965	1177.0361
1728.1735	1088.9847	1727.6547	1117.0306
1728.939	1153.9828	1729.1877	1181.9983
1751.4185	1154.999	1751.4822	1183.9989
1756.1118	712.9816	1755.6768	734.03467
1963.357	1202.0004	1963.4473	1109.9995
2001.0421	771.6347	2019.1473	773.7214
2312.8877	1076.0308	2170.8315	1060.5442
2180.804	550.34717	2194.9412	552.4037
2188.1685	1160.6447	2206.0168	1162.8641
2251.6763	807.01794	2251.4314	788.9806
2272.0645	870.42224	2257.906	868.8443
2258.069	866.1893	2271.06	867.2963
2649.0242	1723.559	2782.009	1730.8347
2688.3477	424.15222	2594.8923	406.57254
3031.8801	296.50824	3004.9631	290.1564
3013.086	655.7984	3028.0808	656.86945
3069.0618	1196.638	3021.9905	1197.4377
825.1502	174.23196	0.6191799	12.946851
95.38356	1058.0217	63.234898	1051.7885
105.99813	1577.6393	130.00267	1577.5148
424.09384	514.00824	421.90256	538.99146
504.82574	1385.9794	502.94608	1401.8754
523.3869	488.04648	500.56128	678.06744
586.02954	1460.4242	547.0296	1458.4227
733.94714	520.3328	523.8439	486.98376
731.98267	1313.2545	935.06256	1327.0808
868.82043	953.9455	874.13715	936.4344
1258.959	601.2594	1074.8177	572.1527
1074.8832	1014.0929	1131.0957	1020.10474
1398.5299	401.8303	1418.1312	410.71036
1731.781	743.9989	1731.5338	793.0027
1943.4701	1140.9916	1943.6251	1168.0022
2061.4292	1239.0155	2056.2488	1048.0475
2192.1133	564.35077	2178.9897	562.0594
2260.6194	1197.0161	2260.3264	1171.9962
2271.9163	790.5192	2254.8752	787.7742
2244.9766	1127.2448	2279.0469	1130.5101
2356.7036	1422.9397	2364.8809	1654.0396
62.103916	1191.7468	36.844894	1181.3778
130.92508	1302.2811	82.97212	1299.4768
475.87634	1081.4901	543.9882	1087.1417
508.292	1347.9728	507.75217	1361.9905
798.87036	532.83136	985.1737	561.88605
892.04	1457.0808	893.134	1443.0104
911.1021	1005.1526	908.7806	1037.1293
925.7862	652.1526	923.5671	678.13385
1114.0042	383.97736	1142.7822	389.2001
1210.8932	984.0292	1177.9369	980.60846
1727.5454	1121.0006	1727.5847	1150.0006
1906.8658	1380.9906	1908.0026	1608.01
1920.1486	759.93286	1961.0518	765.62854
1943.2604	774.9657	1943.8607	797.031
1943.5769	800.9856	1943.7689	822.00214
1998.7103	804.00824	1998.1125	783.05383
2002.6041	833.95654	2003.148	854.0231
1985.7231	743.7733	2022.7574	749.55396
2203.0483	858.5233	2217.1064	859.9519
2191.9119	1224.2255	2225.028	1226.6089
2257.2544	844.97394	2257.6714	865.02765
2268.3645	1562.9863	2268.616	1588.0039
2281.943	1490.0208	2280.8655	1434.983
16.936672	918.73047	0.8839333	917.3388
262.21298	894.917	258.80853	927.1908
277.77686	1452.9719	299.28738	1281.7848
495.00854	1493.799	457.99045	1492.2247
591.0013	1725.849	535.9882	1725.3809
581.51556	974.1524	574.2788	1046.1285
702.9978	1573.0742	921.0433	1579.5404
795.9014	1431.6902	782.0328	1436.103
1175.6832	1068.0319	1174.2367	1099.1041
1202.0145	990.8996	1180.8793	987.83124
1640.0789	1205.0304	1807.0317	1218.609
2056.9446	1047.509	1902.9208	1030.7274
2021.8356	1076.118	2004.9076	1073.6283
2206.4407	1526.0245	2205.3025	1500.0745
2280.9956	1532.143	2266.978	1531.7039
2275.754	892.0088	2273.2869	822.98975
2433.3716	479.40628	2424.6335	488.6538
2851.0	1769.6042	2833.0	1769.605
41.884136	530.90393	65.874504	533.979
43.036972	1047.8954	71.07045	1057.8007
44.026398	450.80252	119.023155	460.82675
129.26735	1583.3751	117.71923	1591.6061
296.61987	898.1715	293.12033	931.2245
132.86546	1069.8087	316.04218	1083.433
301.0956	496.01212	298.4142	517.17914
564.8982	1089.1241	633.96576	1095.3779
942.2695	1006.947	934.36255	1115.9537
1007.25165	199.08054	988.9783	194.0795
1020.6657	174.35771	1034.7942	177.83606
1065.5614	1087.038	1069.6891	1025.9115
1098.1278	1096.0077	1096.2567	1127.1356
1084.7317	745.9223	1228.0115	765.9181
1133.0134	1679.2856	1156.0094	1678.2003
1173.6521	1102.9847	1172.3336	1133.1022
1389.723	657.99146	1386.1448	774.0353
1668.1935	721.77216	1689.146	725.07294
1747.9597	1047.4623	1733.8922	1046.2349
1790.9795	1384.3326	1643.982	1375.2927
1803.2733	1435.0297	1804.7179	1372.9934
1949.1892	1486.9785	1949.4545	1513.9955
2001.8401	784.0071	2002.7756	805.05444
2056.0283	885.0162	2053.363	725.0106
2191.0732	1525.1124	2206.0537	1526.3484
2191.0034	1555.8767	2206.0198	1556.2961
2205.128	1484.0615	2204.339	1460.0546
2226.472	1487.9854	2224.736	1432.0082
2228.8647	1588.0256	2226.8545	1499.0033
3019.1348	727.8435	3021.271	756.9801
3026.685	1040.8457	3029.6165	1072.8519
3047.0208	1072.156	3044.6401	1041.9496
242.22244	889.0643	246.95187	872.69714
378.80804	606.26355	375.1775	631.17163
420.59952	547.95233	409.75977	638.9714
531.218	922.117	528.2314	953.2143
634.94556	539.3887	702.0298	548.7873
1225.481	666.9777	1221.835	751.9929
1308.8793	1166.3453	1447.0232	1178.741
1767.7758	1436.0054	1767.8759	1402.9966
1798.7524	697.58154	1661.8204	676.1471
1914.2318	1044.6833	1921.0652	1092.8489
1980.708	729.0057	1980.4038	767.0112
2001.9623	1596.8126	1968.8943	1595.2784
2013.3359	1488.9371	2014.6075	1515.9714
2189.0137	880.8994	2220.1199	885.1151
2224.6138	1124.0353	2223.9512	1098.0012
2293.9048	904.66583	2186.947	889.3698
578.0714	604.10516	575.61285	629.15826
601.9905	1371.4718	618.00415	1371.7954
1275.0255	440.85474	1209.9242	429.43198
1445.9305	471.37567	1371.8729	457.68735
1631.6787	1519.7521	1605.6389	1523.4734
1751.7866	1122.9932	1752.0319	1151.0084
1755.1146	735.2055	1775.1307	738.09424
1980.3801	781.95056	1981.0999	802.0323
1981.9613	1144.0009	1982.5991	1172.0092
2000.6049	1173.0073	2000.4675	1146.9976
2020.8511	774.0036	2020.3451	752.96765
2021.6006	857.99615	2021.136	785.0055
2053.9216	724.53314	1904.9032	702.6593
2169.1606	1061.9749	2173.163	1247.0181
2202.9592	1095.2971	2188.8137	1093.3613
2259.539	1167.0004	2259.5325	1142.0001
2260.7446	1459.0227	2260.2925	1433.9948
2281.0278	1562.461	2267.9595	1561.7848
2310.263	920.02454	2305.1064	765.0297
2338.3064	939.8337	2424.4363	908.18726
2547.1091	508.99725	2545.9775	464.02573
0.8337362	443.42462	23.985228	446.1266
100.94132	1122.2871	73.84699	1116.7485
161.88092	933.24475	157.20795	969.15717
288.2481	594.02783	285.42838	619.1603
613.49963	977.9518	610.32184	1010.93463
701.86176	554.9883	699.4011	584.034
833.85815	950.98834	831.2881	982.1885
846.81555	641.0735	844.48346	666.9534
1330.4624	711.9566	1331.1958	685.9773
1849.1323	1658.9995	1848.7137	632.00134
1939.0101	1066.7627	1923.9521	1066.1183
1963.4338	1097.99	1962.7916	1070.0048
1981.5977	1113.0063	1982.0266	1140.0155
2001.792	749.9687	2002.1422	770.0324
2011.1418	1578.0199	2010.5402	1552.0106
2365.016	1735.2015	2142.9648	1730.7471
2208.6755	1197.9695	2209.1318	1222.9976
2243.776	782.50696	2270.7737	786.52155
2304.9536	764.3124	2166.878	743.82245
2170.0613	900.58154	2309.1584	920.9162
2680.265	1103.2433	2656.2883	1108.3534
3064.947	662.6122	3048.894	661.22327
244.35278	1403.3478	247.85922	1389.7068
467.00827	1379.1726	450.99988	1379.013
829.7883	997.15155	827.0744	1029.1758
922.7649	681.033	921.7265	705.0746
993.95026	558.31464	794.86865	526.8305
999.7625	1484.9836	996.86743	1527.0597
1045.372	175.14906	1046.9487	150.05962
1111.8926	1658.9275	1109.794	1690.9866
1475.9406	985.53595	1297.8024	965.7828
1903.8794	703.99896	1904.0758	866.0011
1980.5802	806.9075	1981.7611	827.0726
2236.8625	768.98083	2237.6846	806.0292
2256.368	821.93835	2257.2732	842.0328
2257.036	842.4142	2270.0483	843.2094
2271.067	846.44916	2256.9111	844.7324
2633.1992	1572.0269	2631.8547	1531.9377
3024.9583	1029.8063	3069.0989	1032.0952
42.628044	1519.7562	14.616954	1550.6527
469.42014	1400.0542	471.48254	1384.0623
908.39923	1041.108	905.92456	1073.1487
946.7638	212.14569	978.8435	218.75914
1659.8486	1196.8961	1786.996	1207.0499
1791.9364	836.46576	1666.811	819.38446
1929.4036	1548.9926	1929.5414	1575.0024
1968.9519	1063.4313	1924.9418	1058.5223
2014.5018	1551.9874	2014.7189	1578.0023
2071.3545	1613.0234	2068.2104	1392.0255
2206.9668	1529.5793	2190.9622	1528.6626
2207.242	1135.9768	2207.729	1162.0051
2221.2876	885.01935	2219.386	814.9895
2407.283	703.57837	2345.8237	733.63983
2329.363	702.6907	2486.2134	626.38306
2606.9756	846.9289	2720.9622	807.88983
2661.9397	666.0517	2658.9673	605.05035
114.0395	505.71005	105.74204	561.81396
156.5746	972.1972	152.05804	1008.25775
256.09238	942.2452	251.99272	977.2335
978.89856	929.9354	773.8159	907.69763
839.9678	986.32434	796.99426	982.0575
901.01263	1560.622	726.9731	1554.8055
965.1543	1147.9418	980.1021	930.9382
1133.0225	1027.0013	1126.4886	1132.0304
1120.0176	406.92178	1138.9595	411.18015
1159.6641	1588.1157	1160.7167	1572.9803
1300.9838	970.1367	1472.0723	990.3894
1444.5929	1018.98236	1443.0779	1053.9601
1286.0024	1174.9718	1469.097	1190.8835
1537.2052	1467.8838	1531.4734	1507.0692
1926.0875	1790.9915	1922.8777	1757.9148
1939.6375	1199.0067	1939.5089	1173.0024
1984.0947	853.1906	1999.9939	855.0525
2202.5852	837.94507	2203.2805	858.0249
2252.5276	839.9967	2252.6611	820.9836
2255.3132	788.9415	2256.1636	808.03723
2265.2434	1202.9799	2265.6484	1227.9895
2403.0098	1752.8821	2358.0044	1752.4866
3044.713	993.82294	3048.038	1025.9961
17.032276	131.8346	50.912983	138.44594
332.17166	535.892	320.4001	626.18256
485.1031	1380.9923	471.93402	1379.645
352.10486	1763.131	513.41833	402.0496
526.00696	969.1902	522.8812	1002.1782
531.9915	1746.8578	590.99567	1746.419
585.98694	1351.824	599.9934	1351.9243
800.0213	1505.0968	755.97504	1504.0581
1113.3625	1690.0876	1115.3662	1658.9592
1134.9348	986.99695	1133.537	1017.0714
1037.0253	1153.7184	1230.9889	1171.124
1485.265	1538.1211	1488.1548	1507.9191
1538.6564	1589.8982	1534.1674	1605.0496
1709.9529	792.3638	1694.8181	790.4053
1989.711	1404.9803	1990.7872	1443.9507
2176.503	755.7831	2182.5635	797.77435
2272.768	812.0262	2272.3206	790.9719
2422.1626	1032.5485	2347.4946	1054.6696
2673.9167	1204.0616	2672.264	1175.042
3056.9036	1180.1567	3054.7996	1152.015
218.25307	1014.9052	220.53235	996.9407
0.99822176	1766.312	239.00049	1766.6346
644.82684	672.13904	622.87805	668.8022
763.04614	1399.9344	762.1518	1412.9417
820.74994	566.80695	883.2143	575.45166
869.7571	1083.0604	876.22815	1001.9384
1206.754	1034.9371	1201.4586	1139.9727
1424.5333	1560.0254	1425.3438	1542.9689
1809.8839	688.7362	1651.8715	663.81525
1773.4158	1443.9727	1772.0574	1473.0027
1919.5973	1106.9752	1920.032	1135.015
1945.524	1544.9983	1945.6205	1517.9951
1948.6729	1444.9447	1949.5345	1471.0154
1961.855	1070.0015	1944.7787	1067.5288
2003.8698	1073.9802	2004.155	1100.9984
2004.5231	1177.9767	2004.9368	1205.001
2012.7064	1417.9752	2013.6523	1444.9772
1909.0573	1608.2794	2071.011	1613.6674
2210.02	1456.5037	2222.0408	1456.9865
2264.8438	1588.0203	2264.4048	1562.9929
2402.9556	1252.0815	2398.6472	1144.014
196.85768	937.9844	193.19313	971.3507
781.9702	1381.8625	780.09894	1395.8798
805.8183	1454.1035	807.98303	1436.9978
1094.1135	579.3094	1254.0662	605.5972
1384.137	1152.6539	1409.0822	1155.1926
1487.9956	637.0289	1315.9236	610.4958
1636.9521	1587.8441	1673.9838	1588.3048
2056.011	1400.7927	1918.9167	1393.5817
2172.0322	1397.9591	2176.4626	1617.9907
2181.1423	798.0121	2217.1157	803.19684
2218.6692	803.0162	2218.4258	782.9948
2409.6646	1733.9587	2411.0945	1756.9941
2448.468	1440.0243	2449.7158	1415.9852
2987.013	610.8326	3026.0127	613.8344
785.9835	1106.2043	850.05035	1111.3762
1017.1405	1427.2783	997.5815	1437.1519
1118.4633	1433.5365	1076.219	1482.4623
1166.9402	1023.6264	1206.0607	1027.3649
1516.2806	1492.1522	1521.4171	1448.9307
1749.978	798.1615	1734.8502	796.0983
1732.0784	731.4565	1752.0948	734.3416
2027.0394	881.76935	2054.104	886.3912
2165.5535	745.0122	2169.7722	899.0336
2242.198	866.99304	2242.937	888.0022
2242.8037	1085.9843	2243.5894	1126.0277
2257.9792	1593.4661	2288.009	1594.7958
2399.3838	558.6814	2383.771	588.8816
2592.0398	1527.2737	2602.4814	1487.6003
2610.8657	837.61475	2714.7927	801.4054
469.04123	1360.1703	453.03107	1359.3746
467.52335	1383.8325	465.81848	1398.866
510.95285	1420.0311	452.03036	1417.336
565.119	1081.1123	576.0672	972.0068
642.9981	271.0101	605.9701	264.16165
826.84424	1033.0717	824.0361	1066.1727
977.4456	206.80225	826.1759	176.13254
1020.02374	1474.003	1023.9031	1443.8589
1061.9261	1145.8577	1208.0488	1158.4331
1991.4615	1520.9989	1991.4165	1543.0009
2245.4248	1419.9475	2246.828	1458.0432
2263.1978	1141.9735	2263.7722	1168.005
2264.2927	1172.9519	2264.818	1198.0038
2585.1536	1536.8452	2615.283	1566.731
2647.1538	991.59875	2712.9265	974.7136
3038.7395	988.1204	3035.8638	958.013
3020.01	537.8686	3057.0244	540.6769
3066.6768	1026.1162	3060.7786	958.93164
1.0082716	841.92584	29.104904	845.0594
35.86593	1365.9811	25.701834	1438.0989
48.822613	1268.8419	39.244896	1340.1671
186.52486	1346.9443	183.22041	1375.1431
596.99805	1374.096	582.98364	1373.8138
600.7444	1482.1217	603.0511	1468.0083
606.28107	1053.898	603.40027	1074.1987
609.9028	1014.9901	606.4358	1049.1458
862.1565	998.013	852.9967	1107.9998
1943.5037	1172.9993	1943.4672	1199.0021
2265.3135	1461.9823	2265.6643	1488.0045
2642.4004	640.08307	2641.1003	615.0467
3070.1692	770.82104	2983.0435	766.18164
3052.9065	1078.8083	3055.9429	1109.0057
203.631	888.1931	199.70808	921.3207
251.4147	981.04974	247.19125	1016.2628
438.86707	667.87396	460.10782	476.90076
746.1509	1727.9779	746.5353	1747.9705
823.5882	1070.0483	820.9459	1102.1602
852.0729	1382.0641	836.9311	1380.8846
900.01587	1420.8728	889.00134	1421.0731
905.5567	1077.9677	903.28345	1109.1664
1209.0132	994.00073	1207.2787	1026.0151
1561.979	1480.8335	1557.2175	1510.0355
1933.8141	736.2025	1963.8685	740.8499
1984.1776	831.9775	1984.58	853.02716
1996.0559	1545.7029	2011.0883	1548.5311
2207.6392	1166.9264	2208.8096	1193.0085
2261.675	1101.9686	2262.8853	1128.0054
2671.0618	803.06067	2662.7856	675.07855
2882.0254	1806.4208	2949.0276	1809.3717
3010.159	688.0718	3007.672	658.9426
11.001682	957.52704	0.99469626	957.49146
27.01563	859.8859	0.8222924	856.297
26.811983	1162.74	42.09573	1166.6232
68.93534	1181.2285	49.108074	1175.618
280.86758	1023.9843	276.84586	1057.9818
865.504	959.95844	862.8128	992.0681
888.9874	1493.1294	890.58466	1480.9456
1242.9849	959.13947	1052.8395	938.4777
1502.9951	1575.3693	1598.9916	1576.6406
1765.4039	1535.0065	1765.5184	1509.9978
1939.9155	824.6082	1923.9457	822.3914
1948.6428	1413.9933	1948.936	1441.9902
1963.2244	850.0004	1963.1852	776.9994
2191.6316	1195.9707	2192.8376	1222.0076
2261.641	1487.0095	2261.473	1462.9967
3050.373	1108.1453	3047.764	1078.9318
234.31041	939.9115	222.37604	1032.9199
522.1604	1006.11017	518.92566	1040.1829
1560.8293	1510.0886	1562.753	1492.0804
1714.2241	1045.9883	1712.1232	1184.9867
1902.4211	1031.9996	1902.5641	1225.0011
1949.3315	1518.991	1949.5076	1545.0033
1990.355	1445.9963	1990.6299	1473.0038
2107.0103	591.94934	2053.76	581.1881
2243.7876	1139.0074	2244.7742	1167.0431
2262.903	1528.0219	2262.4055	1503.0118
2550.8618	466.941	2553.5378	506.03165
2651.0063	1482.1354	2753.9634	1477.2299
3022.1277	991.89154	3025.3176	1025.0657
3070.4773	1219.0002	3070.5686	1391.0002
26.04347	448.01727	32.49023	431.7974
290.11078	946.2166	286.61652	980.2685
564.27344	933.93787	561.9531	961.0815
577.07825	963.00714	579.9203	931.9927
596.1147	1391.9076	594.75146	1404.9741
802.02655	1468.9872	743.0408	1467.4425
1990.8639	1488.9489	1991.5782	1514.9841
2237.8552	819.0055	2238.6501	840.05096
2538.004	1750.9508	2441.8943	1743.3322
2699.7244	1133.8811	2704.2131	1198.9854
3012.6294	722.0824	3010.9373	693.94366
3013.3193	659.906	3015.3955	689.0431
3067.2026	1509.9093	3069.9233	1546.0057
186.60992	1015.17285	182.86028	1050.0924
591.4116	1744.0552	593.96643	1724.9955
647.2351	980.0219	640.24927	1055.0232
752.99084	1763.7864	804.9954	1763.3931
1457.5819	1408.5485	1438.6829	1509.754
1800.6158	1664.9147	1791.9218	1602.1493
1983.9515	827.2958	1998.0645	829.60657
2027.545	1077.9781	2029.4594	1213.0077
2360.663	914.0415	2355.417	744.98706
2704.9883	982.9348	2690.1099	985.61084
3015.8613	756.1119	3013.0894	727.893
3041.8628	625.9226	3053.8867	760.01013
3056.3958	581.0659	3053.8818	558.0129
3067.1267	722.0036	3067.027	698.004
292.30124	563.1541	289.33963	588.1587
335.51465	501.95096	333.08322	526.0084
504.4744	1519.0557	506.3677	1502.9258
765.07385	1375.2651	750.9154	1373.8418
779.0397	1415.2697	766.02374	1414.5627
1649.9832	1400.1622	1697.0979	1405.0582
1801.1766	1580.0039	1803.1003	1493.0243
1894.1057	1891.0898	1895.3289	1876.0267
1915.2487	715.64435	1922.1276	759.138
2248.2627	1200.9224	2249.8665	1227.0082
2238.969	807.22235	2271.1787	811.7213
2368.984	1432.7913	2437.0405	1427.525
2646.9568	1409.424	2751.9646	1401.53
3049.1963	1041.7697	3052.4778	1073.0548
2.99676	1309.9995	6.010713	1288.859
336.99988	1706.0	327.17493	1766.1918
584.027	1496.9336	550.94696	1496.0967
892.8199	317.5776	881.94214	314.1855
1778.0408	1052.0002	1777.1157	1193.0007
2184.1633	831.05774	2199.062	833.64185
2192.93	1240.8373	2302.0027	1249.9686
2209.4521	1500.021	2210.449	1526.0211
2266.3982	1502.9598	2267.117	1527.9967
2276.0369	1462.6714	2264.952	1461.4281
1859.7594	624.4422	2329.6948	702.8298
2693.2676	1202.1118	2684.5515	1067.0289
3056.4998	1408.8558	3060.8398	1454.0154
470.96194	1382.4767	484.95264	1383.5935
779.9238	1121.8928	938.9608	1135.4596
1408.0398	1047.6971	1422.9147	1049.6499
1522.0011	1401.7096	1488.0002	1401.6814
1920.6329	796.9748	1921.51	819.0195
1952.9982	1513.6951	1965.0037	1513.6254
2186.8892	859.9561	2187.8862	880.1537
2363.4119	734.84674	2403.234	715.4807
2366.9429	1673.2461	2460.0227	1677.5045
2720.0146	1011.051	2717.5808	964.07355
28.96073	847.3604	0.96619034	844.3103
109.53382	1397.0813	111.53658	1383.9294
336.6821	494.2589	342.87207	477.95145
546.4396	1424.945	543.5778	1454.0568
799.97076	1378.2764	786.90546	1376.8934
896.0196	559.9066	896.9068	579.0968
2263.9346	1559.0184	2263.484	1533.0089
2333.1074	726.9969	2338.7805	923.9487
3029.9229	1076.8048	3033.189	1108.9808
534.9879	128.0682	559.118	132.3325
768.0026	1528.0002	769.7023	1511.8633
897.78156	210.98068	920.01483	215.93335
1902.4344	1876.0046	1902.2369	1851.998
1920.3021	772.965	1920.8679	794.0304
1945.9832	1548.5748	1928.9685	1548.0771
2181.4707	810.9622	2182.0107	831.974
2211.0522	1526.1678	2224.0637	1526.9865
2655.3813	778.13226	2656.7869	805.96027
560.66547	972.96564	549.4651	1082.0477
752.99475	1336.9998	753.0025	1362.9998
829.1401	1475.9479	827.74	1499.0448
1521.3987	1507.9694	1518.9052	1556.9951
1742.6107	1418.0028	1742.4802	1399.9965
2001.9999	1177.0007	1983.8778	1175.3099
2359.8289	1055.4161	2420.8577	1037.5151
2633.1667	816.05396	2620.6777	623.0856
2649.7454	1030.8726	2652.019	1061.9987
2997.4792	920.7955	3020.498	1199.794
3053.837	1143.1208	3051.0085	1115.8953
493.88663	1346.3914	507.95618	1347.538
1533.008	1582.6099	1503.0001	1581.9929
1534.7124	1445.9934	1534.2767	1465.0063
1807.9784	1020.2065	1643.8923	1003.0284
1728.431	1561.947	1718.7274	1483.0336
2244.4766	1168.9773	2245.8596	1198.0542
2997.2227	726.81976	3001.5134	755.9243
3033.8428	551.9112	3040.4844	614.949
7.9962096	1558.2438	2.1169102	1582.2733
823.8611	695.9228	807.92126	693.5229
1138.742	986.93665	1143.4834	967.62756
1629.6173	1461.9878	1627.8628	1516.9637
1719.2898	1384.9733	1721.5074	1409.0454
1769.8585	1484.999	1769.9713	1582.0
1995.2598	1552.0192	1994.864	1578.0283
2043.9818	580.1	1991.887	570.6215
2068.0107	1389.8193	2029.9679	1387.534
2185.9417	1134.0017	2186.7437	1161.0076
2253.0688	1564.995	2254.6597	1587.0245
2267.31	1532.9806	2267.6948	1559.0045
2645.0774	1068.9957	2641.2444	1000.042
2653.4485	1210.0342	2645.1426	1075.9912
2749.0767	1222.9951	2731.3176	941.04297
3006.913	654.14606	3004.9385	625.9343
34.887123	854.0385	0.8544169	850.3394
550.7818	526.4715	619.20483	536.6188
996.915	1436.5608	1006.83545	1479.8083
1714.87	739.0091	1668.9873	733.09827
1818.074	1435.649	1803.0411	1437.3613
1967.0029	745.9896	1968.1213	854.0091
2389.8271	905.0066	2385.9473	803.002
2688.397	625.035	2689.9036	651.0056
2693.1287	698.9917	2694.8647	725.9443
2984.4565	580.86584	2987.1553	610.16986
3060.2095	1151.8157	3062.7292	1182.0226
0.91431063	861.45685	24.823414	865.94147
285.67578	984.9641	281.87247	1019.318
523.10156	1402.6882	509.0311	1401.5986
466.89145	1097.2625	639.9874	1112.1462
1035.0498	197.19147	1037.9384	181.35353
1392.5525	656.42285	1399.2242	639.6907
1597.999	1583.3253	1558.9994	1583.2092
1985.3337	1176.9691	1985.9363	1203.0015
2186.3003	1162.9832	2187.9338	1192.0037
2208.312	1459.9348	2209.5574	1485.022
2342.6023	1054.0148	2349.567	1241.979
2372.9631	1257.0405	2368.7366	1148.9712
2398.2896	1134.0254	2395.8535	1065.9695
2375.0725	1065.2544	2416.15	1053.525
2658.4814	1176.0414	2660.9531	1207.0038
2731.0037	1195.033	2730.4744	1163.0087
90.82095	1003.41675	47.874077	984.9655
192.22607	976.0297	187.45244	1012.3226
189.23003	1324.9312	187.78654	1341.0703
585.3203	1506.0303	583.81213	1521.9822
743.9264	1535.8744	798.95935	1538.0348
2238.1528	841.9888	2239.7683	864.01697
2254.0024	843.98175	2242.929	842.54987
2264.4402	1433.9683	2264.9924	1459.0222
2278.0027	1102.9777	2261.9917	1101.0706
2388.2617	1521.9891	2393.0684	1637.9972
3002.9463	609.1497	3001.0344	582.9246
3041.1707	958.87775	3044.3237	989.0706
803.00214	1725.835	750.985	1725.161
1195.7869	267.76764	1217.0884	273.68182
1615.9861	1421.9324	1499.9921	1421.0956
1746.3724	1400.9552	1746.963	1419.0339
1780.3738	718.9973	1779.9047	827.9996
2037.6755	1419.9885	2040.537	1589.0248
2180.1365	1073.8542	2186.163	1120.8508
2644.9949	613.0003	2646.6147	638.9617
2683.9534	1055.0613	2680.031	988.0567
2697.2278	763.0468	2698.8662	790.0687
2722.15	798.135	2703.973	549.07495
2715.4976	1161.0868	2713.8745	1133.0072
3057.328	1115.8411	3059.3271	1145.1143
181.51688	1385.9465	179.73325	1402.081
901.9993	1402.0483	888.98804	1401.8691
1554.8998	1608.0247	1555.3678	1590.9827
1718.2327	708.00134	1717.5934	819.0034
1807.998	1217.996	1808.7714	1022.9951
1968.0066	1074.0	1968.4471	1208.0018
2207.3442	1430.9816	2208.6887	1456.0167
2385.543	795.0164	2383.1765	729.02954
2421.6877	1477.9669	2422.9434	1504.0509
2428.6865	1246.0099	2429.1633	1213.0023
2623.4392	1531.0258	2625.1394	1568.0396
2692.539	1020.0954	2694.6204	1051.9595
3015.801	693.8226	3018.6782	723.0317
485.26453	1385.9419	484.15823	1399.9335
651.3083	941.93005	648.5662	969.05725
1158.9348	616.9713	1165.0726	603.032
1391.2911	773.0109	1392.3413	744.97534
1765.6178	1461.0596	1767.2682	1443.9294
2025.2723	753.9965	2026.6334	861.00464
2284.6719	1105.9935	2284.9395	1134.0006
2285.1409	1141.9941	2288.9087	1233.0452
2581.9934	1492.3535	2595.0022	1492.2207
2604.697	1549.3613	2586.153	1533.8175
2638.7122	1397.8477	2652.084	1635.9391
3041.0103	615.4843	3061.0024	615.8835
395.93607	508.43317	416.0874	511.40787
514.05133	400.69028	1846.8829	621.70605
1753.1847	1585.1652	1702.751	1653.044
1751.3364	1515.886	1748.6194	1484.0325
1786.3125	829.00653	1786.0378	799.9902
1919.6416	1139.0128	1920.569	1165.0154
2229.9607	1434.9717	2234.797	1599.0355
2368.5212	1143.012	2366.8032	1073.98
2400.9404	752.0017	2400.171	724.9667
2632.3674	689.9205	2639.523	812.9696
2664.2463	1058.0258	2663.2556	1029.0597
2676.2825	1174.829	2678.396	1203.0453
2691.1724	666.9897	2692.7827	693.95325
2708.516	982.9597	2710.7825	1012.01697
766.8725	1395.986	768.63104	1379.9595
869.962	1113.4741	933.0377	1118.5295
945.10626	971.91534	942.8177	996.07745
1439.0073	1509.6412	1397.9924	1509.4215
1731.7634	1500.1481	1728.2968	1471.204
1791.867	1438.0139	1792.1561	1420.0026
1802.9774	1492.207	1824.0535	1494.5104
1923.9906	1218.1101	2039.0057	1227.9335
2246.598	1460.9739	2247.7344	1487.0116
2566.0276	1491.6958	2579.0112	1492.877
2652.0256	806.9991	2651.0317	780.0357
2662.5452	1023.14655	2660.932	996.1235
2687.3408	375.45032	2674.7441	384.98337
2994.1062	691.9905	2996.8113	722.10675
3017.0732	941.7765	3022.1746	989.089
457.68448	1461.9783	456.64792	1477.0446
452.96222	1362.6603	468.90997	1363.5731
542.40356	1463.9437	540.78827	1481.0743
1132.8638	1592.0745	1134.4274	1573.9506
1305.6035	1811.0272	1303.8448	1850.0831
1712.5546	1570.3896	1687.6718	1588.5503
1825.5446	1467.0059	1825.1995	1439.9974
1824.7592	1493.9926	1825.4043	1472.9817
1907.106	1849.0338	1906.0464	1820.9983
1904.9705	867.3188	1933.0078	869.9159
1925.0616	1485.9911	1925.2384	1506.998
1979.9847	768.0885	1998.1343	771.22235
2375.9805	909.0006	2375.015	878.9995
2386.0408	1181.0375	2384.8267	1150.0068
2573.0989	1518.6547	2564.9426	1492.7037
2683.8843	622.0681	2682.2957	596.04297
2686.2034	594.0544	2687.975	620.0017
2694.6736	792.0172	2693.2517	765.09235
2988.386	624.88367	2990.9006	654.84045
3066.5205	691.0411	3064.201	663.9828
41.547916	1012.04846	43.3265	991.9404
80.16057	1381.8989	78.45671	1396.0549
580.57983	1482.0537	581.88196	1467.989
2020.948	784.3757	1981.0216	778.84424
2654.0527	1108.9962	2656.304	1139.9779
2669.643	1135.95	2667.4768	1108.1185
2673.3157	672.9137	2681.518	797.966
2695.0212	730.0625	2696.8662	758.94464
2717.6902	1196.0176	2716.1033	1168.0509
3010.0256	625.9088	3012.6235	655.1224
538.2829	1499.0208	536.6636	1521.0488
1605.9835	1447.2273	1633.0139	1446.6519
1696.8568	1553.0103	1690.563	1465.0312
2248.839	1531.956	2249.4622	1558.0128
2385.4243	1448.9829	2387.6746	1505.0131
2668.5872	601.02606	2672.3123	659.9803
2692.547	760.0787	2691.0298	732.05255
777.0054	1431.8289	749.00165	1430.9484
1185.0472	1022.44617	1169.0782	1021.0832
1546.7927	1590.9814	1545.8948	1600.9906
1809.2666	852.9944	1810.5155	689.9963
1912.9341	502.25204	1919.9752	504.09473
1942.9457	1413.778	1930.9344	1412.9401
2182.083	833.94336	2183.134	854.0453
2277.863	793.97504	2280.7886	895.0351
2420.7844	1246.9612	2419.2031	1215.0394
2671.6926	1169.0735	2670.1738	1142.0464
2690.5703	727.92194	2689.2341	701.0381
2749.64	1469.0868	2746.1294	1414.0555
492.0036	1365.7465	506.00076	1365.9462
598.02185	1367.5867	584.0608	1366.8492
796.98206	1400.9994	796.46027	1414.9799
814.06537	1415.853	801.9831	1416.779
1157.0908	1571.8568	1155.5074	1592.963
1574.2451	1494.1606	1570.4082	1476.1259
1722.157	1409.6146	1741.5966	1417.5361
1772.3953	1403.9943	1772.8715	1437.0162
2388.4224	1103.9893	2389.1875	1134.0208
2613.3398	972.93317	2625.6567	1219.9673
2648.3337	744.03345	2646.978	717.05133
2697.9863	1731.12	2617.8845	1722.0164
2711.0215	1092.1168	2709.3044	1063.041
2979.4358	532.95496	2984.091	577.9906
3006.2012	582.82983	3008.377	610.9708
533.5682	1329.7994	539.7758	1316.4315
630.7784	519.84796	631.8786	539.9519
1909.669	1817.0585	1905.8118	1795.2097
2224.144	784.9735	2224.7476	811.00586
2229.081	1100.9705	2232.5742	1229.0116
2273.9038	821.6233	2238.1377	816.107
2285.8872	1437.968	2291.6936	1599.0471
2363.62	813.9426	2367.092	911.99677
2406.9746	896.0011	2405.764	867.92395
2616.9092	1564.1003	2603.2466	1551.7277
2628.5671	619.91614	2631.6196	676.96686
2705.8384	1012.9684	2704.747	984.0473
2720.5706	1166.0308	2722.7078	1195.8777
2730.193	1161.0503	2728.199	1129.0499
63.639313	857.02826	64.83698	829.94855
795.9905	1416.1304	784.0539	1415.2604
1165.1443	1649.9198	1160.8376	1695.8911
1973.8309	1417.9917	1975.53	1588.0146
2403.567	1603.0243	2402.834	1589.9532
2419.4583	1210.0276	2417.8784	1179.0062
2424.4988	1556.0428	2425.863	1572.0117
2722.9792	1055.9109	2648.2837	1073.2242
567.8294	921.9487	572.37994	906.8136
848.9806	1420.1392	834.974	1418.1863
2656.33	1141.9774	2658.5132	1173.965
2784.4753	1705.036	2780.838	1652.0111
340.32004	1730.0426	335.78326	1764.1044
0.72175837	318.70126	499.7837	400.3226
577.7613	1390.9755	576.5194	1403.0535
884.0061	1401.9371	872.91644	1400.862
1832.8866	1660.0057	1804.0337	1663.2953
2644.2285	670.9866	2642.7075	645.07587
2646.5564	712.90216	2644.8696	686.07104
2725.3113	1091.0322	2723.855	1059.96
2991.2808	657.97565	2993.9795	689.0885
3000.6936	577.1515	2997.8938	553.0123
1127.9076	738.6579	1090.7972	733.4424
1493.7897	1490.8073	1512.995	1493.0426
1643.5068	1468.7948	1638.9624	1501.8574
1851.6943	632.5204	1858.0509	624.03815
1906.1808	1794.3582	1923.1465	1792.1006
2025.9604	1584.658	2036.0442	1585.264
2375.4578	1149.9417	2379.7024	1256.012
2434.974	1728.2892	2395.9292	1724.7917
2441.9597	1715.7556	2389.9475	1712.9884
2558.9736	1487.3495	2572.2278	1526.2631
2688.6646	695.0791	2687.1233	669.05194
450.98798	1381.7594	466.9998	1382.013
509.99194	1385.6987	525.00146	1385.8718
514.67926	1487.0704	517.2759	1462.0286
2038.9863	869.1046	1922.8859	853.86975
2189.123	1454.9114	2204.0457	1456.5967
2383.261	1100.9879	2381.82	1070.0084
2415.876	1128.0553	2414.349	1097.032
2972.1584	1804.8484	2963.8425	1796.1505
565.0064	1388.7246	576.9999	1389.0049
867.98486	1383.1798	854.99274	1382.0865
2190.2314	1529.9496	2191.2175	1554.032
2374.8108	875.00696	2372.535	812.9437
2388.8816	1253.056	2387.2773	1221.0363
2405.8667	862.0085	2404.0278	832.9982
2648.9424	684.07465	2650.8389	710.9408
2653.0137	746.99896	2655.1104	773.9135
2674.2646	1140.8102	2676.6228	1168.9478
2708.1575	1047.0874	2706.7805	1018.05786
327.06775	950.888	318.1594	1025.0192
594.96094	1423.8522	546.01794	1421.6084
1775.9309	748.52234	1732.0377	742.7151
2247.613	1501.017	2248.7517	1527.0546
2370.7688	767.0049	2370.1538	737.99677
2383.9475	1136.0219	2383.282	1103.9941
2402.145	1586.9984	2401.8152	1555.9913
2413.925	1091.0319	2413.0923	1062.9675
2593.9026	607.94946	2606.22	827.9317
2665.8606	995.00995	2667.855	1022.93896
2667.614	1028.8717	2669.8445	1056.9329
505.0293	1369.0964	491.97818	1368.6733
754.00604	1362.872	782.98895	1364.2351
849.1225	1400.5941	836.9535	1399.534
1111.2582	1629.0209	1110.8925	1651.0315
2423.479	1521.9656	2425.2114	1546.0568
2435.1958	1757.9496	2436.7627	1732.9851
2646.7354	642.1447	2648.4497	668.97125
2650.0972	776.0272	2649.2822	749.02167
2693.972	1713.2692	2645.9736	1708.2513
2651.031	715.05536	2652.5718	742.0245
2676.6377	1517.9581	2689.2036	1709.118
749.65717	1434.9779	749.4259	1449.0071
823.57385	1346.3075	830.77075	1332.8772
950.7866	230.07411	978.09937	235.49994
1632.663	1527.8502	1611.7052	1533.9943
2224.0483	1135.4238	2186.064	1132.2365
2281.2986	786.17755	2294.7483	774.705
2365.9875	1274.9259	2433.9065	1263.4464
2584.5303	1519.0033	2584.3606	1494.9904
2652.042	1075.8641	2654.108	1106.9263
2715.6672	1097.0272	2718.0332	1125.9973
731.99384	1563.1902	897.01447	1568.5559
1308.3217	980.21405	1312.0376	991.9881
1396.6025	1510.9756	1396.0253	1544.0005
1321.0364	615.76074	1483.0919	640.3949
1708.1046	1440.1084	1712.7334	1521.0724
2403.584	1062.9773	2406.2249	1131.03
2417.8594	1173.007	2416.3235	1142.0336
2420.8298	1447.0049	2421.5483	1472.013
2577.0552	1494.8931	2579.503	1519.0504
2706.7698	788.01245	2706.4753	759.0053
2713.5906	1062.8827	2715.74	1092.0192
429.99832	1553.0526	604.0135	1558.575
1729.2603	1452.8217	1739.4637	1524.9343
2188.7415	1498.9509	2190.4607	1524.9032
2261.792	1201.29	2247.0151	1198.9062
2372.9734	1071.001	2375.5454	1139.0172
2648.0312	997.9981	2649.8853	1028.947
2672.678	1107.0172	2674.1702	1134.991
2713.3906	1126.9744	2711.5576	1099.029
2718.386	1131.9779	2720.0457	1160.9974
2763.1396	1713.9911	2749.0393	1493.9974
3059.5063	614.1582	3056.623	586.934
85.46629	1341.9331	83.69254	1356.0868
620.7857	534.91895	626.50055	519.8111
1401.0151	1158.8451	1438.0515	1162.4749
1723.4305	819.9974	1723.2434	788.99854
2263.982	1531.599	2251.993	1531.2397
2361.5405	741.9822	2363.55	802.9819
2393.874	800.96655	2397.663	899.9746
2600.8464	1487.9512	2583.5662	1477.7338
2669.814	1072.8433	2672.253	1101.0646
2685.9714	652.9307	2684.126	627.0623
2697.3376	1099.0417	2699.407	1131.9114
836.32166	1437.9929	836.1455	1455.0015
861.5051	1480.9679	860.7909	1491.9865
1610.8357	1527.2922	1625.9497	1523.7833
2034.0054	1486.5519	1990.9996	1486.0328
2387.5881	1218.0209	2385.9175	1185.0042
2389.1035	1147.9929	2391.2273	1178.9844
2403.9932	1491.9556	2403.4607	1504.0204
2594.7236	1495.9365	2589.8884	1516.9744
253.48792	1323.5786	263.90417	1310.9211
1007.6563	1496.0812	1008.90466	1485.9882
1649.0726	1472.9965	1650.1882	1495.9423
2224.217	813.9934	2226.4631	888.0163
2387.182	1070.9924	2388.3096	1097.987
2462.0796	1676.9236	2458.6836	1628.9517
878.4539	936.8992	879.77496	955.9462
1530.5437	1848.8511	1536.3132	1869.9142
2142.054	589.703	2159.0393	592.78357
2402.4656	785.0233	2401.2427	757.0331
2406.6748	1141.9359	2410.7727	1249.047
2587.2522	400.8334	2537.0054	389.97498
2710.7686	1017.0169	2712.9507	1046.9307
2961.3242	512.8886	2982.2566	761.81024
3040.1753	758.98486	3028.7026	626.02563
485.99945	1368.0233	473.95953	1367.7441
1460.4501	1539.9022	1495.7461	1561.4166
1631.0043	1593.1112	1616.9998	1593.0437
2498.773	631.9125	2553.416	1738.8314
295.86407	565.9713	318.9713	569.2049
1008.78296	1472.1818	1004.56146	1443.9161
1923.9556	1414.0009	1924.4905	1439.9899
2392.1284	1220.9446	2393.6558	1252.017
3063.5789	658.14026	3060.794	629.92163
364.12766	503.22104	381.00223	505.98633
1696.3746	1474.0194	1697.4617	1509.0477
2379.3923	876.98193	2380.7305	906.01245
2667.26	1102.2178	2665.0232	1074.0776
2656.0166	1213.0692	2693.054	1204.2256
1143.4285	390.1127	1145.2118	399.15546
2379.0264	843.977	2379.6555	872.00775
333.0263	898.02765	353.01984	879.0209
1331.7625	1888.9442	1333.082	1906.994
1433.1346	1543.964	1432.6334	1556.0264
2404.1716	828.02905	2403.1536	799.0297
852.1975	1419.0889	853.17316	1405.9386
1508.3212	1440.3304	1533.9498	1445.261
1766.9675	1474.2115	1747.9545	1471.2972
2870.055	1789.2937	2850.0208	1787.7344
1168.2665	1572.9924	1168.3975	1595.0035
1313.8439	1851.7706	1316.5201	1884.958
2371.7473	799.0044	2371.2246	768.9961
2375.9556	768.0019	2377.1228	795.03784
2390.8376	726.96747	2393.2864	789.9889
907.0977	581.3142	961.1403	589.01544
1657.1554	1454.9774	1659.6407	1472.0522
1751.0784	1556.1335	1741.1807	1487.829
1969.9865	1484.4156	1925.0017	1482.9475
2689.8503	986.9331	2692.2861	1017.8988
869.8729	1419.001	869.77576	1405.9943
2547.4727	1740.8098	2540.9224	1758.972
2698.7979	648.0772	2694.9392	588.0039
2727.8994	1126.0731	2725.7722	1094.0817
512.01697	1366.788	525.9279	1367.9008
751.9015	1377.3726	764.0542	1378.2449
1721.3099	1415.9127	1693.9666	1408.1171
1758.9993	1433.0026	1731.1572	1425.4224
245.45274	1700.9343	257.08923	1603.8907
1144.1985	1657.1055	1128.845	1653.6987
1468.2231	1424.5214	1460.941	1421.1266
1998.9374	832.6701	1989.83	831.8189
2280.9443	1140.6842	2245.0193	1137.7618
2706.0571	756.06067	2700.0686	662.9956
488.99008	1403.7185	502.9954	1403.7992
1130.0276	1646.5652	1148.0186	1647.7081
1795.9298	1601.6184	1813.0852	1598.4636
87.86443	1321.9863	86.54261	1335.0549
886.24854	575.7922	890.13	561.75934
1763.7307	1565.9861	1765.0188	1541.001
457.996	1454.977	442.12936	1457.7422
1719.5905	1545.9521	1720.9725	1563.0022
2207.696	1584.9996	2207.7207	1560.9998
2722.6008	1045.106	2720.2485	1014.05695
1038.8524	1438.2101	1023.43756	1427.3773
1960.9956	565.0265	1931.8108	560.1272
2374.9692	737.94885	2376.2378	761.9874
2391.0266	1184.9551	2392.3416	1215.0288
559.0138	1384.9227	544.9905	1384.7435
1963.9175	775.63324	1920.9945	770.04205
2427.8726	1210.0042	2426.762	1175.9751
2273.9387	1558.8403	2281.0469	1559.3589
784.96533	1364.5883	813.0447	1366.2417
115.30585	1592.6654	105.37641	1583.5883
2422.0522	1178.9985	2422.8784	1208.9758
1758.2876	1579.9956	1758.1047	1567.9832
2420.3687	1142.9818	2421.7476	1171.0125
1155.9863	1595.4698	1131.0076	1594.7413
1614.628	1539.711	1618.919	1549.0372
1718.9329	1474.008	1716.2748	1451.9669
2408.7212	1622.0073	2409.1152	1637.0232
2226.0002	1497.9933	2189.0085	1496.7493
2282.9836	1500.432	2248.0337	1499.1097
2779.851	1640.0105	2762.2664	1391.0518
578.9952	1373.1498	565.94434	1372.7299
2423.034	1215.9446	2424.6453	1246.019
748.0	1398.0048	762.00574	1397.9175
1461.193	674.0031	1461.4369	658.99084
2377.2188	809.9293	2378.844	837.95105
452.92886	1422.9941	451.76562	1437.0634
829.93945	1515.9957	829.01276	1529.0009
1452.9297	317.15964	1471.792	325.47192
1755.9028	1486.9675	1756.4437	1502.02
2695.0542	1065.9238	2697.298	1096.9785
1432.0044	1590.2136	1406.974	1590.722
1648.46	1504.9517	1649.2224	1527.9927
2781.999	1715.109	2765.0005	1714.9584
572.682	1057.9657	571.48694	1069.0525
2406.6882	798.9135	2407.9739	824.00134
2426.7332	1172.0104	2425.4905	1139.981
2422.9062	1089.0038	2421.642	1057.9739
566.0166	1369.4227	579.00586	1369.7958
2410.6296	781.0124	2408.4182	714.98596
2577.0664	1477.0939	2564.8213	1485.7471
1561.4601	1589.07	1560.3589	1612.0651
1803.0259	1446.9731	1801.8685	1489.0239
