124.00041	212.2776	386.99973	212.19232
155.09157	205.67989	282.01227	210.68945
400.99033	251.4274	237.98335	247.73465
343.00302	233.87254	256.00443	231.81297
199.00082	189.95876	285.00665	191.6653
276.91165	225.8582	204.02885	222.39313
135.9838	158.5764	369.99554	165.1581
145.01169	256.3871	396.99637	261.19116
324.99686	199.04529	209.07222	190.96393
271.99237	220.30092	206.9835	218.64964
282.0091	194.79977	345.01535	197.66193
320.00577	219.72424	390.99564	221.20927
416.00174	217.89685	521.00555	219.67
215.00752	518.6669	154.99297	517.3111
295.00687	519.68225	235.01321	518.38776
469.0061	521.64215	411.00592	520.6526
289.9965	255.15704	362.00522	256.76642
213.9821	163.3715	79.00631	156.86906
498.0033	244.79395	439.00247	243.84679
109.973595	186.7479	185.02127	189.39761
259.01257	179.8797	148.01756	180.62282
295.02786	525.4545	233.9914	524.7865
185.0176	226.09099	117.984634	224.79395
149.99458	260.26074	292.9951	263.23547
234.98871	520.7594	295.0052	521.65204
325.05783	193.631	194.95203	188.13602
139.0124	176.58319	241.01138	179.6174
438.00076	587.85297	465.0052	587.9917
77.99	174.25494	135.97917	176.53058
153.98695	519.6802	214.00325	520.83075
673.00446	220.88545	605.98975	218.26245
236.00502	203.7603	154.97772	202.06386
158.00375	235.75769	231.01721	236.89047
238.0121	556.1727	292.01517	556.96216
412.99377	231.57857	386.9968	231.29906
527.99426	219.45985	622.00464	220.62846
787.9967	562.05975	811.99646	561.9763
1479.0234	1002.11255	1504.0323	1002.7715
2817.999	305.0399	2787.9666	304.2143
449.01108	227.95526	380.99753	227.23337
583.9806	260.5806	648.99554	260.2119
681.00824	560.4926	705.0181	560.8811
2843.991	301.36697	2778.0305	299.75052
297.00766	263.43872	369.0079	264.4203
643.9987	259.06116	587.9813	257.9003
783.9751	565.3028	759.9648	564.8441
758.0006	591.0767	783.0006	591.0934
760.00934	561.49	783.01996	561.9126
375.0077	263.62753	462.01056	264.1152
1480.9963	571.43896	1502.0114	571.61163
410.04865	586.9745	436.0376	588.20746
490.99835	559.1609	544.0001	559.0562
678.00116	590.0849	703.00116	590.1172
813.0148	565.0046	788.0202	565.37286
1019.03503	564.58215	1043.0204	565.17456
254.00874	230.12576	120.99764	229.50476
142.99876	252.05977	286.99896	255.05008
317.98785	229.44238	267.99808	228.06978
9.979106	285.2946	847.97064	298.8197
623.9943	238.40587	375.98682	234.94377
170.97594	190.77191	113.96899	188.9952
1480.0201	965.71606	1504.0143	966.09296
52.96846	240.53957	8.94352	237.9663
4.9894543	223.49403	45.01391	224.3484
50.054886	201.02649	0.98533785	198.26007
158.00902	515.2951	215.01248	516.0246
680.99994	521.07574	707.001	521.1041
786.00024	591.1114	813.00024	591.11865
1197.0035	596.0495	1219.0033	596.1315
1310.9868	1000.26154	1334.9971	999.83344
1412.1202	0.9692923	1408.629	100.98705
27.99994	186.00137	57.032124	187.25754
188.00368	175.75626	133.00113	174.92542
737.8776	532.8281	676.02094	528.6873
938.00415	593.08	963.00366	593.19293
1227.0491	595.986	1248.0483	597.00336
0.9401497	200.50467	50.196136	206.34616
126.001175	218.91257	161.00829	219.3824
154.01395	585.0058	181.00864	585.3847
259.00208	198.90457	333.01074	200.50261
409.9904	522.85114	468.99417	523.5173
412.00034	558.1585	465.00034	558.1796
666.02295	270.8352	554.00726	268.63055
940.0344	523.9181	965.00916	524.71313
938.9954	564.12994	961.9948	564.0091
43.97948	214.32787	0.9602346	211.63535
238.99695	516.38885	295.0092	516.82886
552.9833	257.8435	480.99173	256.41678
631.99817	263.05865	591.97485	261.80008
706.9913	561.2446	731.9995	560.95575
1044.9122	526.014	1044.6172	503.01773
1738.0487	575.5425	1758.0264	576.2101
272.9988	164.27269	241.9994	164.13655
470.02386	527.2674	409.02164	526.42755
544.99976	562.3201	490.99905	562.2808
734.0014	593.4039	677.99695	593.26953
967.03455	592.9538	990.0425	593.714
1017.9976	594.1264	1040.9974	594.0638
1411.9723	79.99875	1415.5503	0.93439466
1586.9998	1003.236	1610.9994	1003.2284
2794.001	1013.0957	2847.001	1013.1594
3.9962049	583.2493	34.000492	583.09766
45.03419	220.08311	91.04479	221.79887
104.00787	993.02264	161.01224	993.4819
292.99893	560.0753	235.98206	559.2698
489.99973	523.951	549.0	523.9672
492.0003	262.9497	562.99756	263.39392
676.9967	525.7012	737.99536	525.98645
693.9983	864.93896	769.0017	865.076
707.01086	590.05225	734.0188	590.36237
1046.9924	565.2146	1069.9999	564.99243
1198.0189	566.3553	1220.0293	567.00073
2398.004	328.80304	2816.0015	336.92548
2841.9963	311.2071	2874.0042	311.75922
9.955413	235.74814	50.929073	238.19008
383.01187	135.30829	332.99228	134.44939
331.98367	132.58926	362.01602	133.4218
464.999	591.0887	407.98352	590.4326
413.00305	518.47736	469.007	518.8056
547.0007	249.39748	520.00073	249.44324
618.01044	997.6511	672.0072	998.06793
732.9965	564.43445	707.99005	564.23285
813.00116	594.3848	757.99756	594.28046
1468.8845	0.94997007	1465.0272	86.956375
1509.0719	571.4777	1530.0723	572.4692
3069.8438	1277.3082	3040.9058	1279.9808
158.01608	555.7117	213.01999	556.39813
189.99847	956.8362	246.99348	956.30347
471.99002	248.56561	431.00278	247.84256
486.99814	215.21143	538.003	215.66074
706.5181	520.927	707.6998	496.93597
1047.0365	593.8625	1070.0449	594.6
48.99943	210.01038	21.971031	208.5283
211.9965	559.41534	156.9836	558.9531
235.00204	586.0978	288.00406	586.21826
359.13318	910.0678	417.65314	918.4279
396.99673	474.77155	471.00388	475.08493
439.00064	532.2496	413.00336	532.3157
406.00394	617.40576	462.0081	617.77545
516.98114	533.0485	492.9889	532.617
709.0007	521.23303	736.0006	521.2562
761.00195	521.7411	814.0065	522.1409
1225.9954	567.144	1247.9948	567.02545
1450.4293	86.99975	1450.3784	0.99859196
3069.2583	1268.474	3035.891	1271.9568
63.0148	169.6254	101.03447	171.12762
230.99873	239.06888	157.00551	237.702
469.99673	258.19278	543.9923	259.45068
517.0217	588.1652	545.0288	588.8945
564.0043	227.63771	613.0093	228.21584
610.99506	230.28737	562.99207	229.46275
648.99396	960.8834	673.9933	960.74884
1590.0	967.01514	1610.0006	967.0279
1740.0391	967.8264	1762.048	968.5584
107.00084	956.1019	165.0008	956.156
232.0064	615.66235	285.02527	616.6672
389.99905	911.1141	415.99902	911.0859
492.01584	519.1544	519.00635	519.6602
490.99957	588.0759	514.0045	588.2064
549.8925	530.74115	488.00482	526.9219
662.98816	476.725	739.984	477.97974
784.9936	620.80133	810.99817	620.662
990.9952	596.61316	937.99054	596.1942
1219.9994	570.04974	1197.9774	569.7687
20.97589	851.07635	0.96342283	851.5987
1.0133287	612.7387	29.02077	613.03467
9.965252	214.73212	48.02191	216.53836
214.02548	524.65344	153.9902	523.5176
185.99211	994.15967	244.00577	993.6145
264.56616	514.9721	265.98392	492.93463
438.99942	916.866	498.9994	916.9062
486.01202	618.1037	543.0152	618.86755
545.00183	591.8469	488.9859	591.17535
681.00146	867.0931	611.0	866.98096
705.9906	563.91656	678.98315	563.63947
1044.0068	568.13275	1019.0017	568.28455
1044.0007	624.3146	1070.0006	624.34045
1248.9495	600.20374	1224.9498	599.1972
1327.0027	600.89886	1303.9662	600.3002
2599.9817	873.698	2429.98	871.8749
2943.9973	877.3672	2775.9844	876.1427
151.00279	614.84	204.02153	615.76355
148.99565	476.47443	212.99945	477.0604
499.00018	914.4801	437.99982	914.50256
815.48346	521.9677	816.98413	497.93655
913.0371	998.9842	937.0416	999.8614
925.004	480.74554	999.00134	481.91486
962.9997	567.3635	938.99884	567.34265
964.9827	523.96655	965.67316	502.9564
1047.9917	525.8248	1072.9905	525.6491
1284.0054	999.65674	1308.0151	1000.0332
1305.9977	568.11066	1326.0001	568.0591
1312.994	963.62115	1335.9937	963.5217
2428.0	586.1212	2455.0	586.1248
2958.0063	863.2806	2761.9863	861.5476
0.9796076	209.32498	43.99847	212.02438
131.98799	197.17001	103.986465	195.19151
234.01079	159.69585	152.97089	156.82051
309.98813	465.92828	131.97888	463.64993
287.04337	147.995	331.95972	149.93323
465.82492	558.9117	467.7793	532.90826
441.9984	911.8305	498.99966	911.75336
704.9955	620.114	730.9999	619.9814
776.99646	858.4817	597.99146	857.1676
995.00024	1000.0517	1018.00024	1000.0571
1223.0415	625.734	1249.0464	626.58716
1558.0022	573.4957	1580.0061	573.5918
1586.9834	573.7542	1607.0065	573.48755
1738.0092	604.5869	1759.021	605.0516
2533.971	285.7767	2510.0046	284.87775
2787.0063	930.7485	2843.005	931.03406
3070.1584	820.38824	3012.3887	843.95276
66.02452	188.17815	90.03298	188.89436
184.56793	514.82996	186.17279	491.87225
233.99326	527.6352	294.00772	528.27313
359.0081	958.3436	413.0122	959.00934
517.00183	854.73773	336.98965	853.48157
463.66464	586.87573	465.98825	561.9058
676.00464	619.5456	703.00183	619.81946
1043.5142	564.9925	1043.9012	539.983
1479.0369	629.5312	1504.0211	630.1584
1508.9862	966.6654	1532.0044	966.42804
1587.0288	602.5374	1608.001	602.9501
2121.0005	580.95447	2142.009	581.1916
2438.9978	878.119	2507.0112	879.3959
2445.0015	973.8195	2499.0015	973.89087
2668.991	304.59055	2704.9954	303.79474
2856.012	1052.3776	2799.9941	1051.3026
2817.9963	1436.6901	2868.0056	1436.961
0.99916863	553.7962	38.994457	553.64124
122.08219	203.68074	85.90537	194.36757
215.98982	474.78976	147.00128	473.90024
177.01099	185.53792	252.01613	187.32214
439.005	996.44446	494.00955	996.9397
434.00052	1033.712	491.0021	1033.8134
614.9882	216.31372	673.01886	218.49829
605.0004	864.30597	683.00165	864.20044
677.99146	881.58044	652.9821	881.211
1023.0038	1000.2938	1047.0032	1000.4234
1277.0001	568.0343	1298.0001	568.03784
1560.0	1002.9917	1582.0044	1003.0984
1845.9915	969.224	1868.9888	968.9719
2612.997	859.36084	2414.9937	857.7801
2631.0022	1265.7845	2454.0034	1266.2661
2873.0178	1013.47595	2923.011	1014.05786
29.003643	615.8503	0.99589044	615.16895
164.99712	959.4463	105.98663	959.0642
516.02264	558.93304	516.8683	533.9617
704.4861	559.9703	705.9347	534.93835
765.9944	867.9157	695.997	867.4843
1194.999	625.7095	1219.9956	625.62915
1274.0133	626.67334	1300.0106	626.9331
1282.9631	963.71075	1306.9722	963.0244
1439.0807	22.828411	1416.0522	21.241228
1510.0093	600.6249	1530.0217	601.11725
1818.0046	969.01587	1841.0042	969.124
1843.0063	606.28406	1864.0137	606.4715
2170.0012	1431.9182	2194.0012	1431.9458
2780.0168	271.3444	2756.9954	271.63458
2769.0037	590.0985	2794.0032	590.20044
2777.006	1080.4529	2976.0146	1082.7103
2898.991	315.31763	2762.9597	311.39938
2800.0186	1048.8193	2851.0059	1049.6244
38.91967	557.7238	0.95551205	555.9547
102.03054	221.93779	174.99896	224.03595
182.9982	585.7664	207.9967	585.5731
465.9998	561.35144	410.99915	561.31616
599.9963	268.311	628.0042	268.64703
1281.0131	1036.9904	1336.0168	1037.7023
2222.9995	1432.1244	2276.9995	1432.0913
2776.022	647.8304	2824.024	648.73456
2977.0056	1255.4908	2782.9849	1253.3926
2871.0002	978.1091	2920.0002	978.1216
471.00015	1487.9177	350.99872	1487.6964
564.9876	468.26822	388.98486	466.54913
503.019	171.41039	542.0107	172.66823
521.9972	519.7998	547.992	519.43274
545.52386	559.97253	547.0259	533.9438
621.01263	912.9947	677.0038	913.69934
620.01416	960.58014	647.0115	960.84906
817.00165	524.6024	757.99854	524.3572
963.57404	563.9391	964.685	537.9438
936.01117	622.4509	991.0087	623.5717
1071.0067	568.5162	1046.9835	568.1822
1197.0027	526.8459	1250.0214	527.757
1610.9994	971.0241	1586.965	970.4386
1765.0369	604.937	1787.045	605.6999
2133.0005	1007.1086	2158.0002	1007.1189
2202.9958	876.8795	2273.004	877.2189
2499.9995	977.34814	2444.9983	977.278
2456.9912	586.27057	2478.988	586.0065
2586.0059	1049.5708	2528.9893	1048.7974
2814.0146	1401.1707	2842.0059	1401.6614
2895.0002	1401.7759	2942.002	1401.8508
2897.0022	1436.8486	2945.002	1436.9427
104.969604	173.64723	60.02177	171.5364
103.99167	1311.5902	138.99881	1312.0844
418.0018	920.6958	378.99948	920.7975
547.9973	627.50507	383.99127	628.40283
700.00006	998.1146	753.00006	998.1179
1070.9678	597.94006	1045.9629	597.08185
1248.0176	570.57025	1226.9839	570.3125
1302.0093	627.04297	1328.0068	627.2938
1560.0066	966.5326	1583.0161	966.85803
1814.9966	606.08527	1835.9962	606.0057
2122.0024	610.5658	2170.0066	610.8419
2432.015	643.82153	2484.0066	644.4798
2497.993	1318.119	2521.9912	1317.9232
2554.9917	1010.2892	2577.9885	1010.0212
2580.988	1318.2906	2602.9988	1317.9225
0.98452705	642.29224	51.013275	642.89124
153.99365	526.36346	215.00996	527.4297
102.99976	643.0165	310.01477	645.9609
395.99707	469.32086	561.0016	470.8258
588.0017	249.40366	549.00244	249.56963
672.9992	1001.33405	616.9972	1001.20294
756.9989	526.8698	815.99884	526.9423
812.7003	589.9869	815.0669	535.9591
891.997	298.20184	1403.0183	305.7614
1080.0092	634.783	918.99567	633.57764
991.997	567.47504	966.9917	567.3181
969.0019	564.0969	991.00183	564.14343
995.02405	915.66705	1050.0242	916.6592
1220.6694	596.99036	1222.2739	541.9788
1300.0073	600.37115	1275.9973	600.50006
1767.9838	1004.87555	1790.9934	1004.5437
2169.9983	585.09344	2119.9788	584.23883
2468.0042	1317.6936	2496.0127	1318.0754
2533.0178	586.6576	2554.0142	586.93677
2790.9392	976.0976	2844.0105	977.6381
2782.001	881.942	2852.9956	883.24316
2870.9934	591.9368	2893.9924	591.79474
89.01828	191.65027	60.93819	190.18245
237.99968	1033.9581	178.99548	1034.408
293.99738	530.41364	266.9921	530.24146
544.0106	587.9467	545.4128	561.9145
365.01352	645.6422	568.0133	647.6627
994.833	524.99243	995.88055	501.9491
1181.9941	483.73465	1256.9974	484.32755
1439.0853	55.644344	1414.992	54.12772
1467.0133	110.164375	1472.9714	0.9438885
1819.0076	1005.3625	1842.0043	1005.63635
2223.0059	582.7288	2245.0054	582.83124
2236.985	972.956	2262.98	972.58813
2450.0122	1045.7162	2505.0073	1046.2408
2447.0017	1009.6465	2501.0054	1009.9116
2780.0073	296.80627	2831.0098	298.7443
2843.9915	1401.7844	2864.9905	1401.6381
2874.992	620.23615	2894.9895	620.0235
2964.003	1269.5635	2796.9902	1268.4424
2878.0032	1049.8397	2928.003	1049.9807
42.959488	218.70978	0.9251981	216.31049
0.95147073	514.99475	42.00551	515.66003
86.96136	199.6924	53.952557	197.85004
242.99997	997.1556	184.9995	997.1419
192.99524	908.8449	251.0025	908.60596
296.99124	481.4917	230.98766	481.1047
317.98337	151.43413	282.9964	150.09428
332.90753	749.98016	329.03915	768.0084
440.00934	959.07404	496.01373	959.6397
737.0027	485.86627	672.9959	485.71472
703.2007	589.9643	704.3195	564.9249
733.05707	589.00287	735.7786	534.93854
962.472	592.93677	963.5067	567.9382
1276.9954	597.1652	1298.0002	597.0485
1305.0022	597.34265	1326.0052	597.4115
1846.9979	1005.6515	1869.9912	1005.51514
2220.0032	1349.6538	2275.0076	1350.1517
2430.0217	614.6235	2455.0154	615.01776
2799.983	1053.9843	2858.9824	1055.0126
2920.0012	503.8768	2754.9878	502.2399
57.951447	245.04822	0.9810345	242.40945
263.00043	530.0462	238.01186	530.27814
482.9835	474.986	558.99567	476.2594
614.02704	1034.5139	671.0082	1035.55
782.94324	590.96027	785.0111	535.9628
1041.3323	622.9776	1043.1763	567.9389
1090.9924	475.59195	917.9823	473.39743
1507.9967	1002.611	1531.9989	1002.5547
1557.0009	631.7346	1580.0038	631.8066
2225.008	611.6887	2246.0073	611.8167
2459.0193	614.73474	2480.0144	615.0532
2502.0012	1012.84894	2448.0015	1012.9307
2753.0435	303.32312	2715.0007	304.03326
2866.0002	1404.9817	2813.9856	1404.4791
2824.9949	1477.9093	2877.0046	1478.2062
2944.0022	1404.9375	2893.005	1405.0588
3070.4407	833.9984	3070.0264	979.99725
30.987957	586.5198	5.0019073	585.91766
100.00045	1030.6426	154.00163	1030.711
247.00803	959.5217	189.00436	959.8275
265.99768	853.3156	82.99285	851.97864
299.00397	475.66342	229.98997	474.84695
302.99625	470.39725	237.00215	469.77295
419.00577	913.9459	389.9957	913.7868
436.10977	556.942	437.67444	532.9137
493.97894	1000.4076	437.97653	999.5702
729.99603	961.2088	754.9905	961.08435
752.99915	478.0478	825.9942	479.33044
1020.0035	525.47845	1043.0092	525.63275
1016.00104	623.63617	1042.0035	623.7085
1192.0125	867.15283	1264.9819	868.2277
1442.1843	0.98506427	1439.6566	139.03033
1736.0253	633.96344	1760.0354	634.5477
2466.987	894.9524	2444.9775	894.6544
2611.002	1402.4171	2554.0034	1402.6919
2894.994	594.97595	2871.9949	594.831
2953.0022	1475.4083	2903.9956	1475.2296
227.9987	472.08124	302.9956	473.2761
315.00882	120.53225	279.98358	119.872765
356.00287	995.6307	411.0073	996.05676
434.31973	586.9027	435.70807	562.9252
647.0033	911.9422	648.8024	880.93054
610.9929	869.3652	680.9962	869.7278
704.98645	534.70056	680.9761	534.2353
697.0023	1035.4203	753.0014	1035.6464
781.3634	619.9209	782.57135	594.93097
786.08185	520.97296	786.7597	497.96347
1201.0024	999.58466	1227.0024	999.62994
1230.9833	962.8504	1254.9783	962.50244
1307.5763	963.9878	1307.8595	930.99023
1766.992	576.6656	1786.0033	576.55005
2419.9956	504.62662	2490.9922	505.11594
2449.9915	1050.9943	2510.0042	1051.5065
2427.0	1077.9955	2628.011	1079.7222
2750.0493	253.44292	2716.6833	257.15063
2773.0205	618.45087	2796.026	619.30786
2849.0066	939.7869	2788.003	939.451
2808.0193	1319.8815	2835.0112	1320.3478
2901.9966	1477.9122	2955.0032	1478.1056
3070.989	1629.3596	2710.0037	1630.8768
55.99172	462.76074	0.9873504	462.16193
206.98517	588.96576	152.98254	588.13617
407.00626	1036.2959	348.00204	1035.7714
423.00345	273.77188	352.00455	272.69858
546.7955	518.6045	553.066	483.653
817.00244	631.68274	656.9966	630.4458
1252.4175	527.99536	1252.5923	505.98883
1305.0006	528.6398	1330.0022	528.6825
1453.8796	27.925701	1465.0237	28.62192
1581.2341	535.00793	1580.9648	509.0107
1557.0015	919.73505	1612.0015	919.8004
1815.0002	576.9611	1835.0052	577.07556
1840.0098	538.2715	1864.0189	538.59503
2138.0103	1396.1288	2193.0144	1396.7765
2465.9624	145.04225	2477.024	144.60811
2526.006	1010.0801	2554.005	1010.2685
2815.996	527.14136	2793.985	526.54974
2799.004	590.6742	2819.0037	590.7321
2944.002	1358.079	2896.998	1357.9811
3069.1592	1290.0546	3050.9585	1291.4639
0.9207919	244.63795	48.95354	246.96072
10.011533	240.67084	58.02267	242.353
110.00164	908.49084	168.00104	908.6776
214.99861	481.0691	151.96384	479.80933
123.987076	454.81256	317.98572	457.89752
359.98242	150.81708	422.99628	152.17363
467.71188	516.7879	474.95108	472.82727
832.0028	471.80054	656.98126	469.3216
739.0002	523.515	678.0002	523.4918
735.20764	519.69385	742.68024	475.94537
966.9792	1003.5453	911.9757	1002.8038
914.0032	962.60693	967.00287	962.7271
991.77576	622.9921	994.75806	537.9564
996.00854	963.00134	1020.0068	963.20605
1071.3215	624.0107	1074.1765	537.9395
1275.9967	528.5214	1298.9956	528.3638
1413.8718	57.72529	1439.104	59.600643
1530.0216	604.9379	1508.9694	604.5108
1608.0042	577.6333	1586.984	577.3921
1869.9923	972.8611	1817.9875	972.39636
1814.0143	635.0598	1838.0238	635.42303
2250.0066	1314.83	2272.0059	1314.9518
2556.9973	619.346	2533.9907	619.16486
2537.012	615.50714	2556.025	615.96466
2876.0012	1475.2415	2828.0012	1475.1681
2934.0	1052.5004	2879.0	1052.5043
218.6085	906.9703	220.89124	876.9158
322.9641	453.21686	118.96902	449.91312
250.9914	876.6981	224.99535	876.37787
256.72702	614.07166	259.1077	589.91205
345.01212	273.4175	268.9826	271.83804
421.99326	243.55472	365.98938	242.87482
472.99988	472.0437	396.99765	471.8293
380.986	458.27118	573.0068	460.3873
617.98126	917.9467	679.9965	919.1745
755.9991	620.71075	782.9988	620.6249
587.99567	848.4961	785.99805	850.22455
810.72626	619.98615	811.9405	595.9465
1300.7972	528.01654	1300.5223	508.02032
1329.3483	627.0038	1330.2726	541.97034
1415.9269	25.110062	1439.0898	26.635113
1608.0273	606.96954	1586.9626	606.4113
1586.0111	632.2646	1609.0209	632.61115
1759.9932	608.7444	1736.986	608.534
1793.0038	881.38025	1736.9937	881.0351
1763.9872	634.8164	1788.9843	634.5454
1817.0006	1041.7336	1873.0024	1041.855
2137.033	1313.9265	2162.04	1314.6946
2163.0356	1006.891	2184.0461	1007.5678
2146.9966	640.7891	2173.9895	640.34924
2197.0085	1353.1992	2137.0046	1352.5657
2472.0	1399.0094	2526.0027	1399.1909
2509.0002	644.76337	2560.001	644.80554
2525.9995	974.17017	2575.9995	974.144
2931.0054	491.3879	2740.9937	489.73938
2799.9993	619.1558	2820.999	619.1349
2886.999	1320.1956	2933.999	1320.1448
0.9853024	464.66696	53.9816	465.83484
60.99902	257.08322	31.99127	256.74182
182.99669	1031.6566	246.00049	1031.05
432.06348	615.9336	433.76627	591.91254
961.4674	621.9217	962.74384	596.93585
936.9897	528.7982	996.9926	529.5736
1023.00116	963.52655	1048.0035	963.58936
1466.0511	24.918612	1452.9858	24.300673
1479.0286	918.6439	1533.0256	919.78204
1503.5072	1037.9973	1503.673	1006.9929
1582.9974	970.56067	1558.9933	970.4497
1739.0039	1004.65466	1765.0037	1004.72943
2132.9897	971.4067	2155.9832	971.01263
2121.0024	875.8495	2194.9995	877.03186
2224.0132	1467.89	2280.0054	1468.5513
2522.9983	1321.3372	2466.9973	1321.2694
2579.9988	1013.4236	2525.9966	1013.278
2812.0068	898.7788	2787.9678	898.0247
2847.9985	1016.34143	2794.995	1016.10455
2809.9849	1354.6096	2863.0017	1355.9307
2837.9905	1320.3512	2857.9863	1320.0608
2852.0088	648.62616	2899.006	649.74066
43.02308	523.2881	0.9700204	521.92474
290.0014	626.05505	125.998795	625.8113
288.0003	589.31494	235.00136	589.3677
344.0086	1466.1349	356.0235	1465.3682
384.9804	925.5818	358.97623	924.7058
428.97012	198.52824	373.0922	195.36932
496.00162	962.79395	438.98944	962.3464
502.00095	226.92589	538.0079	227.38617
991.0032	1037.3835	1047.0068	1037.6708
1043.004	597.29346	1018.00116	597.3714
1221.0002	599.3833	1197.0002	599.39636
1349.0016	478.9174	1176.9691	475.60297
1335.9976	1003.8774	1309.9951	1003.80634
1480.9966	600.4793	1502.0099	600.63104
1503.5848	630.99677	1503.7797	545.9972
1558.0001	602.58704	1580.0005	602.59436
1841.9987	635.67126	1865.9944	635.5758
2580.004	937.0409	2519.9968	936.8031
2890.979	528.29236	2867.985	527.9166
0.9827286	482.6814	42.057728	483.72253
41.990673	488.24954	16.9509	487.3135
290.97238	555.91345	293.07773	530.9223
410.9937	999.4524	352.9771	998.6461
513.9536	587.9352	515.5001	562.96906
681.5991	497.99078	681.0914	520.04816
997.00824	490.58945	933.97345	489.32797
1299.5018	598.97363	1300.5044	541.9737
1555.9966	871.4365	1624.0002	871.96985
1767.9952	968.71765	1789.9987	968.6364
2500.0186	547.6673	2554.008	548.42004
2844.9993	980.40326	2792.9993	980.29474
2925.008	940.9446	2865.9963	940.4919
3020.1453	1109.6526	3070.753	1098.3811
190.84792	1210.447	207.00122	1206.0044
259.22168	585.9476	260.9066	560.9264
857.99347	302.4037	8.941059	288.6345
758.93805	535.0772	755.55206	620.0618
787.5786	565.02795	786.32184	591.0638
1009.94385	626.06305	1013.96924	501.93414
1013.98645	481.8559	1083.0007	482.95035
1074.0382	525.9416	1075.4369	502.9051
1255.0044	493.8029	1191.9689	492.40332
1201.996	915.6285	1227.993	915.3504
1440.0424	87.30297	1412.0242	85.60141
1557.0004	1039.6888	1613.0016	1039.7599
1766.0009	921.728	1791.0009	921.7451
1841.9882	577.6414	1863.9866	577.4503
2150.03	581.17444	2168.0425	581.8306
2183.9922	975.2017	2160.9495	974.32214
2209.996	1008.76666	2263.9954	1008.5919
2235.9893	926.2649	2260.9841	925.9033
2521.003	927.6287	2576.0073	928.0584
2551.997	1353.2866	2607.9963	1353.0635
2787.0012	893.624	2840.9973	893.79803
2846.0098	933.8498	2787.997	933.3543
2783.0037	309.746	2832.0078	310.47427
2935.011	340.03043	2822.0034	340.64163
2924.0002	1016.941	2873.9963	1016.6511
2902.0046	1472.377	2949.002	1472.7285
3070.5103	662.00006	3070.5188	799.0
350.00778	1033.0204	407.00418	1033.4727
489.00748	1036.937	430.00336	1036.5222
512.27496	616.95685	513.764	591.92645
756.0038	964.3113	701.99963	964.9674
732.9852	913.9703	758.9799	913.5978
914.02405	914.979	940.00964	915.59125
939.5427	501.01355	938.9682	524.0242
1298.9999	571.3888	1276.9998	571.38416
1473.0499	1014.012	1473.9799	932.9883
1479.0208	532.09094	1503.031	532.6377
1504.1935	533.00726	1503.9692	508.00925
1530.0321	576.4216	1508.9305	575.2495
1611.0034	1007.026	1558.9937	1006.8465
1584.998	534.6212	1608.9974	534.4998
1731.9872	872.8655	1798.0023	873.8416
1737.0032	921.5014	1763.0084	921.66437
1765.0123	1008.3086	1739.9957	1008.54443
1792.0038	1008.5814	1766.9968	1008.35406
2157.01	974.4384	2131.024	975.0375
2507.0002	1048.5361	2449.9998	1048.499
2552.0037	1318.0164	2576.0032	1318.1029
2977.0002	1493.9457	2817.996	1493.5363
2896.0034	623.4542	2850.9924	623.16675
48.977913	467.9722	0.97996795	466.88177
36.999382	836.5908	0.9979514	836.64526
1.0064431	195.90648	44.00902	198.86902
73.96974	224.44781	42.04794	222.29063
106.99997	913.6255	164.99997	913.628
244.79572	953.9786	247.94963	923.8899
408.99683	529.4564	464.00113	529.8374
438.8341	516.92163	440.31537	494.88675
647.9945	881.4774	622.9863	881.18945
750.03394	623.0451	755.5782	496.02524
1048.9673	967.4339	994.9954	966.2015
1104.991	464.4616	905.98883	460.57047
1189.4281	627.0319	1192.1786	503.98163
1228.9744	999.9436	1253.984	999.3377
1250.3214	626.0061	1251.9475	539.9801
1308.3668	915.95105	1309.3265	883.9498
1808.9904	494.7988	1874.0171	495.58023
1843.003	1009.15985	1818.003	1009.1946
2162.0344	970.96356	2184.0435	971.69495
2220.009	1314.5502	2246.0186	1315.0681
2211.0	1045.2793	2266.0	1045.2864
2220.9998	1396.727	2275.9985	1396.664
2443.0112	926.74866	2498.0068	927.24066
2501.001	930.0329	2442.999	929.9771
2793.9978	593.4484	2768.9934	593.3226
2920.9993	981.35956	2869.9995	981.26965
107.97225	236.85306	155.01729	235.71492
166.01012	843.3868	274.99698	845.18396
244.9903	467.6494	307.99115	468.59158
469.9994	477.51508	402.99948	477.43692
468.99283	532.55865	440.99744	532.1994
408.9607	490.29062	470.0204	488.88626
656.39404	470.0216	647.89905	624.99445
679.56995	533.9797	675.5518	619.0733
997.00745	533.35516	935.0136	534.652
939.8579	913.9601	940.9071	883.9618
1011.9905	100.71615	1093.0027	101.7966
1255.0054	966.597	1230.983	966.2789
1532.9967	1006.5111	1478.9862	1006.1669
1502.0013	575.4976	1480.9963	575.4439
1581.3793	632.0016	1581.1635	547.9996
1791.0026	972.5489	1766.9922	972.4156
2212.0051	972.50275	2235.0027	972.7409
2528.0002	1402.4198	2472.0002	1402.4432
2520.006	879.4564	2590.0085	880.2384
2579.0105	930.8597	2519.9878	930.31384
2579.0027	498.71613	2412.989	497.20877
2756.9814	257.76743	2780.0063	257.41974
2863.9734	527.88214	2842.9624	527.25085
161.0029	996.6522	101.99033	996.161
495.20184	958.954	496.99042	927.9418
675.00006	964.30896	620.0	964.31165
680.0081	916.53345	618.0095	915.45374
731.2333	618.95465	732.655	594.9204
940.98926	999.7759	965.9873	999.5566
1017.9566	537.9676	1015.31506	623.04083
1077.0002	535.9468	1015.9834	535.67065
1202.0135	962.491	1227.0116	962.7159
1309.0669	966.52325	1283.073	967.6642
1312.0048	916.4299	1338.0112	916.64575
1471.9979	870.9686	1540.9998	871.11884
2185.0022	1010.6908	2131.991	1010.3312
2505.991	881.6991	2438.9893	880.8298
2480.9983	589.44336	2427.995	589.2346
2504.0066	586.7623	2527.006	586.88696
2505.9858	1434.8876	2528.9822	1434.596
2577.999	977.44354	2523.997	977.32385
2586.9973	1399.1472	2608.9973	1399.081
2831.009	1289.6067	2809.974	1289.1245
2860.0	1323.3564	2808.9998	1323.3502
3069.861	640.63727	2984.6958	685.42145
166.99744	911.4982	106.99902	911.1887
278.99435	838.7844	68.998024	837.2754
179.00735	1037.033	237.00441	1036.6202
220.98804	876.6697	194.97847	876.20483
255.00305	1257.7983	78.99657	1257.3518
214.8393	509.98276	219.13583	469.90735
385.39856	910.9681	387.0463	879.8964
525.9893	840.69965	321.9911	839.41705
472.264	1345.0735	473.19785	1329.0115
696.012	278.95828	621.98724	278.1046
679.9976	872.6324	613.99475	872.3814
756.9966	1243.5868	526.0045	1242.2306
905.0036	866.9912	972.9992	867.23224
942.99713	915.7986	968.9918	915.4277
1050.5145	915.9472	1054.786	876.65063
1225.4148	1035.9911	1225.9199	1002.9682
1260.999	876.09454	1197.9852	875.45026
1461.0404	108.490524	1444.9828	107.21649
1474.2694	534.9932	1473.6385	509.9839
1503.6426	1002.9884	1503.9156	970.9907
1613.4163	1040.0004	1613.3942	933.99994
1787.9703	609.65875	1764.927	608.6218
2285.9841	870.73975	2113.9893	869.1796
2408.9995	671.6009	2529.9995	671.4876
2530.999	618.49805	2506.999	618.4487
2559.9978	1434.5249	2613.0054	1434.7537
2821.9968	622.43207	2798.991	622.2694
2819.989	594.34064	2797.9905	594.1597
2848.0051	620.0483	2870.0046	620.1682
0.4068431	131.17438	18.439184	118.21938
34.005753	204.86374	0.9801832	203.46936
10.82747	511.9854	12.862177	487.90387
498.97754	923.7368	438.9617	922.96063
541.9938	621.55273	484.00116	620.89777
644.8294	959.95514	646.0549	927.9638
967.9978	524.8042	991.9948	524.53644
1222.2374	525.97675	1222.8477	505.96487
1157.9978	654.17053	1361.003	656.7592
1501.6614	281.89008	1500.6029	265.89395
1757.9979	580.0852	1737.9618	579.6087
2197.0408	581.9918	2217.0486	582.80334
2212.03	548.19324	2244.7095	543.1266
2195.9998	640.6791	2248.9998	640.67004
2441.0073	883.69196	2503.0054	884.04376
2610.9998	1355.9535	2568.9958	1356.1588
2613.0002	1438.1636	2559.0	1438.1794
2850.9927	885.6032	2783.9905	884.80194
3068.1182	1028.929	3071.1719	1076.9891
3071.7498	1077.6786	3019.1128	1094.3557
1.7150406	612.03107	2.8068848	586.9047
314.1682	773.54285	290.29178	780.9416
468.1405	909.95074	469.85974	879.9347
518.42053	517.9803	519.2049	494.9389
671.0062	1038.285	610.0108	1037.7549
789.9947	844.45746	583.98755	842.0759
933.9766	533.04755	935.5409	500.92892
1019.02637	501.00235	1018.97125	525.0045
1204.0004	1625.4589	976.00055	1625.6578
1307.3734	999.9939	1307.6934	966.9873
1327.0055	571.47424	1305.9868	571.2532
1335.9895	967.5809	1310.9617	967.1304
1430.0239	106.67436	1412.9934	106.36679
1579.9961	577.48083	1557.9895	577.30475
1580.004	606.4604	1557.9987	606.52045
1611.0776	633.00354	1610.7457	547.0048
1760.8997	606.0286	1759.4683	551.01385
1836.0002	580.98785	1814.9746	580.6674
1816.0052	922.2766	1870.0098	922.6715
2170.0083	614.2948	2149.9875	614.0617
2297.9897	1263.4757	2120.9983	1262.2574
2646.0034	1251.9067	2438.996	1251.2649
2425.9978	547.322	2478.0022	547.6788
2787.99	935.66254	2848.0215	936.5641
152.98885	1033.9095	96.00969	1033.2103
214.9975	529.53815	156.99411	529.26917
190.999	1312.0808	238.00003	1312.0295
248.98447	1099.083	236.84796	1096.8127
261.5884	554.97266	263.18427	530.9458
311.8434	642.9909	322.90292	452.93616
413.00012	1066.9924	515.0053	1068.679
742.00085	1257.5702	559.9976	1257.2075
690.0647	224.19681	675.99493	223.06306
675.98865	493.18033	737.00464	492.3358
722.6087	1033.9791	724.3243	1001.91034
1231.9982	915.687	1256.9972	915.5366
1299.386	625.9917	1299.724	600.9827
1432.6998	141.03065	1434.8499	91.949615
1502.004	604.44476	1480.9987	604.5042
1582.7146	968.0034	1582.6244	934.00366
1870.0085	1009.4946	1845.9648	1009.09076
2365.0195	1670.1675	2117.0217	1674.2986
2475.0151	1434.313	2501.0024	1434.8862
2532.0269	1364.4314	2470.9734	1365.5807
2572.9841	895.6999	2548.9739	895.1585
2816.994	340.31088	2356.9573	331.14603
2672.0005	1631.1732	2488.0015	1631.5988
2639.9995	296.45062	2690.0002	296.4129
2923.0037	934.50824	2863.992	934.05853
13.051481	487.22293	0.9466435	487.7325
190.00165	1047.7405	72.98729	1046.9952
412.98825	962.56915	355.99188	961.3936
407.7216	591.0438	406.13757	617.1298
442.0074	1684.9357	384.99515	1685.3866
549.0075	522.0051	490.00333	521.5593
701.41785	618.9058	702.90454	593.93475
754.99976	1001.4182	698.99927	1001.3876
728.9988	882.0732	704.9724	881.67865
690.9991	1040.974	754.0009	1041.0326
647.9837	461.3183	843.0034	463.72488
571.0044	1068.0706	782.0044	1069.0718
754.9961	493.11786	817.99884	493.3371
1019.3208	962.93335	1020.5907	930.94403
1339.0087	638.3327	1180.9963	636.27954
1330.3439	529.01215	1331.1206	506.96902
1517.6523	299.08115	1519.1527	287.019
1506.9901	630.71704	1531.9886	630.52405
1582.6848	1004.0033	1582.6016	971.001
1790.9812	889.76495	1766.9712	889.1766
2280.9988	483.0813	2088.9993	480.04953
2312.996	1249.4232	2105.986	1247.4855
2132.9985	1043.8013	2187.9983	1043.7308
2140.0034	1467.526	2196.0078	1467.928
2265.0068	1011.99457	2211.0093	1012.3593
2591.0042	485.20816	2399.999	484.18646
2706.9746	247.07834	2720.0144	247.38573
2866.0002	882.98956	2932.9968	884.18
2878.9983	1054.9304	2935.0017	1055.03
3071.0835	1554.6737	3055.9546	1553.7202
0.99024403	453.95163	64.99377	454.6078
180.00017	859.95026	236.99957	860.134
428.00006	861.9758	498.00192	862.1317
710.98	496.99933	710.1807	521.03925
846.00134	458.89813	643.98395	456.20633
1047.7303	1036.9904	1051.5448	929.98376
1068.9983	861.23676	892.00006	859.9876
1076.9927	491.4303	1014.01086	490.36093
1219.9587	625.9661	1220.8044	599.9611
1258.3729	916.01025	1259.2535	883.9795
1312.0168	290.33517	1223.972	288.1021
1306.9984	1003.85065	1281.9966	1003.803
1621.9911	643.54114	1468.9832	641.02423
1504.2919	965.9923	1504.6387	933.9852
1739.0087	1041.1604	1793.0133	1041.7189
2166.9863	1314.7695	2189.9946	1314.5118
2278.005	1353.12	2218.9897	1352.785
2495.0046	894.77313	2472.9727	894.3131
2532.0127	671.572	2602.0103	673.65424
2761.9966	509.2101	2830.995	510.3096
2869.003	1440.3423	2820.0032	1440.4492
2890.0022	1354.8087	2940.007	1355.3519
2979.9016	441.86237	3052.7988	389.71893
53.001022	188.94226	27.991158	188.49957
214.98857	955.9384	216.93808	923.9353
249.98273	920.92444	188.9697	920.377
417.2263	1519.1517	393.47195	1544.4432
415.94827	167.75009	473.9567	169.46474
480.2396	621.0794	488.3253	494.8927
491.37057	532.1394	486.31342	618.13605
549.9972	253.37549	514.00665	253.1074
542.2965	617.98486	542.8353	592.9534
671.08453	1034.067	673.13104	1000.9463
676.1659	912.4849	685.3938	861.70807
702.9896	913.8219	727.99646	913.6013
753.1444	1034.9541	758.88446	927.9402
1047.9843	1004.194	993.98047	1003.48193
1050.9958	884.56396	1025.99	884.38226
1253.9926	537.92554	1193.9802	537.43896
1504.6371	919.0014	1504.6027	886.0004
1507.9929	532.67084	1531.9923	532.544
1885.9789	488.5369	1717.9832	486.22684
1930.7771	1370.6642	1923.2522	1398.0692
2269.0022	494.85138	2102.9788	492.4939
2298.0024	856.6451	2099.9912	855.291
2259.9744	893.8093	2236.9658	893.0792
2272.9988	1318.4487	2248.9966	1318.3889
2442.2065	892.98553	2444.5107	925.9643
2449.7144	1013.96124	2451.3962	1044.9785
2824.0042	1472.2397	2872.0027	1472.5027
2848.001	590.95184	2869.0127	591.38257
2935.999	1323.3685	2886.9968	1323.2418
3062.0002	1641.9752	2757.993	1640.242
106.99348	225.2572	77.98677	224.52133
136.24617	906.863	138.66594	875.89575
176.15674	613.9364	177.96855	589.9222
181.16402	554.94763	182.66937	530.9166
248.99973	911.47974	189.99974	911.44556
269.76144	492.0528	268.09586	516.076
433.00967	1505.5599	489.02658	1506.7897
660.98236	251.57594	595.98206	249.58617
642.74207	996.9329	644.44904	964.9173
688.99786	270.1381	731.00336	270.78043
1195.6674	539.0324	1193.9961	625.03876
1341.0005	876.47504	1279.9987	876.4181
1162.0024	1070.254	1370.0035	1070.9489
1447.0177	657.0862	1644.0214	660.89185
1505.0005	969.9537	1480.0	969.9677
1533.3428	533.0028	1533.5486	507.99628
1582.9843	919.00806	1582.7303	887.00214
2146.01	614.21985	2122.0034	614.41656
2529.0125	1046.095	2581.0164	1046.8035
2638.001	1491.6539	2475.9966	1491.1858
2788.9907	941.85345	2848.9946	942.4978
2915.9993	899.43176	2891.9993	899.39276
2800.997	1509.8591	2996.9983	1509.344
188.99995	913.9916	247.00357	913.692
240.32115	493.94724	238.6746	515.1302
387.00757	878.56793	360.99887	878.91455
577.9968	455.21848	375.9813	452.29147
550.99536	484.46732	485.99185	483.82153
498.07144	910.84436	500.73007	877.8975
669.3343	624.0636	675.483	495.07068
729.00037	1388.3948	558.0005	1388.553
940.99713	883.5839	915.9928	883.4607
938.38855	537.0144	935.2426	622.04596
1516.998	311.13046	891.9894	301.70276
1175.4551	481.98697	1171.9172	630.0219
1358.0024	861.71533	1181.9896	860.213
1333.0037	494.81555	1271.9681	493.59613
1308.0199	884.5041	1285.0107	884.80835
1282.9976	916.58276	1307.9967	916.4378
1338.4291	916.02936	1340.7727	881.7792
1459.7294	490.998	1458.6661	634.00494
1630.0028	484.88513	1461.9795	480.85275
1467.987	488.66605	1539.9792	490.06555
1508.4335	885.99133	1508.6274	918.0083
1610.42	534.0014	1610.5023	508.99835
1735.0548	536.495	1760.0217	537.40436
1869.9976	504.48398	1810.994	504.1825
1867.7527	636.0227	1866.2067	551.0144
2470.002	1352.5323	2527.0051	1352.7635
2521.9944	1286.7081	2497.9958	1286.5142
2556.0083	1399.0529	2583.006	1399.2865
2520.9937	932.25165	2579.0325	933.7261
2603.9946	1321.4805	2579.9863	1321.2081
2768.9858	521.44366	2814.0356	522.879
2840.0007	898.56085	2815.999	898.5145
2866.0046	1358.4736	2813.991	1358.0072
2843.9922	522.25824	2891.0103	523.6599
143.19958	619.0963	153.6368	489.13144
153.97209	486.83353	213.98558	485.3974
211.22423	556.8903	212.82776	530.9276
412.67703	958.9762	415.11362	925.93463
342.00082	845.8024	521.00073	845.92596
565.9889	208.65671	603.01215	209.28284
534.9974	1406.5059	747.99677	1405.384
634.0099	647.43036	838.01794	650.9665
1021.3464	915.99084	1021.7952	883.9831
1404.9926	292.3445	1313.9487	290.38562
1172.9894	852.00726	1368.0099	854.05347
1533.3794	631.00055	1533.4999	544.9979
1786.0038	580.4977	1766.9897	580.35376
2192.976	1400.2883	2137.9766	1399.2621
2129.004	924.525	2184.0085	924.9859
2219.996	615.193	2197.9846	614.7347
2505.9583	615.66565	2528.967	614.9451
2843.9973	944.60693	2789.994	944.36316
2870.0005	594.3632	2845.0002	594.372
3057.1802	375.25867	2967.7007	437.5703
133.00018	1628.842	31.999166	1628.7263
129.01385	256.66476	91.997086	256.28046
160.16107	491.9362	158.47415	514.1121
196.00125	871.8636	251.0058	872.3702
228.99637	477.41248	298.99094	478.02908
382.0919	957.0071	384.48343	925.8835
414.301	495.0127	413.32928	518.056
464.8799	958.9307	466.859	926.92944
558.98975	473.11984	480.99628	472.4059
589.99475	1336.9384	606.1331	1335.5695
673.2265	998.0122	677.0122	927.94666
728.5024	912.92694	730.0639	880.9056
698.9948	869.8113	761.99866	870.2138
783.73773	1068.9918	790.7599	844.9611
930.4547	625.0603	934.14685	535.96466
1274.0747	235.17392	1261.903	234.07315
1337.9219	885.6936	1313.9268	884.58716
1337.437	1037.0061	1338.9313	929.9711
1377.9912	112.65304	1411.0206	111.814865
1464.1091	57.97128	1453.0217	56.794685
1477.8989	545.0012	1477.7828	630.00244
1556.3502	933.9886	1557.2386	1039.0065
1613.2836	920.00385	1613.1118	887.994
1763.6346	1005.00543	1763.5076	972.998
1764.4594	1040.011	1763.8325	1009.00336
2199.0461	611.01294	2218.0513	611.90076
2223.9946	1473.4552	2284.0098	1474.1641
2543.9897	895.4578	2522.9553	894.983
2534.9944	884.60065	2581.9902	885.0438
2796.9988	622.23694	2775.9988	622.21533
2932.0054	1289.6189	2910.9954	1289.3291
101.00017	1394.971	117.005486	1395.0647
470.0037	483.4537	405.9931	483.02094
462.02313	616.9532	463.22275	591.91486
554.99384	478.60474	483.99103	477.88412
620.2608	927.114	614.81433	1035.1418
610.9955	1525.7498	631.007	1525.3868
640.72974	1032.9855	642.40137	1001.914
818.9865	487.11386	753.98395	486.32794
970.00366	875.1848	907.9959	874.9048
998.9974	1431.7698	1029.0049	1431.4257
1217.9977	288.06482	1049.0	281.99893
1228.014	966.28345	1203.0061	966.5566
1254.9907	1003.61725	1228.9816	1003.2249
1272.9794	484.94403	1342.012	486.45074
1371.3143	1070.9955	1372.7958	848.99194
2194.981	1435.9521	2168.9915	1435.4341
2680.0027	1640.1782	2396.9973	1640.8285
2868.999	894.4603	2912.001	894.5448
136.9927	876.4083	112.00069	875.9616
388.18542	466.94092	378.53238	600.03864
357.9949	865.91406	399.00476	866.14215
468.99902	880.1616	442.994	880.00604
487.98895	490.3186	550.00507	489.31268
666.996	1367.6299	690.0151	1367.3783
703.00165	878.2366	756.0014	878.34937
760.9472	497.94232	759.6788	521.092
897.99945	651.0416	1100.0052	653.58826
938.3899	961.99097	938.8649	929.98315
1843.0101	313.5109	1918.0194	315.05725
1711.0021	856.89087	1901.9893	860.55963
2474.5098	1044.0762	2473.0264	1015.04974
2478.9941	1475.861	2537.0051	1476.2554
2528.9944	1051.5807	2588.0083	1052.1498
2765.0046	551.45325	2818.0095	551.9111
2799.5315	1018.8985	2801.458	1047.9696
2853.9976	1450.7213	2864.0007	1450.7546
2841.005	552.5924	2892.0095	553.19446
131.96085	1150.2543	120.91481	1148.5532
167.00116	867.5122	102.99677	867.3605
187.93999	1395.56	203.99545	1394.8909
233.95569	488.4373	296.0192	486.6773
326.6987	1600.5897	366.92136	1552.9336
425.0085	1429.8206	441.01993	1430.5798
428.94632	1394.8229	443.0538	1394.1794
493.51022	495.01733	492.72754	518.05865
493.00656	995.93677	495.04395	963.93915
518.4474	1036.025	520.9649	990.99805
695.9699	1335.3268	723.01514	1334.841
758.97864	882.5718	734.9748	881.67474
968.5677	914.55597	977.48254	865.72296
1048.5166	503.01123	1048.0162	526.0221
1228.0326	914.97534	1228.823	883.97
1276.9999	868.019	1351.0032	868.59406
1582.5281	1038.9916	1582.7047	1007.9926
1836.9948	538.0516	1835.7136	513.066
2278.0054	1435.5934	2223.0027	1435.777
2481.9924	618.5404	2458.983	618.2182
2478.0034	1470.451	2533.0073	1470.7886
2618.9976	1473.392	2572.9983	1473.5847
2454.0037	1507.1359	2662.0042	1507.994
2754.0059	674.704	2946.0088	678.5657
87.00979	1467.7045	111.01904	1467.371
167.05394	921.0892	105.93327	919.3636
243.04059	1048.143	216.95702	1046.9077
250.20583	904.0047	250.82152	876.97314
709.60474	534.97675	708.0716	561.0042
695.0078	1367.4862	721.00183	1367.8807
790.4312	497.0743	789.1857	521.0616
1227.008	1003.3225	1202.0029	1003.474
1363.0004	465.98035	1163.9982	462.0963
1226.9071	962.9725	1227.739	929.9682
1361.4344	655.9945	1363.2654	466.9929
1478.0775	932.9905	1476.9829	1039.0205
1633.0004	864.9334	1460.9885	863.8972
1736.4211	935.9739	1738.3519	1040.9568
2116.6462	555.9235	2120.5073	639.0229
2132.663	1011.9431	2133.7263	1043.0094
2187.3867	498.93793	2194.2898	541.9535
2140.9983	1473.1334	2202.0005	1473.965
2246.9958	615.4762	2224.9888	615.2829
2449.0027	521.7155	2428.995	521.5306
2789.0117	526.69714	2766.9673	525.8384
3049.5347	401.3333	2982.6921	447.9916
97.99866	859.08325	169.98003	860.2416
167.42986	907.9472	171.9714	858.9047
189.92076	490.99432	188.26933	514.09076
224.2186	619.0913	233.74199	491.98068
416.98822	879.57745	396.95578	879.1689
436.99228	876.31586	499.99557	875.60596
436.00375	1038.8346	487.97708	1040.0121
622.843	880.9919	621.18634	913.1128
726.994	480.3698	669.9928	479.44366
762.9964	873.041	697.9972	872.8176
758.3268	913.9236	762.4509	877.59705
910.0006	1036.6078	965.00195	1036.6906
1046.5615	568.0152	1045.0448	624.0283
1047.6554	538.9893	1046.8174	566.0253
868.99414	1069.537	1078.013	1071.8167
1304.384	507.99033	1304.524	528.00336
1478.3833	884.9943	1478.0704	919.0098
1865.5787	538.0087	1865.4318	513.9974
1707.0095	662.2494	1904.0157	664.7611
2121.0012	639.5853	2145.0044	639.6629
2166.9968	1435.4779	2138.9917	1435.2986
2140.0046	1431.536	2166.0117	1431.7902
2443.9998	932.8641	2501.0002	932.8807
2856.0054	1289.6154	2833.9956	1289.3024
2888.0107	899.68866	2867.9656	898.99133
2946.0078	1440.1786	2896.9968	1440.5009
2946.05	1366.539	2890.9783	1368.3307
326.01782	1487.1698	299.00888	1487.5815
346.95566	1429.9916	359.02026	1429.4612
400.20975	621.07916	408.52658	493.96902
414.78934	910.8102	421.53696	867.7706
568.7863	647.99005	577.70807	455.93997
678.9789	925.5426	615.977	924.6807
672.0025	1336.5653	694.00757	1336.6923
732.9941	222.12616	692.9416	220.24284
726.0927	960.04987	727.51245	928.9321
1256.2563	1037.0048	1258.2827	928.9866
1274.4943	506.99036	1274.9037	528.0019
1331.9996	539.1161	1272.9916	538.94714
1533.9768	1039.9998	1535.0834	933.00085
1534.711	919.99384	1534.8685	886.9994
1584.782	548.99725	1585.0762	631.99976
1763.9944	972.128	1739.9901	972.0097
1899.0055	475.60217	1705.0007	472.9447
1734.0002	493.96286	1794.0039	494.2989
1794.9481	508.98523	1799.9498	491.41632
1838.5668	635.0103	1836.5955	552.0334
1882.9977	647.19434	1724.9962	645.31464
1922.5833	310.05423	1922.1217	297.99533
2492.0054	1286.809	2468.9678	1286.1753
2713.975	309.79962	2743.0093	310.70557
2865.0046	931.3996	2917.0093	931.7947
158.58884	1070.9385	156.47311	1085.0708
237.34761	530.0206	232.30109	615.1364
254.09987	822.60767	232.70432	817.1616
344.52847	1550.2269	336.03384	1570.0145
460.997	620.4687	403.00574	620.09894
443.95636	493.99725	442.45038	518.0282
498.9882	880.1269	473.99094	879.86487
755.0024	1038.466	692.0036	1038.1873
887.0291	292.199	858.95715	291.17957
898.16675	1345.9629	895.8949	1397.0398
965.8587	1035.9941	970.2511	929.969
988.0439	225.14178	976.9706	224.57526
1083.9916	847.8022	877.9932	845.6518
1130.9995	1689.6846	985.0015	1689.5913
1101.3248	654.00684	1105.2819	465.96384
1276.9991	1043.1544	1340.0028	1043.5243
1409.0006	122.48563	1377.9994	122.47305
1473.4471	628.00165	1473.5437	543.0006
1469.992	1061.1577	1622.9984	1062.2235
1507.4253	546.9986	1507.3529	630.00116
1763.3481	511.98923	1763.548	537.0036
1764.0015	537.5438	1788.0044	537.61993
1789.2352	538.02295	1788.4841	513.0155
1892.008	868.51855	1720.9723	865.66254
1924.5413	1407.4376	1937.1453	1363.0413
2319.0205	328.12277	1838.0039	316.83374
2158.7278	1042.0525	2157.489	1012.02106
2131.9902	1048.8983	2194.0046	1049.5745
2298.9924	1489.0702	2190.9978	1488.3142
2114.0005	1504.9049	2322.0051	1505.8378
2648.031	318.85077	2581.9983	317.06464
2601.001	1286.9637	2579.9895	1286.3817
2613.0059	1364.156	2553.0134	1366.3663
2561.0002	1470.6085	2616.0002	1470.6403
2864.9856	936.5357	2923.9897	937.0883
122.00121	1488.4286	60.99724	1488.2988
92.98	261.32852	133.01427	263.76556
145.29405	240.14828	127.64426	254.77728
217.99892	469.11948	141.9961	468.4337
707.8461	565.0374	706.6942	591.07495
935.2715	1035.9177	936.79315	1003.94257
936.9431	999.96924	937.9031	966.9681
1193.0	1431.5714	1232.0	1431.5751
1202.4375	883.99506	1202.1647	915.01904
1274.255	541.01636	1273.1337	627.0148
1642.9849	471.7772	1448.0004	467.9793
1735.8448	887.9803	1736.6158	921.009
1792.002	503.64893	1731.9927	503.3121
1790.5194	635.02094	1789.319	550.00964
1811.2449	550.9437	1813.3531	635.01624
1864.9902	610.40515	1842.9789	609.8715
1873.5773	1042.0331	1871.1084	935.9975
2190.9653	879.5711	2122.9985	878.0707
2283.007	1471.4501	2228.0032	1470.7467
2429.01	517.544	2480.0293	518.65265
2454.9905	618.3727	2430.9917	618.20764
2529.0012	1356.0139	2486.9988	1355.9661
2822.1296	1047.1376	2819.9873	1018.0009
2869.0522	1366.489	2812.9458	1368.4563
3.847917	582.09064	6.440819	557.8333
195.99722	1242.4924	115.9975	1242.3435
197.00111	864.849	238.00624	865.1498
243.17065	990.004	243.78802	963.97125
347.97882	1394.4948	362.03796	1393.9052
442.23352	1421.0221	443.85583	1403.8916
466.99496	1222.9866	453.9445	1227.8511
467.93246	1420.9932	469.86188	1401.986
386.00055	635.83325	545.99976	635.87286
898.99005	117.091805	885.92676	115.6754
1067.0004	1259.6993	886.998	1259.4487
1033.014	1310.2952	1020.9989	1310.055
1226.4133	999.99475	1226.7081	966.98846
1283.134	884.9885	1282.7238	916.02277
1556.065	533.40234	1580.0659	534.3772
1586.6749	934.98566	1586.9495	967.0004
1762.6702	921.0106	1762.4152	888.9967
1841.6868	970.00775	1841.4921	937.003
2059.993	318.28098	2216.0195	322.22693
2192.0002	1046.5217	2134.9998	1046.4863
2483.9917	557.82275	2424.9675	557.2286
2501.9844	504.77435	2572.9758	506.20267
283.99707	619.17316	226.01361	618.194
336.07785	1542.1409	319.5868	1551.2521
416.00122	869.7151	353.99808	869.44727
377.0839	1031.0759	379.2003	1000.8739
346.98785	1038.624	405.99203	1039.0656
914.8425	883.97235	914.10065	915.0502
966.9998	966.38416	912.9987	966.355
1201.384	930.00903	1198.8958	1036.0444
1373.0011	847.8546	1167.9901	846.3866
1555.425	546.001	1555.3647	632.001
1610.951	888.10846	1588.9498	887.1367
1443.9993	1071.0507	1648.0009	1073.9363
1864.0052	581.532	1842.9855	581.2974
2162.9822	1318.4634	2136.9822	1317.4626
2262.9985	976.366	2208.9954	976.1489
2107.005	1077.188	2308.0037	1078.3954
2427.7473	561.01	2428.7341	585.93134
58.996746	1064.3962	258.99966	1066.0391
165.9872	876.5613	142.97636	876.03644
239.00478	1314.8032	194.00041	1315.0704
882.00055	850.95734	1079.007	853.45526
966.7178	568.0142	966.2033	594.0238
999.33887	497.2944	1003.1813	479.81998
1018.17737	999.9687	1019.43463	966.9404
1407.8468	1517.7917	1417.5995	1416.9613
1439.1034	80.95981	1414.0159	79.68769
1536.0302	1544.0548	1566.67	1527.2195
1906.9922	854.6058	1706.9867	852.0346
1760.7173	635.00885	1760.5375	609.0032
1794.6243	1042.0161	1793.3937	936.972
1815.1652	935.9767	1817.267	1040.9946
1836.9836	610.02277	1814.9733	609.66956
1842.7192	1005.0436	1841.6315	973.0806
2094.0278	666.1775	2289.0127	669.16345
2535.0007	1473.4586	2483.9993	1473.5496
2738.9993	284.98315	2749.0007	284.97662
2921.0002	945.2157	2867.0005	945.29865
2923.0002	660.9838	2774.051	658.23553
28.08949	612.0091	30.551702	587.85236
358.93494	1636.508	327.94806	1640.6074
643.39014	457.07565	633.0519	647.05725
967.91187	538.96674	967.1165	565.00354
1020.9954	884.5679	995.989	884.3669
1017.1175	1035.9755	1018.0099	1003.9446
1016.9925	1385.03	1017.5381	1366.9861
1053.001	875.6472	991.9958	875.4717
1079.1571	1072.0034	1084.0797	847.9798
1227.986	1036.8754	1255.9817	1036.5265
1268.6564	627.00653	1269.8751	503.99875
1500.938	264.02844	1517.9366	265.05243
1532.993	970.5183	1507.9706	970.18085
1525.3948	280.0111	1525.8185	264.96674
1835.9956	316.24765	1523.9883	310.65717
1763.4305	969.00745	1763.0001	936.01306
1755.977	310.99576	1832.0288	312.7508
2136.814	1318.9393	2137.7854	1348.0072
2137.9778	1354.9066	2195.992	1356.3268
2251.9932	510.7242	2193.9792	510.16965
2211.9949	1049.6782	2271.0066	1050.1346
2503.9912	887.4684	2441.9756	886.30475
2481.0151	314.61588	2421.0017	315.17975
2567.9954	317.23654	2507.9792	316.0445
2577.9976	1321.4779	2550.9934	1321.3444
132.48814	954.8827	134.9682	922.9199
163.58199	955.8746	166.41425	923.85974
271.78094	957.11926	275.4753	901.96484
698.9951	918.65814	760.99915	919.11646
788.73267	535.9858	787.34235	562.07153
931.8098	1388.0452	932.9862	1366.9435
1281.3813	929.0141	1280.2799	1037.0232
1478.1573	506.99496	1478.0079	532.00604
1451.9933	855.2358	1643.0039	856.2807
1554.0055	925.4191	1614.0096	925.9885
1610.9878	1465.3397	1635.004	1465.5591
1733.9818	549.982	1735.5232	634.0087
1842.5792	1040.002	1842.539	1010.0006
2188.9998	885.0212	2127.9966	884.29816
311.99948	1066.1293	353.99994	1066.148
913.9999	1468.0702	952.0012	1468.1229
1082.0017	1245.7539	871.998	1244.2936
992.9883	538.6377	968.978	538.19617
1306.4669	1035.9926	1306.9138	1003.98486
1536.0393	265.09485	1537.8091	283.01886
1730.3022	538.0629	1729.4471	514.98346
1731.081	624.9989	1730.061	549.9856
2264.0125	928.88666	2206.986	928.25073
2271.0012	1284.3005	2252.0059	1284.3799
2268.013	652.09973	2117.001	649.9274
2434.983	250.97737	2445.9966	250.7929
2468.6057	925.06177	2467.2776	895.0763
2717.9087	251.95966	2732.063	250.71573
2813.6216	929.1012	2811.4873	900.03766
2866.9927	1634.173	3013.99	1632.876
3070.492	343.0	3070.4836	641.0
68.001205	448.45026	0.9963361	448.62936
53.99291	233.28293	82.99975	234.01013
94.99383	1035.8542	146.99834	1036.2302
157.68565	529.97485	150.94891	614.15594
589.0172	1367.7288	603.9852	1367.3751
703.7204	881.99384	703.037	913.0668
994.81476	930.0672	990.851	1037.0686
1162.953	463.9986	1157.2722	653.0382
1311.7064	930.9843	1312.001	963.0
1435.0104	1367.176	1448.0242	1366.4092
1648.0007	850.8865	1445.9897	849.49365
1520.0636	282.41507	1500.9673	283.27267
1507.4807	1006.0043	1507.385	1039.007
1555.0264	508.97467	1555.6428	533.9595
1584.8376	508.99927	1584.7249	534.00775
1586.6106	970.9823	1586.963	1003.0004
1759.7872	538.01843	1759.3921	512.0092
1892.0198	1604.985	1855.9945	1604.2815
2137.9998	1349.1124	2194.0032	1349.2108
2477.717	1013.9541	2479.7017	1044.9551
2551.9717	523.62366	2529.9717	522.6204
6.9763966	552.99805	8.991559	528.9156
109.965324	872.643	165.00604	871.2366
275.52936	896.0042	275.67172	877.9974
284.64804	615.0542	286.66977	590.88873
437.33807	592.0876	435.70023	617.11127
522.9712	494.03452	522.081	519.074
605.52045	1362.0433	606.864	1345.9054
724.5984	997.94476	725.8974	964.996
1180.9993	1640.3173	842.00104	1639.5466
1536.0079	499.73962	1476.9713	497.9434
1707.0073	1073.4131	1910.0131	1075.9608
2144.6755	638.03546	2144.0586	614.9984
2193.0225	543.1032	2217.0073	543.7071
2276.9998	1400.408	2221.9993	1400.3822
2363.0037	1641.1234	1899.0121	1639.1506
2444.9207	942.8982	2446.517	973.0256
2508.4285	619.94073	2509.4263	643.9823
2730.1138	275.48428	2753.2466	270.04977
2823.013	560.19366	2766.9792	559.2953
0.9970963	617.54364	26.002447	617.3845
40.99098	527.6679	0.97126746	527.12744
114.53164	1221.9192	111.56716	1239.0979
126.30761	1028.9401	128.99123	997.9127
410.2331	994.94934	412.34534	962.9568
415.99353	925.4987	387.98526	925.13525
441.54025	532.9627	439.49963	558.12164
518.97296	562.99854	517.62067	588.08734
607.9982	1553.1659	618.4848	1540.571
721.65704	1366.9758	723.42303	1341.889
916.9903	481.99963	911.43604	628.0166
969.4505	502.96454	968.0889	524.07025
1445.9921	850.9885	1443.4999	1070.0171
1841.3075	921.04944	1840.4006	889.9883
2130.2432	939.02216	2131.1794	970.99475
2111.9963	499.8505	2177.0037	500.12247
2236.7183	1043.0284	2236.0535	1013.04315
2250.1409	641.06287	2247.2976	556.9899
2561.9924	1476.0657	2620.0037	1476.4824
2623.9866	1672.4257	2729.023	1669.9882
2699.908	286.71347	2736.0723	288.65475
2781.8804	1580.4197	2759.9526	1574.1663
2334.996	402.23822	2968.9678	412.9177
2968.8577	409.8048	3068.9258	336.89816
118.992615	1431.2301	144.0095	1430.9901
161.11162	992.9447	163.10693	960.8822
411.91483	532.12573	408.17517	589.07715
475.44507	586.9721	473.6344	623.03186
520.7193	532.9828	519.17896	558.0724
609.00665	1367.5563	635.0008	1367.9462
548.99786	1248.8953	750.00146	1249.3728
912.8601	928.0874	909.56116	1036.0782
999.99994	1395.9957	1029.0077	1395.6573
877.00183	1250.5791	1076.0067	1251.4374
1342.9957	1261.3596	1162.9854	1259.2472
1341.0309	928.37305	1282.0149	929.14166
1446.8982	469.9991	1445.2966	656.99396
1532.912	887.59424	1509.9269	886.3247
1552.9877	1044.9088	1617.003	1045.7795
1813.8896	1394.2026	1794.975	1396.8191
2141.1672	541.02954	2140.3164	517.05975
2190.9966	1318.4541	2166.9905	1318.2736
2245.9968	586.4471	2222.9907	586.28265
2422.9805	246.32272	2434.9968	247.05055
2528.003	590.2987	2504.0005	590.33026
2555.9963	590.41815	2532.9897	590.22314
2825.9807	518.60535	2766.9893	517.89703
2799.9849	1069.5538	2950.9998	1071.0295
2814.9954	1360.6189	2866.9924	1361.0063
132.01213	772.6429	108.97078	771.8598
361.48837	880.03784	359.15228	910.1669
389.26926	1673.3899	443.10895	1678.9438
452.00146	1311.186	475.99997	1310.997
900.3903	1274.0155	899.15753	1305.046
985.9896	1042.9258	1050.004	1043.6427
1078.767	503.9955	1078.2084	532.98474
1225.631	540.9908	1224.2269	597.03076
1653.0828	1815.6493	1634.7769	1863.5323
1792.4374	921.99567	1792.1189	889.9889
1811.0073	538.2301	1836.0051	538.4695
1895.0018	1592.7146	1863.0094	1592.5135
1897.2639	1641.0194	1896.0479	1594.9988
2131.115	975.88055	2132.8726	1007.0072
2142.7896	581.04193	2141.9575	557.03613
2193.933	557.92804	2194.8306	582.0435
2234.2505	972.02295	2233.302	941.052
2414.8555	858.9066	2425.8333	1077.0084
3051.063	386.08765	2999.9229	422.8927
112.41593	877.02747	110.42757	907.1602
185.93411	997.9964	184.12576	1031.0068
652.801	881.98944	651.20386	912.1168
1053.0	1488.1403	884.9998	1488.1106
916.9909	1431.6499	945.0031	1431.4613
911.0151	465.9512	1100.0192	468.6718
997.23706	1655.998	997.39355	1674.9967
1199.0056	1036.612	1226.0052	1036.7218
1303.7728	541.99097	1303.1488	627.01575
1313.2043	883.9882	1312.7439	915.0259
1478.0004	502.98477	1534.0623	504.2578
1586.42	1006.9955	1586.5217	1038.9983
1555.004	505.41342	1611.0153	505.80084
1733.6511	510.98773	1734.1421	537.0162
2154.7012	923.06055	2153.3013	893.0326
2195.1118	583.9969	2196.6582	640.00946
2231.0132	893.2296	2210.0154	893.45306
2220.9795	1365.9496	2221.743	1395.9557
2484.004	513.5981	2425.99	513.0303
2582.5076	1046.0934	2575.9973	942.0002
46.64988	1615.4788	136.11938	1622.4729
118.8436	449.90057	102.31982	642.11346
233.00131	1488.4236	127.9973	1488.1844
208.83115	584.9859	210.84366	560.9034
209.37534	1029.8727	211.80255	998.9061
443.84216	880.99335	442.52997	912.1067
460.39474	1031.9613	462.3789	1000.8965
540.0044	1148.9429	517.9805	1147.2542
607.982	1335.783	638.005	1335.3392
722.3349	1324.9388	727.1338	1272.7366
1147.8505	1245.9712	1141.3328	1506.0334
1196.321	503.98392	1196.4805	526.99664
1193.9988	1395.9136	1223.0071	1395.516
1208.8953	1386.0125	1209.1451	1367.9882
1226.2103	506.04758	1225.3844	527.05444
1353.3047	1702.4886	1329.2888	1717.4631
1643.5338	1853.8248	1656.2155	1820.0809
1767.7583	1008.958	1768.4995	1040.012
1815.9995	874.0401	1881.0144	874.87396
2106.0063	1248.9436	2113.1814	1504.0231
2201.8965	876.0151	2208.8896	924.01605
2432.0203	618.99945	2432.666	642.98206
2502.583	1469.0681	2501.1848	1439.9911
2575.6257	928.0832	2573.6816	895.95874
2786.0671	898.06036	2788.1897	930.8583
3007.7212	837.3246	3068.5093	812.2337
353.2653	999.016	351.2678	1032.1367
439.54108	562.10223	437.88544	587.0587
498.78326	1520.052	491.6198	1628.0411
517.2736	592.043	516.4287	617.0483
521.2659	987.06464	525.4584	904.9213
608.9955	1040.6287	670.99945	1041.0743
969.9721	884.3952	945.9817	883.9153
1181.9852	643.0441	1337.9823	645.25085
1228.9465	884.4141	1203.9445	883.46893
1232.7311	883.99365	1231.9976	915.0472
1257.2506	500.0518	1261.0637	481.59988
1335.1072	507.99133	1334.8164	537.9982
1508.6497	934.99286	1507.9989	967.0406
1705.8958	852.99817	1706.3499	1073.0013
1871.1166	922.01605	1870.5537	890.9899
1966.8448	1909.8102	1953.8208	1645.9595
2145.2468	541.33093	2171.5586	545.2236
2208.5718	940.93915	2209.85	973.9671
2246.2693	544.0266	2245.3958	520.022
2266.9058	1045.04	2263.0605	939.9978
2450.9092	546.0647	2449.543	523.0271
2523.9397	523.4452	2503.9329	522.61176
2562.0	514.1371	2503.0	514.1391
17.629408	1032.0629	23.736715	970.9737
41.990623	479.3584	0.9663792	478.28522
207.12747	1595.0242	210.59506	1576.7336
379.6416	994.9087	381.79144	962.91876
628.0273	1554.2946	608.9936	1554.6957
785.972	594.9991	785.16034	620.0376
871.09503	1245.9292	861.46783	1505.0546
996.6959	885.0327	995.2356	916.10504
1166.7118	846.97345	1162.1315	1069.0233
1357.9954	1247.3701	1147.9907	1244.7386
1310.8726	1003.99225	1311.0048	1036.0
1334.679	540.9875	1333.8435	629.008
1379.9985	129.9247	1407.0	129.96913
1507.9004	970.0001	1507.897	1003.0002
1761.9576	889.30695	1738.9818	888.56177
1764.3401	608.98364	1764.646	634.00433
1767.2115	971.9718	1767.9801	1005.0005
2153.0	892.01697	2131.997	891.9528
2147.9604	613.97186	2148.6936	639.009
2161.6062	1011.9092	2163.3098	1042.0391
2209.9888	977.00024	2210.7644	1008.95715
2232.6794	925.0118	2231.5415	893.98016
2207.9893	930.61774	2263.99	931.5816
2322.678	1505.0514	2312.8086	1251.0074
212.27219	991.94696	214.53531	960.89325
334.45807	809.9939	334.63116	823.0049
398.0002	1482.0188	419.99747	1481.7726
427.9278	1036.1156	437.29453	879.9577
457.993	867.4797	489.00085	867.06335
490.0782	1032.0054	492.2006	1000.8773
657.9772	636.8935	815.99036	638.80096
699.80774	964.9468	696.6761	1035.1194
706.37933	594.0639	705.222	619.0566
989.1775	920.007	990.48596	886.9796
1078.145	537.9708	1075.1399	626.0389
1207.8497	1314.0054	1208.4187	1330.0206
1256.9624	884.77625	1233.9196	883.6612
1529.0619	1371.5387	1452.9852	1373.3922
1551.2882	627.99896	1550.9791	542.00006
1814.8229	888.97546	1815.807	921.94604
1813.9922	1047.2444	1877.0023	1047.6375
1899.9857	1367.8145	1912.9993	1368.0425
2197.822	1468.0406	2194.2686	1364.9563
2261.6384	926.00354	2261.3228	893.9968
2455.7979	643.0552	2454.694	619.01404
2501.9932	1438.5183	2476.9707	1438.183
2775.6833	623.0151	2776.825	647.0083
2793.731	987.00684	2794.3691	1012.0161
2851.4438	1049.1138	2843.9036	946.007
3027.049	1098.1959	3070.3425	1087.3693
37.243088	1060.2007	15.106721	1057.2101
37.96164	553.996	40.598606	528.9577
129.60114	992.89905	131.98048	959.92645
178.4511	583.95233	180.54224	559.8734
204.00497	615.00037	205.78065	589.9137
127.983635	632.45636	288.98578	634.2654
370.99826	1476.9764	330.8484	1479.9596
370.96124	1312.2179	395.99884	1310.9768
608.3925	1038.0201	616.34595	882.96643
996.9875	1676.4241	1050.006	1675.2748
1555.3903	1344.4039	1528.9672	1369.9309
1586.8394	886.0006	1586.9639	919.0001
1763.6339	550.9691	1764.6741	605.9683
1766.3418	888.97235	1767.0021	920.99994
2198.001	1360.2363	2135.0066	1360.5149
2211.3455	1012.9883	2211.6157	1044.0033
2219.9573	586.41254	2195.949	585.68604
2220.9963	1355.2079	2276.997	1356.1671
2192.9778	501.13052	2259.9915	502.44037
2534.5479	618.95807	2536.4631	643.96454
2548.573	973.0593	2547.324	943.02814
266.8453	530.9886	264.99265	556.1467
356.03876	874.4124	419.00122	875.9498
559.8755	998.3273	525.8552	985.3804
646.53186	1001.97595	644.88245	1034.0967
676.9859	532.0154	725.0044	532.6824
944.8331	883.05206	943.926	914.9979
1074.8395	1503.995	1082.7999	1246.9629
1311.4592	967.0037	1311.3757	1000.00604
1556.7522	886.99286	1557.0566	919.009
1614.6519	547.0039	1615.626	634.0042
2139.2195	1400.9807	2139.695	1431.0049
2173.0068	509.71692	2116.967	508.35284
2235.7678	1008.0462	2234.642	978.0134
2280.69	1468.0471	2276.9814	1365.0006
2319.7498	400.8174	2312.7188	448.95892
2764.6565	525.06683	2765.899	550.05475
2850.8599	624.0087	2852.3538	647.97797
3036.4243	1276.9651	3058.5894	1546.0338
34.07577	624.4185	0.9123399	622.82965
92.34651	254.35413	108.01858	239.01898
92.47601	1035.0392	105.492455	876.9582
182.10468	590.004	181.17758	614.08386
202.99141	618.4198	147.01488	617.2737
191.73705	923.9805	189.29144	957.02155
195.16739	877.0115	193.0314	908.1394
204.05772	1398.1233	187.99736	1398.9486
343.53418	1042.037	354.6163	881.97345
556.5159	1472.6514	533.0102	1505.2871
927.50684	593.9376	926.209	625.0087
942.97644	930.03326	942.4382	962.041
1501.4475	1411.8909	1485.3259	1493.4716
1461.9637	1410.7695	1501.0182	1409.6182
1507.5044	507.99792	1507.5374	532.0006
1840.5262	552.9662	1841.7238	606.98395
1846.618	1009.97705	1847.0575	1040.9991
1865.9554	1612.8107	1882.0168	1613.6941
2143.8108	609.0165	2143.5059	587.00684
2175.5757	640.07697	2171.0305	555.94434
2221.0552	640.0289	2220.3208	615.9902
2470.8113	973.04877	2469.5396	942.05994
2986.6233	697.25555	3069.6345	655.2542
176.28508	1035.022	188.40218	877.95386
203.00298	1468.1364	227.01337	1467.6113
436.5235	1000.033	434.43436	1033.1536
440.80386	925.99164	439.34634	960.0576
476.98938	256.57043	436.0036	255.80676
493.47644	1496.9661	501.978	1365.9337
546.89905	1173.2639	527.9885	1166.0299
563.1223	1041.4335	538.95337	1036.216
1050.001	1040.4852	1001.0012	1040.3875
989.0065	1468.3889	1026.0295	1467.7711
1194.1067	1038.002	1196.0852	928.0015
1220.0151	1685.2281	1194.9924	1686.8856
1326.7482	1712.0667	1350.9583	1696.391
2139.477	1436.0209	2140.6755	1466.013
2208.0063	925.5118	2233.015	925.8326
2224.51	615.9461	2225.3684	639.9869
2435.0425	1666.9889	2397.0696	1668.6199
2429.2346	589.98596	2430.7263	614.8966
2529.0066	1438.5876	2503.997	1438.183
2550.6287	1009.06177	2549.274	978.9877
2560.3037	644.98303	2555.6597	561.9631
2844.3806	1406.8729	2845.9363	1436.0034
53.07849	643.0071	70.3789	451.94376
131.53899	1084.5803	111.07238	1107.0659
121.98684	1395.1632	150.01137	1394.7224
269.96133	1281.702	279.99814	1246.7126
363.1957	610.0013	363.03302	635.0067
388.1981	1420.1195	389.40237	1408.0402
383.0154	194.31961	428.01498	195.33887
583.1941	843.01135	571.4647	1043.0272
905.2313	462.9665	897.0761	650.04694
1031.0079	1328.857	1021.9802	1328.3568
1073.9978	528.1814	1036.0034	527.71844
1168.9946	468.42734	1355.0156	470.7539
1551.2117	536.99615	1550.7354	510.98654
1733.9977	508.13297	1789.998	509.1086
1766.8206	936.9617	1767.4941	968.96857
1806.9673	1596.1682	1786.9589	1596.9557
1810.573	511.98807	1811.1144	538.01843
1913.5662	1368.9978	1913.4131	1400.007
2188.638	1044.0524	2184.6035	939.0152
2247.826	1396.0583	2246.3352	1366.0828
2446.9192	978.8863	2448.701	1008.95844
2531.6853	643.07214	2530.418	619.97705
2580.0063	655.3702	2430.0017	653.8364
2792.9954	564.63275	2767.9968	564.4513
82.02714	1617.772	45.91303	1605.097
264.77396	560.98883	263.53604	586.0758
271.5839	1525.2251	258.2164	1532.403
369.96356	1068.2563	397.9943	1066.8833
665.9465	589.9965	663.8023	623.05206
701.7622	938.9814	699.8756	963.0686
728.31006	1001.9675	726.7984	1034.0846
818.4559	535.0454	816.8028	588.025
919.96826	640.0701	1077.9924	642.4917
1048.0038	1655.4127	999.00146	1655.545
1196.3434	917.00446	1196.7089	888.9962
1703.3962	474.98523	1705.3765	662.0066
1845.7386	973.9452	1846.7177	1005.0089
2129.9912	929.813	2186.9954	930.4283
2155.6167	971.00775	2155.437	939.0032
2162.5203	1315.021	2161.1594	1283.993
2169.7903	543.02374	2169.318	518.9741
2223.7363	1436.9459	2224.6711	1466.9791
2276.1753	1350.0272	2274.032	1284.9661
2485.0713	643.9963	2480.7532	560.9608
2793.639	527.87067	2795.3887	550.0482
2824.6133	1017.89294	2826.6123	1048.0258
447.4438	1345.0256	448.25925	1330.8995
479.00543	1639.1572	377.98776	1642.646
501.17245	1362.9349	506.85056	1290.7522
508.3787	1287.9608	509.8306	1264.9263
691.7815	1361.0479	692.7079	1345.9209
733.8516	881.9601	732.7704	913.0615
734.5676	1694.9376	740.1849	1656.0267
745.8824	590.0339	744.53864	625.0207
840.1705	651.006	846.8498	459.99475
1581.9482	887.82904	1557.9674	887.151
1839.7946	512.9389	1840.6144	537.0131
1831.0	927.9589	1871.0002	927.9469
1911.0438	1075.0181	1906.8846	855.0022
1919.0093	1367.817	1930.9786	1368.4224
2127.7942	890.94824	2129.94	923.8736
2170.2974	1435.9584	2171.2607	1466.0237
2532.6748	1470.0696	2530.9895	1438.0005
2573.9966	1287.0845	2551.9514	1286.1725
2897.9956	1360.7189	2943.9937	1361.0052
8.590402	587.0659	5.893944	611.2115
215.82523	998.9882	213.7235	1030.1163
405.06372	482.9268	400.20816	545.0163
424.62482	879.00195	424.84714	922.0008
637.1527	1324.0126	640.36224	1284.9476
712.0033	474.77835	666.01355	474.09256
515.9947	1699.2019	735.00494	1697.7434
940.6623	1003.98987	939.7016	1036.051
1023.39685	967.03906	1022.4739	1000.06915
1224.6714	600.0321	1223.4258	626.06824
1231.6614	930.9633	1230.7826	963.0488
1264.4393	882.10144	1268.2505	865.59607
1407.0477	98.53911	22.063974	71.69887
1516.063	1497.6727	1472.0411	1496.4803
1519.1508	264.97906	1520.9597	278.00558
1552.3062	1015.0001	1552.336	933.99976
1555.0155	490.0778	1617.0148	491.11734
1648.5288	1073.0001	1648.4967	852.00006
1766.6637	1397.7097	1777.2959	1385.3922
2157.1309	1006.0566	2156.2212	975.9933
2244.996	1315.0547	2243.3574	1284.9805
2245.6138	1348.0109	2245.3862	1319.0127
2446.4949	254.68018	2426.4656	260.58075
2452.9077	585.0382	2452.1018	561.99646
2458.8794	618.9424	2460.4575	643.0355
2498.2566	504.15506	2502.0432	546.7293
2567.9998	1358.8983	2609.0012	1358.8325
2819.3442	945.8935	2821.8103	977.015
2876.8948	1020.9416	2878.728	1049.0177
30.763868	129.49223	16.136847	136.29427
191.99825	1506.2733	252.00272	1506.1289
255.2962	1495.9487	259.879	1432.9912
499.0179	870.8534	436.01767	869.869
1230.0897	1004.00146	1229.5757	1036.0253
1349.0007	1051.5615	1184.0007	1051.4823
1374.4789	1414.7816	1359.509	1519.0731
1436.2719	1485.9574	1433.048	1541.0613
1521.7959	1469.9863	1519.781	1500.0524
1613.982	501.0964	1553.9818	500.11728
1730.9935	1062.4839	1885.0061	1064.5471
1823.9825	233.1934	1835.0726	234.1962
1893.7289	1363.5078	1905.8376	1406.0463
2166.9243	1466.0272	2166.1892	1436.9952
2183.8755	925.02295	2183.222	892.9955
2249.599	1466.0066	2249.4622	1437.0026
2496.4924	1351.0829	2494.9487	1323.0028
201.01442	1458.1034	202.2558	1445.9242
444.896	1383.0754	446.1718	1367.9302
525.80096	1043.6403	549.0421	1050.8645
760.0005	916.47595	700.0005	916.42255
1326.0222	1348.8375	1313.0049	1349.1825
1700.0231	1559.7772	1723.086	1562.1705
2144.4438	516.94635	2145.3384	541.0246
2454.5168	615.02515	2453.2664	590.98615
2479.5605	547.02234	2478.3398	522.9827
2782.466	1254.8995	2799.8772	1509.0769
2821.723	981.83563	2824.604	1012.0378
2875.1821	624.7815	2877.502	647.94977
2921.5557	1470.092	2919.7659	1442.0149
2998.5146	1509.0398	2977.7925	1256.017
40.743473	512.95026	49.024082	470.22934
64.50537	1183.995	64.78106	1156.9774
365.201	1384.0211	366.88892	1367.9883
385.65552	1467.9272	387.38907	1435.9127
437.9776	962.0473	436.23505	998.05975
528.3834	867.9943	527.96747	840.0005
1025.7733	884.0155	1025.4939	916.0218
1230.9431	967.0363	1230.3265	1000.04346
1257.0214	505.0004	1254.7582	626.01416
1355.1737	1518.9907	1358.2072	1247.9911
1470.9895	647.7012	1621.001	649.9379
1710.0045	478.5481	1894.0062	480.363
1870.9968	883.13306	1815.9803	881.83514
1841.3998	608.98236	1842.5416	634.88794
2217.671	542.08826	2216.141	519.05707
2222.5435	1401.9673	2223.18	1431.975
2526.748	1352.0782	2522.6807	1287.0199
2524.014	891.10254	2561.008	890.6394
2789.7644	550.0225	2789.3625	527.9934
2833.0027	1319.0815	2830.7095	1291.0238
2842.8438	931.0809	2840.6714	900.023
81.51946	1232.735	89.07226	1219.0398
114.988785	1467.7056	128.00798	1467.2096
83.999084	1505.3048	163.00026	1505.2006
330.40833	1158.8474	335.55728	1138.8857
637.00543	1340.4285	574.99005	1341.2145
916.9977	1395.9655	929.0774	1395.1576
1048.3906	1288.6405	1059.1085	1270.474
1438.3506	1450.9601	1436.5046	1481.031
1445.3712	1544.9546	1454.4912	1418.6743
1614.5684	513.99927	1614.5281	537.0009
1635.0289	1470.5852	1609.0157	1468.7737
1734.9972	1046.2212	1797.9996	1047.0305
1868.9657	890.7559	1845.9677	889.71344
2088.2446	481.96478	2093.4507	666.01556
2165.811	1432.0305	2165.0166	1401.0251
2218.6292	582.01117	2218.4338	558.0046
2219.1018	1318.9945	2220.6653	1348.0181
2245.9995	1318.3687	2218.9983	1318.3351
2269.0012	1047.5681	2213.9993	1047.6952
2454.1194	521.9388	2455.4375	546.03076
2469.369	1321.8479	2471.2307	1350.8568
2835.4458	1353.1019	2833.6055	1325.0259
2903.4102	519.354	2919.604	504.56625
3044.8906	1283.9978	3069.0398	1281.3638
109.89872	1614.5278	89.98622	1613.2079
221.1038	923.9433	219.06766	956.1308
262.98166	590.1307	261.3318	615.15375
375.91324	453.0695	364.34818	605.0265
425.01288	1257.718	361.9891	1257.0852
566.2438	1048.0577	541.13727	1044.9065
650.2201	928.0878	648.95416	960.07733
690.6326	1038.0312	698.18744	884.9599
731.39514	929.0489	730.273	961.07965
805.92426	1701.7065	847.0176	1699.3002
1155.0032	1250.7704	1352.0074	1253.4547
1275.7802	1039.0093	1277.0867	928.9773
1339.0002	1040.4355	1296.0002	1040.4182
1792.7488	514.97186	1793.7273	541.01025
1808.23	613.99615	1807.18	550.98035
1839.0048	889.9069	1820.0	890.00586
2193.9692	1349.0394	2191.4832	1283.9816
2270.9932	879.89374	2206.9968	879.4109
2439.485	1252.9193	2453.2324	1506.096
2467.1855	1286.91	2469.4617	1316.889
2546.0066	926.0967	2544.5483	896.0219
2581.1985	1399.047	2579.4397	1369.0328
2715.792	302.29092	2695.2747	287.6159
2714.049	254.73184	2704.0273	255.40535
2838.7422	510.01416	2841.0486	551.9973
2861.8591	882.9347	2865.4998	930.80994
11.491102	558.0474	9.157815	582.2084
82.1726	1156.4236	70.561035	1188.564
470.05026	1383.0044	471.2838	1369.025
518.52356	1662.0449	515.51056	1697.1298
749.15625	1405.0076	756.90497	1243.9473
1022.2024	1004.0377	1021.1973	1036.069
1191.49	1312.9823	1192.0704	1328.9974
1188.9989	1059.277	1345.0005	1059.8737
1260.0126	928.2562	1202.0032	928.5787
1617.256	893.9891	1617.4996	922.00433
1645.366	661.00775	1643.0731	472.9991
2179.9812	892.7269	2160.994	892.23846
2165.3545	1283.8947	2166.7024	1314.0133
2238.729	976.96246	2240.3293	1008.03455
2240.4478	1013.92694	2241.3452	1043.9897
2548.8948	895.86414	2551.1218	926.91956
2603.4456	673.03577	2591.454	487.0352
2628.6829	1080.0238	2612.179	860.13666
2841.4023	1370.7866	2844.0854	1400.9924
2899.2375	1048.0548	2897.1492	1018.98926
0.9911285	524.4522	41.994965	525.2566
28.049881	898.0044	32.18721	850.9286
103.09748	997.0072	100.6624	1030.0488
106.04341	959.0029	103.72142	993.1172
109.0038	922.151	106.36977	957.1032
353.87866	826.99646	367.04868	828.60016
456.99878	213.04208	422.02838	212.02441
525.4483	1544.029	518.8976	1645.0582
543.7494	1244.9868	535.57135	1400.0302
667.0927	1344.9629	666.3945	1362.0161
908.43774	918.01056	909.21155	885.98096
999.5203	503.0197	998.6095	527.061
1429.146	1351.1919	1412.8981	1363.5514
1504.0209	886.28394	1483.0101	886.6258
1870.2865	550.9922	1872.6522	638.00946
1906.0183	1408.9996	1906.9381	1453.0013
2098.9468	856.96814	2106.3591	1077.0216
2160.98	1283.6979	2137.9702	1283.041
2222.39	558.98456	2222.646	582.0039
2266.9968	885.57916	2207.993	885.24475
2237.478	940.9468	2238.597	972.0145
2498.007	927.0489	2496.477	895.9765
2502.5227	562.03186	2504.184	586.92096
2516.9495	879.00555	2522.1936	926.6485
2525.863	546.0566	2524.7134	522.9645
2578.9875	887.9916	2521.984	887.2745
2797.1917	647.05914	2795.439	623.11426
2901.8374	1018.8587	2904.154	1048.9882
224.90857	877.99365	222.82178	908.12616
263.6441	1382.0435	266.8214	1334.9879
412.70624	1401.3712	415.63257	1387.92
610.9967	1057.3529	756.99805	1056.6133
694.464	1305.014	694.92035	1289.9673
861.997	1505.7861	1074.0006	1505.2638
903.7319	1040.0275	907.9728	926.99896
1057.008	1051.6241	891.0021	1050.6499
1845.438	937.9706	1846.0721	968.99854
1867.3263	1808.9733	1874.4496	1896.045
2163.7966	1348.0593	2162.3662	1319.0312
2220.6453	518.9746	2221.591	543.0161
2236.4312	893.96387	2237.214	924.99457
2554.5374	548.0285	2553.058	523.9964
2578.7942	1352.0787	2576.8965	1323.0067
2608.3547	1353.0983	2604.4668	1287.9722
2615.903	1470.0634	2614.05	1437.9971
2977.1443	1083.0747	2958.0977	865.07886
17.662336	487.9738	15.710194	513.1327
188.88985	960.99225	186.56314	994.1098
323.72992	1013.9583	321.24927	1030.0385
349.72498	1074.4843	339.25058	1090.1674
404.99677	479.25455	468.98654	480.0644
648.62506	964.9792	646.78925	998.0438
725.0002	1340.6882	667.00073	1340.6558
941.89886	966.05475	940.9473	999.05615
1617.46	933.9999	1617.484	1042.0001
1726.9861	652.27106	1881.0005	653.95605
2134.6414	1282.1027	2137.05	1313.9962
2157.7358	892.9326	2158.9424	924.00226
2160.605	975.9459	2161.652	1007.0117
2168.571	1401.9133	2170.1772	1431.0454
2457.3865	590.91876	2458.7983	615.01184
2474.2683	942.8957	2475.6533	973.0159
2505.4187	1439.9291	2506.8738	1469.0563
2822.7212	1442.0173	2824.516	1470.968
2872.1135	647.10834	2870.8445	625.0089
42.0001	1195.9421	30.000137	1195.9213
250.90298	1204.9832	254.0322	1187.0056
297.78085	936.0259	299.3092	948.9635
358.48605	925.96497	353.6386	997.11163
406.68628	1032.8854	409.4806	1000.8674
468.88434	976.88007	466.83136	995.9819
613.99115	248.52713	664.0106	249.36563
743.9977	269.14203	716.0051	268.68542
820.0765	503.06528	818.80414	524.04877
1208.3241	1424.9911	1208.4202	1406.9916
1229.9558	1886.998	1229.13	1906.049
1876.0076	1044.7906	1817.0037	1044.4209
1904.4801	665.01495	1899.0834	477.0263
2138.2031	1363.9957	2138.8833	1395.96
2145.747	556.90985	2146.9924	581.052
2399.0889	485.99576	2407.9255	671.00354
2477.618	1439.9332	2478.8147	1468.925
2551.6274	942.88556	2553.8118	973.94293
2928.5044	1050.0403	2920.0361	945.9971
62.600117	37.39962	25.612581	0.38781947
162.95927	1481.9352	179.01591	1482.6345
185.9281	1431.7316	199.99626	1430.9342
894.2184	1439.9506	891.6208	1481.0393
902.99286	1042.2115	968.0024	1042.5931
1024.501	930.957	1023.5795	963.04535
1142.0002	1506.3461	1316.0002	1506.4009
1435.0896	1909.9017	1463.8673	1886.0463
1499.144	1458.22	1531.1603	1464.1323
2128.998	1066.5984	2281.9998	1067.0879
2219.682	612.00916	2219.5085	586.99646
2494.727	1317.0835	2492.821	1288.0117
2504.208	1046.0898	2498.9895	942.00055
2530.7117	562.85486	2532.7537	586.9361
2504.0012	517.9644	2556.0112	519.65656
2818.9822	565.427	2795.9807	564.462
2819.642	1011.1103	2817.276	981.9776
2863.452	1356.043	2858.3523	1291.0508
0.99374056	367.45425	872.9935	379.4702
129.95844	97.69136	115.94895	96.84917
406.70718	1175.952	404.21146	1191.1984
1440.0365	1588.0088	1436.1553	1604.0376
1539.3689	505.08673	1543.6936	486.69284
2248.7625	1431.0271	2248.1057	1401.0195
2249.1843	1318.955	2250.3274	1348.9875
2475.9963	522.2319	2454.986	521.90686
2498.7253	1398.0586	2497.3467	1368.076
2776.0708	876.8118	2778.718	891.8738
2798.682	594.9527	2800.3533	619.04486
2916.1606	1400.1252	2914.185	1371.1237
3049.3735	886.0449	3046.789	850.01514
35.10818	582.0115	37.65576	557.96356
391.621	878.90594	389.42566	911.0972
473.8209	880.0796	472.46658	911.0641
973.0027	927.5656	909.00195	927.61334
985.39465	1040.0457	989.0939	927.00305
1052.0006	928.73145	994.00024	928.7502
1346.4109	1553.0071	1346.1704	1533.01
1635.0133	1446.5688	1620.9976	1446.8962
1487.0217	474.0345	1638.0127	477.4378
1733.0361	1005.0	1733.0157	938.0
1844.8457	889.97754	1845.2235	921.00946
1876.1685	936.998	1877.4786	1045.0063
2448.9902	1067.1875	2600.0046	1068.4233
2471.4573	894.8978	2473.6401	926.0252
2522.3545	942.9363	2523.8157	974.00867
2583.8188	1368.8672	2586.0142	1398.9259
2655.8965	1424.0665	2645.6968	1255.0183
2661.844	1508.0844	2655.8574	1426.0104
2767.5376	565.9708	2768.8408	590.0086
2825.919	648.0775	2820.0352	565.9975
2871.907	1472.0657	2869.982	1440.0011
2893.4211	976.1311	2891.0088	947.0823
2949.4336	1472.125	2941.3577	1370.9714
142.53568	876.0919	140.68008	907.1005
388.628	925.9724	386.2392	958.16614
965.9209	597.0236	965.2793	622.03284
1206.5779	1731.8019	1186.2251	1775.167
1430.9718	1421.973	1430.2347	1450.0325
1537.3535	509.98367	1538.6929	539.01416
1835.9698	245.725	1824.0039	247.03603
2673.6353	1443.3175	2663.826	1434.1871
2816.936	976.06024	2815.2388	946.0998
2867.1313	945.99274	2868.9497	978.94763
2912.4775	1353.1255	2910.1575	1324.987
154.43512	1028.9626	156.2234	1001.9486
328.0003	1505.0327	389.9953	1504.4757
398.03055	1505.7649	417.9987	1504.9674
489.99783	480.14804	549.9848	481.0319
964.7351	1289.3219	975.4858	1264.7748
991.43195	1367.9843	990.7085	1394.0197
1033.3665	1332.9852	1032.7616	1359.0177
1201.4387	1780.1016	1190.3328	1828.077
1465.0935	88.94634	1451.0269	87.69754
1476.0015	924.7423	1536.0052	925.0818
1814.9968	509.37115	1867.0016	509.8151
2167.5488	1365.0212	2169.0088	1395.9996
2253.176	1435.994	2254.2378	1466.9918
2816.0227	899.81885	2818.7202	929.9355
2841.5261	1435.1094	2839.4438	1407.0413
3033.5283	515.03644	3027.5806	438.0324
237.96115	1026.9967	240.0549	1001.9211
319.05038	1171.1401	314.77597	1142.1807
395.9831	1243.7917	343.9641	1242.6814
423.6895	1003.96045	419.47504	1037.0604
442.0143	1397.9464	428.99295	1398.0421
465.6345	1467.0583	468.6767	1433.9702
1038.9884	1313.591	1050.0038	1313.8082
1013.0003	497.40503	1077.0004	497.44067
1196.4746	1653.9988	1196.4266	1675.0033
1343.0281	929.98737	1341.625	1038.034
2094.9998	485.00998	2247.012	487.15527
2147.266	586.9701	2147.8113	610.0281
2175.0906	519.977	2175.6616	547.00714
2250.5105	1365.9224	2252.0571	1395.9971
2793.09	590.06036	2791.4968	566.0334
2800.4482	622.89703	2802.1606	646.9886
2889.935	930.09283	2887.404	901.05194
174.90552	1624.9197	178.57591	1574.8955
693.4506	1324.0208	694.1429	1308.9606
1761.0071	1538.2294	1749.9867	1538.5715
1736.9982	926.91895	1770.0	926.98285
1763.1033	1506.957	1765.208	1560.992
1824.4626	1434.2607	1820.9313	1399.9043
2217.281	1283.1277	2219.571	1313.9575
2456.129	561.9376	2457.4565	585.9748
2499.137	1322.9313	2500.8389	1351.0702
2761.252	862.912	2776.5142	1079.9639
2796.8877	566.9039	2798.0635	589.99677
109.36412	88.824875	130.22078	95.28746
135.29312	1184.1998	142.95111	1172.9667
138.94925	923.9256	136.74075	955.1232
636.39984	1367.0139	637.16394	1344.9711
788.9932	278.35287	700.99243	279.27448
1327.9999	1488.1161	1163.9989	1487.9214
1194.0005	1042.4382	1259.0005	1042.4935
1574.0209	1369.2114	1737.1449	1373.5366
1917.6013	1398.0042	1917.3015	1368.9762
2159.4517	939.95996	2160.3076	971.0191
2166.357	1317.9829	2167.8354	1348.9601
348.66376	1314.9861	347.33945	1347.014
395.08972	1141.2021	382.00464	1147.0105
443.8553	1678.9252	446.08157	1644.8745
729.7549	963.96375	728.76184	998.05133
1055.2994	934.97736	1053.1031	1003.00336
887.00256	377.8435	2319.9917	401.49835
1417.011	1367.247	1429.0316	1366.7144
1793.5579	549.97015	1795.2239	637.01483
1862.9897	1596.4004	1889.003	1596.5906
2252.1863	1401.9463	2252.9001	1431.0024
2475.8447	978.8714	2477.8804	1008.07806
2524.5815	978.93713	2525.8154	1009.9676
2553.3706	978.8925	2555.7327	1009.02094
2774.0022	514.8012	2825.007	515.3456
2918.8804	932.0096	2916.388	900.9689
114.05954	1241.8387	93.02357	1243.332
265.52884	1454.0469	262.516	1488.0458
466.5918	1000.9747	464.5976	1033.0991
998.7361	536.99005	995.4223	625.01587
1485.011	1578.8601	1461.0026	1576.9677
1826.9158	1847.8661	1806.1648	1797.9315
2516.996	552.80084	2557.005	552.99744
2531.131	1436.0504	2527.1846	1367.9893
2756.0044	1640.9283	2733.9646	1639.5808
2740.5437	490.88852	2753.7688	674.01666
2838.852	1400.1273	2837.1287	1371.0516
2842.7493	566.9618	2844.0256	591.9987
3035.298	937.9781	3029.0505	853.0698
60.66414	937.9834	59.373554	964.06793
97.4607	1216.8011	93.292534	1228.1078
239.0021	1243.0391	199.99791	1242.9534
759.99915	1049.0173	595.99927	1049.1636
1638.9773	123.210144	1660.0553	125.48769
1747.3751	1871.879	1767.3469	1842.9292
1872.4324	1626.5785	1863.8478	1618.1552
1907.3652	1398.8951	1898.4541	1367.8696
2527.6094	1013.8848	2529.9036	1045.9353
2895.0103	519.4188	2843.9907	518.51935
153.9846	1041.8397	91.96879	1040.7031
385.956	962.11664	383.98758	995.1185
390.6397	1656.0509	389.12494	1675.0895
440.15515	1460.0098	441.16492	1443.9475
1453.8776	1490.026	1452.2229	1546.0066
2124.9841	239.95847	2135.9978	240.14009
2164.9292	1395.051	2163.499	1365.0717
2504.678	591.9195	2505.786	615.01025
2900.6414	649.10266	2894.4358	566.9671
2777.9922	665.6884	2920.996	667.3338
2940.001	1355.0763	2935.1736	1291.9103
3064.7842	1069.0204	3061.1838	1030.9825
0.9570304	631.46844	29.01911	630.6811
91.90377	1325.9913	93.16271	1311.925
269.1648	1323.0085	270.6657	1293.9827
298.30405	1369.0192	295.40353	1415.1511
384.33746	1685.0125	385.30035	1659.0111
471.34552	926.9505	468.91083	959.14453
608.1646	1323.0642	608.9429	1308.9418
1279.8198	1601.0632	1280.8223	1588.0634
1503.9702	288.69412	1516.0338	289.21204
2497.0845	1287.0565	2498.9355	1317.0657
2580.995	1322.8478	2583.2185	1351.9833
2896.437	946.81946	2898.6746	977.0241
3052.828	928.09644	3049.7783	891.01825
13.53965	528.9128	12.093123	553.12506
132.93318	997.9954	130.79124	1029.1233
184.84505	559.988	182.89354	585.14685
331.70255	1116.9572	334.28	1099.0403
363.0277	1422.0018	364.0781	1406.0051
1197.0046	1675.0945	1216.0568	1674.1682
1412.9667	1567.8776	1501.9901	1571.2606
1788.5055	1852.146	1773.4481	1801.163
1863.3036	1636.3265	1872.1193	1628.1283
2199.1157	1364.0349	2203.423	1472.9833
2472.7966	1008.05383	2471.4973	979.0225
2474.6333	1405.9989	2474.5505	1433.0017
2528.885	522.94165	2530.4739	547.03467
2869.544	1438.0348	2864.427	1371.0438
2873.156	595.81854	2875.1902	619.984
2893.0327	553.0576	2891.5974	528.9644
135.88419	960.9924	133.76854	993.11646
186.77234	530.9857	185.26387	555.0791
310.70145	941.9579	309.72974	994.99506
319.25433	853.01953	313.78836	924.13745
317.51797	1598.9248	323.2923	1561.8896
408.21658	1543.572	419.58038	1522.7708
877.6363	381.12097	817.24084	1697.3323
950.3356	1296.9896	950.1315	1310.0021
1539.3776	933.99347	1538.2526	1041.0027
2247.845	1284.9653	2249.0776	1315.0378
2611.6357	1401.028	2609.1077	1368.0685
2613.845	1436.0121	2611.264	1403.0576
2795.0908	618.05505	2793.6929	594.95807
2867.8008	590.0967	2866.0195	567.9984
2896.217	1012.1364	2893.9875	983.001
2918.8225	1435.1206	2917.265	1406.9854
2918.7107	1370.8639	2921.107	1400.9915
3070.5012	1104.0001	3070.5217	1268.0
383.2509	999.95605	381.36227	1032.1387
441.32437	1201.0693	440.28827	1190.9705
610.60834	1344.9845	609.9354	1362.0369
655.88385	1343.9075	652.97534	1378.9979
895.0015	1058.8164	1052.9991	1060.1039
1224.999	1401.1305	1193.0007	1400.8934
1242.0277	1347.8353	1230.0077	1348.2336
1455.0023	1606.0105	1454.8027	1586.9916
1875.5883	897.002	1875.724	925.00134
2196.82	1288.0066	2199.182	1353.0297
2232.986	548.7884	2248.9988	549.0726
2528.0698	586.045	2526.956	563.00214
2555.3774	1014.8891	2557.8035	1045.0159
2560.7014	1441.9818	2561.401	1468.9896
2583.7148	1433.1085	2581.3323	1404.8876
2834.8943	1290.8124	2837.7874	1320.0211
15.542676	69.34127	61.572926	37.384842
123.98623	1477.68	94.99688	1478.9275
393.4888	1170.207	383.3499	1194.1482
1190.2672	1406.9911	1190.0724	1423.0009
1916.318	1453.0067	1917.2229	1409.9626
2386.2683	1664.2316	2324.5046	402.3179
2735.1907	290.7729	2746.659	300.40594
2864.7083	550.0963	2863.1345	528.99
569.979	1107.0864	554.8979	1103.4199
913.73804	1406.9884	912.85266	1427.0376
958.9078	1468.0348	960.21027	1434.008
1326.0	1329.9631	1314.9991	1329.9725
2533.0474	590.9318	2534.6802	616.0208
2576.1453	1317.1173	2574.3032	1287.9808
2838.0671	1324.8347	2840.324	1353.0541
2869.9006	619.06854	2868.4602	595.9713
2924.452	1441.8225	2926.567	1471.0314
79.25115	1198.0325	77.44132	1212.057
765.6322	877.4525	778.5552	859.39734
1044.7576	1420.0929	1046.4939	1405.9379
1207.1558	1460.0057	1207.8629	1440.9949
1329.9518	118.76438	1349.9982	120.02904
1547.1908	487.8186	1549.7897	504.8797
1798.0013	935.9924	1798.822	1044.0013
2223.3389	585.98956	2224.1365	611.9651
2290.294	669.0312	2282.126	484.03857
2552.7952	1044.0681	2551.1511	1014.99146
2575.9993	941.49365	2521.9993	941.406
2663.403	1437.5784	2681.6123	1456.3756
3023.2852	574.0531	3020.678	538.94965
669.6349	1287.9856	667.69867	1337.0276
949.0789	1333.0021	948.6771	1348.0181
995.99664	880.9104	1047.9993	880.7515
1193.9894	1468.5165	1224.9963	1467.8357
1237.1042	1426.0027	1237.6449	1404.9908
1911.7385	1352.6405	1897.8246	1362.7587
150.00453	1398.3625	121.99641	1398.7124
329.1442	1134.6748	323.69437	1165.7712
360.33255	1457.0416	362.08633	1443.0107
1241.9894	1311.1766	1230.9691	1310.5107
1800.5817	886.9014	1803.9177	872.74493
1803.649	492.713	1806.6383	509.88892
2250.7458	523.9773	2251.4465	547.01685
2586.0469	1403.9132	2588.462	1433.0446
2871.3613	567.87976	2872.5396	591.02344
2899.0369	982.8315	2901.5293	1012.9562
26.849031	120.78358	1.3823665	138.54814
59.33802	1243.0305	55.458412	1286.0414
58.921112	1505.3141	71.97841	1503.8123
449.4358	1368.0076	449.36237	1382.002
1006.2795	497.9751	1003.30554	583.976
1265.2681	482.10748	1268.0836	501.2814
1474.1743	920.0096	1473.8833	894.98975
1550.6515	870.03705	1548.1493	914.0085
2308.5593	1078.0195	2298.86	859.0062
2892.7986	900.8809	2894.7275	930.01807
3057.2866	982.0592	3054.211	944.9825
306.44678	1249.9016	303.56577	1266.1006
417.5949	1326.922	420.48605	1311.9011
420.21115	1442.9288	418.57623	1461.052
631.5226	1530.6624	622.7014	1537.6215
697.3253	1308.9784	697.6511	1329.0056
934.9721	496.9764	997.00165	496.12103
998.0224	1347.6093	984.9507	1346.8602
1321.0826	1421.0072	1322.3103	1407.0272
1453.8708	60.065853	1463.0989	61.183716
2559.2268	525.9334	2560.6975	553.0164
2868.1853	528.85205	2869.691	551.0886
3067.7324	923.8631	3061.3398	842.97314
101.1414	1211.838	105.06922	1191.0131
1320.8281	1495.9806	1321.6746	1532.0077
1541.6064	884.92664	1544.4097	869.88995
1806.883	538.0558	1806.3269	516.965
2497.1611	1037.6471	2484.1375	1031.6992
2503.3977	1403.9336	2504.8254	1434.0083
2579.9177	898.0035	2581.3577	931.98486
141.5131	1462.058	144.33968	1437.0383
362.48566	1164.2152	355.78073	1179.346
1030.0001	1400.9846	999.993	1400.6694
1463.4735	1884.1195	1460.0889	1869.2068
1620.6903	1446.6497	1608.5658	1459.5325
1811.1237	1407.0012	1810.632	1459.006
1934.7577	1364.3248	1918.7272	1352.3657
2141.997	1494.7266	2294.0027	1495.3159
2588.6338	1438.9088	2590.3118	1468.9825
2622.0063	1483.3545	2565.0022	1482.788
2769.3025	594.9682	2771.643	617.2476
2789.1128	945.8817	2791.143	964.9848
65.54994	868.96216	63.949547	887.9957
609.1068	1304.0083	610.04913	1291.9258
1174.0	1495.9778	1318.0	1495.9844
1237.6606	1395.0217	1238.5835	1366.9863
1277.4017	919.0056	1277.7648	892.9967
2844.4888	595.051	2846.8909	619.1107
3061.0227	1025.9978	3057.432	987.9592
140.94829	1563.8264	154.25653	1559.861
218.72223	960.97943	216.33936	993.17316
340.46457	1443.973	339.75436	1458.0381
936.54474	1370.0897	935.6733	1385.0972
988.39716	1440.0023	988.277	1461.0016
1538.0175	544.0	1537.8699	631.00146
1672.9469	1583.2701	1636.9918	1585.888
2266.591	896.984	2267.5117	930.98615
2529.9514	615.06415	2528.481	591.03174
2585.1714	1468.076	2584.004	1439.9999
2818.7344	552.0164	2817.2485	527.9846
3044.9912	648.00073	3034.8408	528.0135
199.0212	1434.4525	186.00291	1435.0623
377.04596	1430.091	388.02646	1429.6284
737.67346	1635.9872	741.2481	1544.9705
1030.8444	1444.9934	1029.4559	1478.0192
2484.2817	523.9872	2485.554	551.9748
2578.8645	1287.9315	2581.2312	1317.8234
3016.2632	482.97803	3013.5078	449.9576
3047.0845	1074.0814	3035.698	946.02686
144.8685	1093.9381	146.29788	1113.9788
1236.048	1460.0043	1237.7561	1440.9781
2120.6577	1263.0762	2122.6611	1272.0754
2869.5388	981.88275	2871.9158	1013.0826
2914.854	1324.8374	2917.409	1353.9641
507.9842	1244.526	455.94104	1242.9618
929.0023	1400.0947	914.9999	1400.0591
961.3164	1391.9625	962.6874	1366.9828
2118.9954	657.7335	2264.0022	658.6475
2610.8835	1288.9395	2615.9607	1363.0027
2910.0322	1319.0956	2907.3623	1292.063
167.89325	1131.4227	155.90033	1128.3948
329.00833	1228.9996	329.34647	1238.0245
932.975	1396.229	947.0251	1395.7728
1732.606	921.05963	1731.6184	897.9736
1764.0206	1561.218	1750.004	1560.8475
1869.4974	515.9764	1870.6875	541.01483
2205.9805	144.86458	2193.9429	146.60452
2488.9998	1358.6809	2528.9998	1358.6886
2501.5657	1368.899	2503.4434	1398.0359
2550.0652	1321.9064	2552.706	1351.9379
2581.88	939.00757	2588.994	1052.0004
2847.8691	1446.968	2848.7185	1470.0104
427.96265	1314.9983	426.56815	1346.0255
912.42163	1442.9524	911.1739	1458.0967
1224.8014	1314.9973	1224.5802	1331.008
2871.1042	1367.9918	2880.3975	1486.1261
2898.651	530.94806	2900.732	557.0214
2901.9902	1445.9567	2903.1262	1471.907
170.68588	1420.0928	172.33443	1407.9099
343.01996	1405.001	342.26877	1421.0126
1216.8246	1690.162	1195.5658	1719.9774
1536.9897	284.13846	1525.9022	283.31284
2177.994	513.9985	2181.85	498.70993
2251.5596	555.9741	2255.584	643.0192
2921.469	1406.8699	2924.049	1435.9956
947.01917	1400.3013	933.0122	1401.192
1259.518	1406.0071	1259.6323	1429.997
1709.8928	1418.9144	1718.7269	1511.0262
1742.7258	1505.0277	1739.8806	1476.9109
1880.0881	1643.3376	1864.8262	1641.3059
2815.967	1405.9207	2818.344	1434.8898
3003.0747	536.06757	2997.448	459.0403
1357.5001	1533.9901	1357.2225	1548.0044
1552.7054	1575.8058	1561.8363	1567.813
2189.0015	896.99994	2189.8477	929.004
2857.9778	556.64667	2895.967	557.956
161.37769	1551.908	164.04646	1533.859
436.98727	1135.8177	420.0002	1137.0029
619.74646	1539.2793	609.78564	1530.2361
1029.9978	1436.5553	995.99835	1436.4203
1192.9977	1297.96	1209.001	1297.0172
1452.8922	1362.5997	1436.0458	1350.9338
1491.0023	1398.8237	1408.0001	1399.0516
1767.325	1840.3601	1775.1045	1854.9443
1797.188	895.9944	1798.0217	923.9993
2431.9924	661.6874	2576.997	663.2676
2553.6973	1368.8828	2555.71	1398.02
3030.2407	654.0702	3027.0894	619.99176
37.26416	1477.0144	35.89981	1502.1033
2282.4146	1362.9838	2287.008	1479.9996
179.29266	1308.2341	181.52364	1295.9137
209.0156	1395.4388	229.02586	1394.728
698.6973	1288.9905	698.1905	1305.0376
1190.9604	1348.3293	1176.9226	1346.6451
1844.0723	1724.8885	1845.4414	1738.0581
2279.469	1286.9806	2282.482	1359.9801
2577.0732	1461.8411	2566.927	1457.1582
2912.971	1292.9344	2914.7314	1319.0181
3013.0623	661.0756	3003.4575	541.9631
167.27269	1458.0475	169.56093	1444.9235
378.00092	922.8754	416.9988	923.16156
612.96844	873.99774	611.45776	895.0329
696.2526	1344.9763	695.74493	1361.0236
906.1369	1367.9962	906.0714	1383.0046
990.0147	1406.0001	989.9052	1421.9994
1226.0078	1436.4434	1193.0005	1437.0275
1812.1215	1012.9982	1811.0461	937.985
2267.7898	938.00946	2272.8442	1050.0071
2502.88	899.94867	2504.8086	933.01117
2505.1145	940.9384	2511.1948	1050.9893
2865.6497	1293.9502	2870.8655	1361.9336
3019.2195	522.9834	3016.573	488.03232
171.69319	1401.9398	174.44768	1387.8917
581.0992	1345.9894	580.9334	1359.9993
892.0	1495.0519	1048.0001	1495.0325
1539.2181	895.9783	1538.5222	921.0145
2880.0117	1486.6562	2825.9724	1484.8007
2883.444	1275.8818	2887.0532	1319.9956
2865.993	942.4544	2922.9946	943.3423
229.03343	1190.1411	207.08101	1195.3419
525.785	891.99896	525.8486	878.9944
1807.0088	1795.662	1848.0591	1796.7318
528.6907	1517.1144	526.38165	1531.0632
1046.5908	1344.132	1048.9077	1333.7561
1797.7909	1576.5496	1811.1407	1581.6301
2500.5208	1433.0723	2499.1477	1404.944
21.047064	1575.7163	0.7754789	1572.3534
98.04517	1431.6936	112.050896	1430.7814
183.09004	1368.0043	182.31982	1384.0154
915.3303	1331.947	914.2113	1346.0958
2948.3293	1368.0562	2958.119	1485.0737
113.60081	1458.0481	114.56709	1445.9653
1831.0942	1398.6132	1809.3254	1366.4567
2942.1272	1293.9893	2947.7793	1361.0187
22.941408	1550.2313	37.049316	1553.8053
1257.4934	1914.5596	1262.3143	1930.9072
1353.052	1495.8049	1330.9633	1494.8434
1378.9697	1404.0602	1366.5878	1397.8315
1542.97	1598.7384	1526.9514	1600.5765
2847.2292	900.9848	2849.486	934.9677
3040.1743	891.9845	3043.7273	932.02423
301.0652	1053.904	280.87582	1040.1827
444.0	923.0006	481.9932	923.5086
1262.8239	928.9961	1260.4001	1038.0089
1803.1089	1458.0403	1804.9648	1406.9988
2850.502	943.03625	2858.4385	1052.0409
93.00024	1478.539	78.999725	1478.5317
300.9878	1504.8674	314.96133	1503.5803
370.88733	1367.9926	369.90338	1382.9937
583.0423	1308.0004	582.9009	1323.0085
963.6403	1429.0555	965.7305	1404.9766
1816.205	1424.0804	1814.552	1407.7418
2190.3835	937.9863	2194.2776	1047.0258
2529.2095	1289.9869	2533.8442	1364.0098
2926.7734	945.01886	2935.6926	1052.1089
46.371403	1406.2032	32.19545	1432.1069
185.5827	1330.9896	185.18576	1347.0046
2492.2498	1422.5073	2479.8794	1416.2382
19.124975	1542.5842	0.6868343	1537.0419
176.10353	1346.0116	177.68243	1331.9644
1181.2697	1407.013	1181.5183	1421.0085
1275.0212	1349.806	1261.9587	1348.3777
2176.1233	549.99506	2179.8115	641.96747
3027.042	613.99615	3023.837	578.9235
2486.0662	558.99585	2491.614	648.02405
95.67108	1367.0311	94.92925	1382.9967
374.9115	833.3786	360.02368	829.8987
1847.24	1577.3057	1824.8086	1569.554
2561.345	558.97925	2566.6921	647.95844
2901.2168	563.98364	2907.7915	651.01575
1411.1443	1361.7594	1413.7296	1374.0569
2211.4229	1268.1182	2214.0984	1281.1846
83.58304	1417.928	85.48492	1406.9111
1363.0958	1402.7368	1373.3616	1415.3351
2261.2737	644.9895	2260.0479	612.99817
2533.7615	1366.013	2539.788	1477.0115
1808.548	872.0699	1810.7083	886.0451
3037.035	851.9171	3040.0044	888.99963
1266.1781	1368.0532	1267.2743	1384.9822
2887.2485	1323.9808	2889.566	1354.0334
3017.9143	621.924	3020.996	659.0003
119.286964	1576.8773	127.390755	1595.8329
550.1275	540.0697	548.46063	567.0285
2824.1846	529.98425	2826.5815	558.03577
89.83804	1443.9884	88.763664	1458.983
294.759	1445.1326	289.15622	1477.202
1181.9875	1369.0007	1182.7529	1383.0135
3044.1716	944.9839	3047.9294	985.00665
188.1796	1294.9813	187.85919	1309.0197
92.62035	1404.9775	91.727066	1420.0431
169.92259	1506.7534	184.9887	1505.8179
1823.2029	1564.9932	1818.97	1438.9338
2770.8687	1483.0171	2772.4333	1495.0735
2923.4187	902.96454	2926.1328	934.9888
3032.8933	616.92633	3035.623	650.03107
260.67438	1183.0309	261.361	1168.0165
345.10214	1368.002	344.79797	1384.0151
1625.7458	1910.2787	1606.4584	1892.6906
3051.4878	1031.0482	3055.2598	1071.0698
177.61923	1326.1088	179.58414	1314.9269
903.9295	1407.974	904.2651	1419.9926
2615.8853	1366.0076	2623.1997	1475.9867
2791.2834	1496.092	2789.6082	1483.0503
3055.5503	888.94977	3058.9312	926.0063
1308.8323	1315.0074	1309.4495	1328.9801
1411.9681	1374.8882	1398.8882	1378.6067
1552.742	915.0086	1551.9386	890.9686
3022.287	485.97803	3024.6628	517.0258
37.770107	1289.0092	38.170307	1299.0331
180.24556	1405.0157	179.22142	1421.0142
312.84695	1090.2706	291.03665	1077.9352
1294.9885	1420.9999	1295.0544	1409.9944
1749.3188	1560.0458	1748.1665	1542.9215
335.26044	1382.0616	337.88776	1370.9734
1279.7815	1348.0046	1279.8579	1334.9991
1428.8127	1539.1681	1415.5547	1524.3998
2146.2754	249.15419	2129.0623	253.26138
2826.338	562.9738	2833.161	650.98755
3011.328	541.89	3014.399	578.9669
177.3115	1443.938	175.9558	1458.996
186.56567	1316.9984	186.52573	1328.002
331.7124	1437.0757	332.78452	1426.9772
173.47662	1383.0573	175.045	1370.0054
210.99823	1477.9612	183.0107	1479.235
286.29324	1537.8649	296.02472	1558.9886
1190.9202	1682.0571	1191.9128	1666.0566
1200.1515	1641.347	1184.0892	1642.3835
3047.8042	988.01843	3051.6602	1028.9377
1306.5442	1465.9515	1307.6198	1478.0338
1750.4344	1528.0647	1752.0808	1517.0121
2525.0044	559.27167	2546.9988	558.92413
2720.9526	1637.557	2698.99	1639.9059
328.6517	1478.0778	330.326	1464.0388
1192.0044	499.89346	1255.0028	499.5875
1218.4788	1869.7031	1228.9768	1886.6344
1350.7096	1567.5736	1320.2267	1588.3329
1242.8569	1903.1715	1257.1158	1915.0604
148.0	920.0	167.0	920.0
2190.0813	1424.3777	2177.0425	1422.6753
1315.0381	1588.4993	1295.002	1586.9749
1195.9333	1328.0	1195.9231	1315.0
3026.0945	535.87994	3029.6096	567.93317
3005.1108	456.99213	3007.3777	488.97324
3019.6125	448.9504	3021.6436	474.02887
0.983847	1064.8481	14.997809	1065.115
1045.6829	1382.9448	1048.3046	1367.879
