3028.1335	213.20099	3068.084	208.75555
1085.9492	673.2972	1105.9172	671.85486
3069.0352	210.56831	3014.9932	210.90907
1247.871	660.6028	1267.8849	658.7541
2704.0535	247.54738	2657.013	252.13269
1321.8687	654.5298	1340.9841	652.82263
2913.0193	227.18895	2812.9336	237.34464
2940.8674	229.72252	3069.0435	216.41876
3019.9329	184.60004	2937.245	198.4615
1015.90326	678.884	1035.9261	677.14825
2677.0264	274.2782	3068.9285	237.242
2995.0425	180.84567	2949.9556	183.11511
1112.9171	670.9449	1132.9506	669.37085
853.9533	692.38153	873.91504	690.87463
2729.0706	192.70464	2700.9521	195.52312
2901.017	210.17203	2985.876	201.75018
1110.8883	698.809	1132.9753	696.7374
1274.9417	658.2977	1294.059	656.7095
3006.963	213.60316	2961.981	217.79602
853.9414	656.33716	900.02313	652.2615
1015.93384	706.181	1035.8844	704.56903
3069.0125	195.11852	3012.014	201.13155
877.9426	717.26263	896.90564	715.78705
1062.1272	705.50244	1015.8662	709.4202
1039.9202	677.07684	1063.9137	675.00214
1321.9474	682.185	1341.9288	680.89606
1488.9523	669.05444	1509.9493	667.9954
1488.902	640.829	1508.929	639.152
1765.0498	129.76459	1730.9341	131.98766
2655.056	252.61317	2606.0078	257.08636
2788.8762	541.4583	2850.958	536.4766
365.9786	1087.595	386.9729	1086.4868
664.9468	708.36365	683.9809	706.7716
447.96085	487.6016	1136.0958	419.97482
832.0368	697.4127	785.95715	701.5189
876.95996	690.6008	899.9295	688.29706
1085.9381	636.27936	1134.0127	632.1482
2690.1216	210.96494	2661.0781	214.62108
2805.8035	203.2128	2861.124	197.12704
2855.8235	208.20865	2804.3772	219.69046
397.9775	729.21216	414.96368	728.72736
1311.9497	576.39905	1374.0173	571.20795
1347.8602	652.3559	1367.8855	650.6531
1591.8859	632.8497	1610.9954	630.95306
2437.9463	568.25244	2461.9658	566.5255
2968.0442	221.40178	2937.0884	224.80444
459.98163	724.4114	479.99335	723.7869
853.9499	719.2529	873.927	717.91223
3005.9956	1031.903	2932.9639	1035.2018
372.9499	757.3066	410.96808	754.5586
438.954	726.33246	457.93283	725.0251
481.0169	726.2245	438.0349	729.46326
678.97754	443.7673	756.0327	436.33948
810.923	696.1415	831.93335	694.2569
897.08307	718.98425	852.9752	722.7066
1064.0957	678.2116	1016.0791	682.0019
1085.9022	701.0019	1105.9062	699.0428
1134.1288	672.2189	1112.0583	674.5517
1233.015	583.18536	1297.0796	577.9788
1246.9235	623.17706	1268.9191	621.12994
1763.9535	620.0719	1785.9484	618.9699
2465.9426	566.27344	2491.938	564.21655
2609.0322	178.32516	2633.9858	175.85654
577.96405	715.24774	595.9707	714.38727
829.0471	724.5666	784.02594	728.3118
1504.9144	1025.3341	1525.9104	1024.2556
1764.0051	98.083244	1730.8844	100.11733
2439.927	599.0899	2494.8943	594.681
2892.095	191.06891	2861.0732	193.82549
474.05585	752.74896	435.04907	755.658
1516.8788	638.70917	1535.0007	637.0079
2855.9863	237.85898	2936.1035	230.06335
2942.0107	489.12418	2870.9412	495.3267
388.05792	1089.4215	345.00714	1091.1754
786.9322	698.19916	805.9651	696.5878
1040.9344	704.10693	1062.9625	702.4902
1269.0933	661.9475	1248.0999	664.0146
1269.1619	689.7122	1247.9731	691.7159
1592.9438	661.33014	1611.8945	659.74133
2919.7493	221.81667	3007.9895	214.8668
2999.9575	206.4898	2968.0125	209.14867
228.54295	660.95795	235.43268	586.0398
265.50473	653.9466	267.24545	637.8107
410.02664	757.33966	372.025	760.31866
415.02563	731.3699	374.01477	734.2132
541.9365	1076.6365	584.98285	1074.632
597.9263	713.9674	619.8856	712.39886
640.9244	736.78577	659.97504	735.5993
900.06616	691.7956	853.0585	695.70355
1248.9308	687.8998	1267.9187	686.7061
1345.9194	615.1908	1368.8907	612.9028
1589.87	594.52313	1611.9629	592.57837
2494.0312	567.41736	2436.976	571.679
2885.8762	596.5321	2949.9265	591.1278
3070.5032	44.000534	3070.6995	226.00032
227.11363	478.89542	228.88655	463.86862
1274.9231	686.10565	1296.9323	684.21204
2507.9417	271.37393	2553.0159	267.17133
3069.07	1269.9962	2857.051	1277.4507
539.97565	1110.4329	582.9822	1108.585
1015.93854	642.2786	1037.9491	640.4032
1107.0864	675.0141	1086.0687	676.80634
1347.9381	680.0425	1369.9752	678.6167
1485.9056	603.0138	1509.8773	600.719
1503.9286	1061.5337	1528.9181	1060.3173
1512.896	600.99554	1536.8463	598.5156
2495.054	597.57635	2440.161	602.7176
3023.0522	819.855	2786.9573	834.30316
2877.8613	534.4397	2939.9924	528.91614
2912.965	1036.2527	2839.9846	1039.6711
3069.9211	1253.7778	2838.036	1262.0093
697.10834	623.259	553.14166	635.6466
838.9357	1096.5426	861.9791	1095.5264
1295.6215	618.8168	1301.472	574.79694
1334.9609	1036.1165	1357.9601	1035.0986
1564.9204	634.91864	1583.9645	633.51733
1581.9093	1021.5852	1605.0067	1020.1038
1609.9427	1020.26624	1633.8751	1018.3995
1765.9014	153.82367	1729.903	156.84242
2044.9277	1036.4839	2069.966	1035.2896
2829.4897	191.02748	2795.6824	199.77216
2881.9197	565.0148	2943.9153	559.9613
2896.9834	906.7164	2824.9385	910.9515
263.79898	673.87823	265.3248	658.83014
345.98862	1121.1724	361.98557	1120.9521
435.96936	752.62286	476.0299	749.3682
1108.1105	701.9218	1086.0675	704.56354
1297.017	586.1958	1240.0994	591.1434
1343.0885	683.9795	1321.9	685.89264
1343.0992	655.9951	1321.9111	658.10864
1487.9341	697.9588	1510.9684	696.5006
1609.9131	1056.2562	1634.0028	1055.0564
2856.1067	570.2763	2793.1294	575.5465
2796.945	603.3113	2860.9373	598.2136
2831.9197	958.52356	2863.9878	956.77716
3069.1523	240.63043	2675.1338	277.43347
210.89899	653.8844	212.4676	638.9441
212.96454	633.92346	214.07275	618.93146
249.2828	846.9337	250.76546	830.8859
620.08093	645.0356	569.1575	649.0153
642.94226	710.0152	662.9321	708.8426
807.92896	723.221	828.93665	721.3054
1233.9286	1076.8834	1254.9705	1075.5383
1272.9513	620.56506	1296.8899	619.75323
1295.087	660.07745	1274.0627	661.77686
1334.9459	1072.2332	1357.9022	1070.6134
1344.926	709.21155	1369.8939	706.869
1531.936	1024.1952	1554.0349	1022.4395
1612.1312	634.3745	1591.037	636.388
2595.98	1428.9294	2656.9775	1427.792
2618.9963	922.92505	2548.9675	926.33344
2809.2478	189.65198	2758.0493	197.32826
2748.9282	248.21452	2793.0173	244.19083
2793.927	572.0722	2822.9834	569.7885
2890.981	1424.9124	2956.978	1423.7543
2930.9395	992.8146	2995.974	989.49255
232.40909	421.95523	233.55043	406.89017
561.967	641.6304	621.12024	636.34564
784.9339	724.8821	803.9266	723.75885
1041.9142	640.18896	1063.9845	637.8532
1062.6324	674.0394	1064.0099	651.9383
1245.9584	716.41156	1268.9141	714.7861
1564.8885	663.7041	1585.9052	661.89716
2054.914	598.95905	2076.0178	597.2156
2568.1133	260.72388	2553.9895	262.93307
2895.989	1464.3477	2962.9868	1463.2157
216.64468	594.8999	217.75188	579.90784
244.68733	485.973	250.91537	413.90628
374.9444	731.1043	393.93332	729.9257
661.9424	735.5237	682.9972	732.977
849.9315	747.13635	895.04443	743.56055
1043.9896	1085.855	1063.988	1085.6746
1083.9066	728.91144	1131.9819	724.78986
1383.0696	562.7934	1224.0641	576.7316
1319.907	710.81104	1341.9287	709.0887
1371.1382	681.9908	1347.046	683.663
1487.9885	932.8039	1554.0554	928.9513
1870.9114	613.04865	1891.0165	611.1769
2524.8894	592.3409	2549.9778	590.6681
2670.9915	1508.9146	2601.0115	1509.467
2826.952	569.4242	2853.9312	567.1747
2812.9807	1072.5352	3055.977	1062.4467
267.08676	635.8955	268.93225	619.7634
430.96725	1117.4252	451.95615	1116.2299
606.961	1107.3636	651.9757	1104.6034
687.0839	638.9477	635.1371	643.54785
831.11053	626.2189	779.175	630.92914
1269.8381	622.01447	1269.5519	599.018
1334.9213	991.07623	1358.9175	989.032
1368.0956	654.12634	1347.9858	655.83307
1469.0156	562.1885	1538.1202	556.44727
1585.1624	636.79266	1564.8759	638.6297
1762.0109	68.155556	1728.0377	70.53798
1776.9421	1012.8831	1829.0095	1010.18335
1842.9348	614.9095	1864.9161	613.5966
2106.899	594.78235	2128.913	592.9535
2841.9424	1036.7665	2906.987	1033.7241
203.02094	1104.1152	164.21265	1111.1698
347.98608	1088.2264	363.9989	1087.9381
405.94754	663.3973	367.1543	666.77313
411.95654	1085.3245	455.03564	1082.5541
467.02798	987.43164	324.91196	996.6411
615.08923	742.0759	574.12213	745.473
575.94275	741.7903	594.9475	740.8911
608.9639	1073.4788	654.025	1070.3616
1371.0735	579.8572	1313.8934	584.7563
1515.9407	667.22986	1536.8936	665.6168
1537.0844	669.0708	1515.979	670.73346
2025.9327	600.76605	2048.919	599.51276
2128.9253	1032.6504	2182.9814	1029.663
2974.0115	414.1201	2747.0625	435.65924
3067.318	1386.888	3071.0715	1497.9976
129.3895	1302.3335	90.48239	1316.5872
409.9894	1118.1599	427.99915	1117.933
491.09726	641.06213	351.08072	653.8816
649.0506	448.50345	578.95447	455.54715
571.93286	769.1353	612.9188	765.95404
686.0758	709.89233	642.05365	713.6315
1036.7811	676.947	1037.8245	652.9489
1133.1085	700.05646	1110.1454	702.41565
1134.1259	599.47705	1078.93	604.1797
1360.0531	949.82056	1301.9082	953.58185
1530.8923	1060.3973	1554.9852	1058.7795
1765.9252	648.9209	1786.8936	647.46606
2587.9866	1340.4048	2649.9775	1339.0024
2866.915	956.8457	2896.9	954.63916
3070.0115	1504.6174	3001.0356	1505.9049
279.4546	498.93585	281.00385	485.7652
781.9565	752.4505	826.99084	748.8844
993.94653	1089.3989	1015.9503	1087.4413
1133.1188	668.9458	1134.5939	644.97504
1232.9612	996.0436	1256.9622	995.0687
1297.1444	687.63916	1274.1467	689.6654
1536.1147	640.54767	1516.0028	642.0381
2448.006	877.10443	2535.0564	871.9541
2499.9817	1430.7726	2561.983	1429.8523
2551.9097	559.99164	2577.9692	557.6572
2825.043	913.76514	2898.0378	909.6764
3069.1409	199.88982	3006.9646	204.52524
379.04202	1156.1238	340.98306	1157.5468
519.01447	410.70126	493.9953	410.42218
619.0456	715.6128	576.9808	718.74176
596.99	740.9246	617.03485	738.26263
873.5518	690.96405	874.1228	667.9782
901.0939	620.0584	847.0755	624.85077
1066.9551	1085.4507	1088.9713	1083.65
1271.9568	714.2834	1295.9901	712.8354
1628.0651	541.81714	1463.076	554.9546
1510.1383	642.3572	1488.8499	644.52734
1513.9436	696.257	1537.9569	694.43274
1561.9127	597.084	1584.8944	594.8929
1586.9661	690.01764	1585.5824	608.99005
1791.9514	618.25305	1813.0573	616.8806
1777.9575	1049.0585	1830.9851	1046.6685
1856.9419	1008.90106	1881.9248	1007.5788
2440.9448	629.1625	2500.9473	625.20184
2525.9272	623.07574	2584.955	618.42975
2840.8923	445.83344	2771.0254	452.2765
2767.8896	634.58746	2999.0413	616.52686
2995.9944	1462.1602	3029.9995	1461.9375
268.94916	616.90546	270.48206	599.86346
284.55594	443.9944	284.75793	427.99695
432.9433	779.2081	471.9581	776.41473
480.9452	656.48126	432.84808	661.56177
653.99585	1073.9294	607.97955	1076.6543
911.14594	603.5984	763.1016	617.11304
1063.7126	636.97614	1067.2921	593.8582
1309.9635	1072.8451	1330.9741	1072.1803
1590.8887	690.9839	1613.9406	688.45715
1581.9789	1094.5823	1636.94	1091.809
1885.9509	1044.3171	1910.9656	1042.5206
2043.9265	999.26263	2067.968	998.24634
2074.9512	1035.1569	2099.0442	1033.7632
2632.9536	1050.0109	2562.9668	1053.2915
2852.0552	539.7006	2789.0525	544.6667
3009.0925	836.59314	2804.0872	848.5007
2947.029	442.3169	2870.0334	449.36435
2932.9692	1032.3408	3002.9573	1029.0817
2999.9973	1502.8901	3070.0535	1501.1233
597.49725	676.96545	599.01	654.932
746.95544	1066.5459	768.9654	1065.8715
770.98456	1065.2863	792.9959	1064.8099
1233.9052	1041.5261	1255.9425	1040.1073
1269.1152	715.00104	1269.8317	634.98956
1538.1194	565.49225	1480.9253	570.06647
1510.0928	671.15155	1488.1548	672.9199
1587.1187	665.1544	1564.9418	667.43414
1635.0098	932.1596	1575.9254	935.78394
1583.9318	1057.6638	1606.9229	1056.4895
1766.9618	160.55289	1729.8058	163.7236
1842.8762	644.2011	1864.9095	642.6848
2134.866	592.61865	2157.9397	590.37787
2107.9158	653.8159	2163.9175	649.83704
2530.9592	927.2364	2460.945	930.96765
2522.931	561.97345	2548.9478	560.2232
2554.9368	590.3093	2580.9927	587.9203
2587.985	1384.2385	2659.0166	1382.8413
2588.9907	1377.8878	2654.9944	1377.3384
2671.1199	238.97005	2657.9502	240.59718
2852.0786	450.87482	2775.0706	457.78723
2836.965	997.31476	2901.9485	993.99426
2839.9707	1042.3407	2915.0447	1039.0051
2925.971	953.4051	2957.9924	951.8435
3022.0156	230.15382	2943.9084	238.1012
195.3289	828.941	196.72533	813.0638
228.94707	461.9139	230.34108	444.86435
384.03455	1122.8043	343.02432	1124.566
412.87347	1010.44684	456.07556	1006.92773
708.12665	610.50824	542.12134	624.445
657.7735	760.98737	658.9498	739.9413
659.30817	734.9543	660.76416	712.91833
631.8694	635.4728	690.04254	630.4975
833.26605	655.95703	835.6694	614.92206
1296.4956	683.9965	1296.8524	631.9921
1319.8427	617.3617	1341.9271	615.241
1562.9138	692.9227	1586.9203	691.00275
1634.0829	1022.4435	1609.1079	1023.87787
1731.0294	74.37693	1763.1459	71.865974
2673.033	1281.1693	2469.9973	1286.9071
2854.0146	871.2415	2826.0576	872.9451
2960.098	430.07446	2763.0037	448.0412
2972.9897	1506.2552	2899.9897	1507.2534
2978.9724	1332.143	3012.9692	1331.0463
3016.965	1331.2157	3046.95	1329.8777
196.63261	807.83234	198.47452	792.8129
637.9253	763.98035	679.91974	760.9041
1063.1187	605.1958	1008.1638	610.65045
1042.9215	1051.616	1064.9073	1050.3683
1107.9602	633.9894	1108.1849	611.98145
1343.2615	616.0177	1342.7104	593.05493
1342.5957	708.9982	1342.9401	628.9954
1357.6016	988.5822	1365.8124	941.44476
1528.1261	1027.8838	1504.0999	1029.4915
1792.9198	647.0366	1813.858	645.2938
1870.9596	671.43195	1895.9043	669.6558
2352.947	301.42047	2515.0532	286.58234
2636.986	278.8481	1786.9572	356.53143
2825.0256	224.27199	2794.0186	227.1957
2872.9536	492.45053	2935.927	487.1342
2884.991	1373.6649	2952.968	1371.8232
2946.086	563.0388	2882.0278	568.337
214.58662	614.8413	216.27473	599.8063
236.4682	981.97064	237.29906	966.9062
281.10565	680.00977	284.45688	643.85693
413.99274	1412.7396	349.01547	1414.5537
583.0694	1111.7687	538.02106	1113.536
585.03735	1077.8566	541.03375	1079.7742
595.39856	713.9677	596.5809	691.9239
638.93854	677.5509	687.97797	670.8389
744.9471	1100.7886	791.94476	1098.7356
839.9493	1062.2281	863.977	1060.65
1135.2859	642.09827	1083.0845	646.9158
1067.9532	1050.3582	1089.9094	1048.7572
1106.6664	698.9917	1107.9338	647.9735
1259.9467	1040.2948	1281.9718	1038.628
1307.9613	992.06995	1331.9614	991.0728
1635.0376	1059.0469	1611.0326	1059.908
1731.0458	103.88545	1764.0609	102.17656
1870.9327	642.1701	1892.9502	640.3851
1884.905	1007.675	1908.9963	1005.94867
2026.9377	630.0354	2048.975	628.61255
2072.9475	998.2915	2097.0376	996.5074
2135.9036	622.1233	2159.9426	619.4785
2468.957	977.20844	2499.974	975.5221
2494.9927	1380.622	2558.9875	1379.3633
2543.9768	1053.4966	2470.9932	1056.8486
2690.0032	1265.1154	2451.0127	1271.4739
2934.0217	239.23763	2851.8865	246.75945
2942.093	532.086	2879.042	537.4896
2989.9856	901.72424	2916.9238	905.5392
3032.9634	1461.8274	3065.9626	1460.7985
179.25038	984.9162	180.94339	969.77014
200.28642	767.9504	201.39342	752.02734
329.85574	812.0106	489.9565	800.4004
364.98383	1120.4751	384.96487	1119.8597
350.98886	1013.45605	387.9734	1012.6992
369.9252	783.99756	406.94296	781.23553
371.61975	699.2058	417.00403	693.02954
416.0766	670.705	400.01917	671.42645
377.92645	493.14578	430.9638	488.57962
458.96432	688.9983	460.00305	666.953
844.8909	616.7823	906.02734	611.3055
1012.9276	734.07776	1061.1018	730.29755
1043.0209	1008.2867	1092.0524	1004.7194
1313.1907	714.00165	1314.247	593.99335
1308.9263	1037.742	1331.9058	1036.394
1358.1171	958.8917	1336.0778	960.25555
1613.0876	663.18945	1591.1333	664.80786
1792.8931	676.7944	1816.8817	674.66626
1857.9147	1045.5468	1882.9458	1044.077
2025.9324	660.0925	2052.9314	658.0796
2598.084	462.0026	2409.9788	477.74576
2508.952	477.3991	2591.0654	470.81604
2636.0845	858.3992	2440.0742	870.2312
2549.013	929.2533	2620.0828	925.62146
2784.928	500.1147	2846.924	495.06662
2851.012	497.14005	2781.999	502.98727
2899.9988	1503.7471	2968.9998	1503.6863
2944.9207	495.10867	2869.8926	501.7932
2992.9717	1422.9497	3058.9778	1421.1718
251.07753	825.94574	251.96326	810.88025
460.0807	667.06537	441.11377	668.502
477.04794	312.90887	509.40756	271.53662
608.9666	1030.5352	656.0113	1027.1571
1062.2917	701.98444	1062.7979	678.9736
1146.0946	583.1042	991.11865	596.38434
1358.097	1038.7838	1309.0789	1041.45
1556.093	1062.6862	1532.1107	1064.0084
1607.0737	1060.0262	1582.9824	1061.7556
1608.9246	974.09045	1633.9186	972.0181
1763.9656	678.5319	1787.9098	676.772
2126.9604	995.0375	2150.961	994.0494
2541.0796	871.41364	2628.9705	866.4726
2651.0134	842.2119	2425.0334	856.52673
2854.999	502.98868	2781.9153	508.96432
2911.9985	1684.044	2866.9985	1684.1146
232.82642	669.47565	198.07555	656.79297
454.99875	1085.9784	411.03177	1088.5444
456.99942	1010.99133	415.04886	1013.7446
548.0036	406.62186	522.9868	406.384
530.93256	797.05756	699.92584	784.9635
681.9944	768.9341	548.941	780.3095
541.9887	1034.8019	587.0703	1032.2345
773.9407	623.3706	830.10156	618.07733
808.0611	659.9824	808.455	638.971
971.97003	1054.9598	992.9814	1054.3542
1134.9839	733.8008	993.93475	745.19183
1330.0347	388.31888	1263.946	395.50403
1359.6027	1105.9979	1360.1471	1002.9955
1370.2981	613.0073	1370.8652	589.97205
1510.1748	601.0127	1509.852	580.01764
1502.9562	978.99524	1527.9957	977.9017
1616.1508	558.6977	1554.9232	564.1349
1671.9861	357.84247	1587.9362	365.27875
1762.8817	0.929844	1768.8513	161.04283
2553.9336	283.24207	2628.8848	276.68243
2663.0134	1469.6371	2603.9976	1470.8853
2826.9285	907.7629	2892.9395	903.95056
2898.0205	853.376	2816.0447	857.8231
177.54028	1005.95703	179.04037	989.9103
324.10104	575.74725	178.74467	517.6387
191.9551	1084.6315	214.99591	1083.8755
267.04266	853.00305	271.1618	795.9395
271.87582	792.95294	272.584	776.0244
284.8945	688.30115	247.88333	675.333
348.96225	1046.3177	389.9475	1044.0508
397.08508	672.01	379.04462	673.5296
404.96152	1152.1499	446.01318	1150.2915
1158.0334	421.34155	446.10867	491.1089
534.9703	1144.2529	576.98334	1142.5809
546.1785	441.44684	574.12317	437.9982
593.5734	740.91345	594.967	717.9373
573.72504	682.9722	620.9416	676.56946
618.72327	711.9814	620.2031	689.9465
621.0156	676.0008	623.08716	634.9539
817.9101	1019.66626	866.02844	1016.42194
1038.1451	640.9713	1038.5005	617.9768
1259.9238	995.136	1282.9216	993.11017
1730.1204	135.84319	1765.1018	133.5581
1777.3547	160.02657	1770.806	0.92566323
1789.9594	579.5602	1812.9475	577.4327
2559.9407	1012.0122	2621.957	1008.2848
2604.0376	628.51544	2432.9294	641.03674
2600.9944	1506.7158	2666.9683	1505.4026
2782.031	505.36987	2852.1238	499.4718
2771.939	455.34653	2854.062	447.66147
2816.0386	860.6686	2897.0571	855.98846
2899.0657	958.17645	2833.0479	961.85956
2872.0627	497.7397	2943.0605	491.71347
2961.9673	951.43805	2989.931	949.81244
2986.0117	1377.4025	3060.0364	1375.2557
198.5429	787.9534	200.08675	772.805
281.0158	480.89392	282.62546	465.95963
284.68265	642.97406	287.70758	605.9761
398.06238	998.8619	455.0534	994.738
651.05255	1107.8773	606.0344	1110.5747
817.9656	1063.164	836.97455	1062.3815
874.8802	653.95557	875.7132	632.949
2471.9583	1015.1789	2501.9824	1013.655
2505.9683	1013.36127	2531.954	1012.07434
2474.953	1054.1168	2536.9368	1050.8119
2564.995	1382.6067	2493.9937	1383.493
2588.9294	972.10925	2617.9058	969.8111
2684.9392	262.4185	2636.9414	267.43982
2972.0593	600.75226	2791.9172	614.9505
2957.972	1374.8604	2883.9924	1376.6906
2919.9805	902.6462	2986.9426	898.9592
2933.9563	1038.0554	3010.0247	1034.5316
3000.998	1508.8842	3070.0288	1507.7333
230.74413	1044.8696	232.41913	1028.7322
440.08487	490.95285	327.09073	501.01843
473.92642	785.05914	344.93344	795.149
478.00275	974.04034	317.99158	984.87555
376.8098	670.04407	416.0225	666.23114
439.9619	691.3901	482.98145	688.703
562.89276	1031.8796	564.49054	1003.91376
620.0154	654.26245	603.00574	654.47003
681.06476	736.748	641.1044	740.20605
661.01215	708.9591	661.96387	685.95715
1020.06586	1056.2491	971.04395	1058.8335
995.95245	1054.3904	1017.89703	1052.6792
1257.0563	1043.7307	1233.9622	1045.5083
1258.929	1075.4973	1283.9203	1074.3154
1359.0847	1074.4082	1334.1149	1075.9102
1562.5132	314.02988	1576.9244	306.84848
1832.0625	1050.4209	1777.0808	1052.8381
2054.9292	658.1718	2081.9036	655.8692
2155.9287	994.1389	2181.0054	992.06616
2121.9539	947.151	2180.9429	943.9491
2532.067	875.1379	2451.991	879.8466
2526.9736	1342.0134	2553.9812	1341.2936
2564.9412	1050.9219	2626.9749	1047.5404
2658.9836	1380.0374	2586.9875	1381.2655
2741.0413	228.39124	2715.0151	231.14401
2925.9014	437.93277	2868.9258	443.19586
2949.0046	192.04326	2890.0222	198.21164
3069.0466	1464.269	2995.0164	1465.7903
3069.0295	1524.2242	2896.0068	1526.513
213.2803	834.9403	219.66551	757.9722
229.42766	644.47644	198.77039	632.59235
230.5792	440.95963	232.11835	424.91544
252.43654	805.9437	253.94875	790.7952
254.06125	786.005	255.3034	770.86084
502.9078	440.14096	546.05475	435.50998
519.6318	1327.8334	525.91144	1313.96
871.2949	744.05316	872.1603	722.9655
872.597	717.9913	873.095	694.9804
901.26245	661.85785	851.04315	666.4701
744.9214	780.96313	916.918	767.9195
1132.3689	695.96484	1133.6499	672.98047
1376.0741	715.93207	1228.0563	727.70795
1369.5236	705.97723	1370.6241	682.93427
1555.0602	937.1622	1496.0632	940.2198
1528.0708	1064.1569	1504.0994	1065.6241
1503.9736	1097.8468	1528.9834	1097.2755
1607.1368	1023.58276	1582.1508	1025.7435
1831.009	533.1174	1900.9801	527.7403
1841.9022	673.91675	1866.9688	671.65375
2463.9465	927.98816	2524.9875	924.76276
2493.016	1386.3556	2564.018	1385.512
2583.0999	591.2303	2525.0767	595.9434
2580.0767	560.9527	2522.1294	565.6098
2813.0078	855.1437	2900.0742	850.34875
2938.9978	500.97855	2908.1157	504.13287
2885.013	1379.565	2958.0205	1377.9021
3007.9646	1296.1472	2978.0164	1297.3921
310.2863	743.1563	161.74454	692.75287
282.5647	462.956	284.2959	445.82776
345.0314	1414.9451	283.99908	1416.9727
417.06772	703.282	372.03488	705.6602
394.75693	694.0873	397.3123	671.9207
432.70078	1039.9758	434.80432	1013.9035
665.02783	975.4459	517.9141	984.62366
598.0935	655.0062	578.08044	656.8657
1092.0803	1052.2568	1043.0886	1055.3873
1085.0093	649.0489	1083.0645	729.0259
1091.3093	1048.968	1092.7463	1017.94196
1282.0416	954.7236	1226.0541	957.94147
1256.1395	1041.0052	1256.05	1009.0026
1623.0547	697.7077	1470.8815	709.46545
1538.513	599.00195	1538.5956	576.99475
1539.6127	694.0175	1538.5518	610.03094
1730.0287	159.40515	1765.0656	156.92654
2368.0483	279.42142	2339.846	282.6581
2501.9631	975.3135	2527.942	973.9189
2900.9104	913.4161	2823.9304	917.7687
2886.017	869.3007	2859.0466	870.82367
2915.9607	1334.0978	2945.9473	1332.7904
3059.9817	1372.3215	2984.9824	1374.3558
47.991108	1698.518	0.97063273	1697.7109
217.18907	1186.9049	218.95085	1171.877
295.01553	82.92992	264.94092	76.2667
313.76498	712.981	324.6613	577.97266
339.96417	1155.074	378.98315	1153.5646
546.9615	628.53754	703.0446	615.53577
879.21686	632.0101	878.1911	654.0554
1019.0582	1091.2078	970.0757	1093.5695
1527.6322	1025.0065	1527.4767	992.00244
1555.0834	1026.5656	1531.0981	1027.8434
1607.6547	1092.0344	1606.8351	1060.0298
1613.6577	593.0162	1614.2002	570.9803
2008.9293	519.19574	2082.0676	512.76984
2176.002	497.02304	1998.9498	512.4226
2551.1343	262.3645	2523.013	265.1323
2552.966	923.2946	2615.9648	920.26624
2866.0488	446.55194	2955.1482	438.67752
162.01393	1259.5575	137.02953	1260.1818
333.48038	75.03102	291.917	13.770175
401.00226	1537.1577	276.999	1538.93
450.0284	1119.5328	408.04108	1121.7706
482.09274	665.2616	464.11636	666.58295
603.97406	1141.5798	650.0453	1138.7327
877.02423	962.3937	724.9853	971.76105
1105.0814	950.34033	947.9933	959.88965
1039.9453	1121.9192	1090.0194	1119.3842
1242.908	597.1148	1297.1531	591.4711
1306.964	1109.0696	1360.0007	1107.02
1370.5153	677.99884	1370.6453	624.9967
1481.1688	701.9993	1480.7084	580.9935
1605.6444	973.01337	1605.3381	942.00653
1571.9384	928.0104	1642.9745	923.5894
1729.1532	155.01656	1729.8857	104.01272
1787.0951	622.4009	1764.0654	623.9641
2108.9312	623.77795	2130.9739	622.5375
2557.9634	973.1011	2586.956	971.9214
2659.0183	1431.0636	2595.0027	1432.159
2597.9968	1512.425	2672.0056	1512.0092
2860.0833	441.89334	2923.9944	435.93854
2872.0625	451.71448	2945.0293	445.33365
2919.05	854.8276	2990.0322	850.53345
293.33908	599.16046	256.83224	584.41534
315.0206	63.5826	298.01358	34.99192
329.00125	1003.02313	359.96555	1001.3589
416.8435	692.058	419.53485	652.8993
922.0393	590.44507	752.127	605.4395
1065.1042	648.4392	1013.0155	652.2142
1065.5676	1004.9979	1065.7083	975.9937
1284.0438	1078.1346	1259.0424	1079.099
1527.5968	977.0082	1527.4165	946.0034
1773.9357	965.78955	1828.9398	962.8673
1894.0131	644.1968	1871.1146	645.7217
2128.9668	1070.2466	2186.9868	1067.6982
2418.964	484.57184	2497.004	478.0477
2455.0251	882.41785	2531.0513	877.85364
2621.9927	929.8322	2548.0042	933.0944
2561.0288	1055.7051	2634.0298	1052.7328
2849.0718	508.85596	2787.089	514.06036
2904.0642	997.0965	2838.0564	1000.963
255.33914	614.02625	252.54587	650.1196
503.1035	628.1734	346.09015	642.02203
452.07376	776.00574	453.63092	755.894
450.81802	370.7572	473.70398	353.60504
441.8666	664.47723	482.0836	660.9544
899.07007	751.8068	759.90405	763.8954
811.97473	1132.497	858.00916	1130.1821
1111.6141	611.98016	1111.2992	634.01855
1332.0941	1075.688	1309.0542	1076.9727
1331.6658	1037.0071	1331.4956	1005.0027
1784.3827	70.00225	1783.8939	153.00526
1910.1005	1009.7666	1857.0446	1012.78326
1927.016	1577.7356	1903.9191	1576.3346
2053.9387	628.3564	2078.0066	626.0691
1992.9701	690.59094	2201.9502	675.31793
2610.9255	448.1289	2394.9648	466.58813
2913.0264	849.4564	2997.0347	844.60175
134.8748	1736.8452	144.83118	1728.7913
156.46373	1235.8671	157.9314	1218.9075
175.89743	1026.99	177.48169	1010.85095
181.03287	965.9319	182.23422	948.8756
576.5346	439.90054	556.11884	456.38562
844.3468	750.0567	849.23376	633.9678
864.0683	1064.2461	816.1027	1066.8743
970.95276	1011.2467	1019.94824	1008.17487
1373.0259	934.42236	1209.0887	944.4516
1751.6118	214.01372	1752.6439	167.9696
2199.0398	885.76105	2016.0188	895.3596
2525.0112	285.28986	2544.981	284.51062
2770.986	238.86111	2805.9387	235.38371
2871.8916	79.36781	2885.9912	76.94937
389.0646	1056.1836	371.00925	1057.1693
814.9517	1097.6934	836.9586	1096.88
970.9481	1089.9398	990.94916	1088.9609
1063.6002	1085.9698	1064.2665	1054.9843
1240.5983	720.0172	1241.8809	600.9879
1529.9297	978.0898	1554.9349	976.1577
1605.8312	1021.0196	1605.5236	987.01337
1729.7661	103.007095	1730.0255	75.0095
1906.0646	678.92755	1751.9756	689.64984
1853.9846	961.74896	1908.961	958.36774
2039.9265	951.40125	2095.992	948.8237
2182.0957	995.83356	2126.0396	998.7595
2623.0342	1011.5872	2561.0698	1015.19684
2865.0273	601.3686	2795.9614	606.48004
2960.0024	1427.1431	2890.005	1428.2917
3071.0044	1682.9618	2921.003	1683.6365
136.94539	1715.2158	156.0616	1713.8845
175.10548	1241.0095	176.73558	1222.8862
215.44804	474.99738	226.9406	480.13293
232.64525	1023.97076	234.03593	1007.0853
230.15852	481.5471	243.29881	486.14624
296.81693	501.985	302.31854	434.9441
388.20404	781.0173	389.90906	760.90753
456.23868	723.9406	457.87918	702.91254
662.8023	672.04474	663.9783	650.94305
791.04425	1101.9713	744.0506	1104.1116
955.01733	966.27936	1017.0267	962.42914
1091.0342	965.545	1037.9296	968.87744
1091.0791	974.2295	1071.0975	975.5152
1035.953	961.2393	1096.0328	957.53217
1132.5944	630.71857	1141.1427	588.0274
1246.3073	600.9978	1246.4641	622.9967
1284.0776	1042.4246	1259.0973	1043.7856
1395.0095	551.11774	1211.9978	565.973
1208.9277	746.0024	1394.9655	732.5231
1510.7466	696.0032	1510.5371	614.0037
1554.018	555.2106	1617.9779	549.74133
1726.0464	71.99938	1727.4796	180.04669
1759.9979	917.9645	1833.041	913.7043
1814.096	620.5397	1791.1228	621.9709
2099.0657	1000.43445	2043.0458	1002.99994
2192.96	1070.1351	2123.9685	1073.3203
2993.9492	908.0794	2917.9048	912.27136
156.14677	481.53336	0.4889325	394.91846
256.71973	406.63687	220.66206	390.76788
556.8958	455.99985	529.9796	458.8041
587.1013	1030.0057	589.5768	986.0325
630.03546	1027.9478	631.55414	999.92163
741.9815	1135.627	785.97235	1133.443
848.02094	1554.3091	745.999	1555.9385
994.0696	980.0661	973.0937	981.43536
1462.0449	558.99976	1462.739	704.99646
1650.0707	916.21387	1479.068	926.16797
1647.0261	1314.5625	1471.9915	1317.493
1540.9808	607.79565	1484.0121	613.1292
1604.1285	942.73773	1581.1064	944.4401
1637.0685	1091.0269	1635.6112	985.9915
2116.9634	897.313	2188.028	893.5275
2408.89	659.4536	2628.9841	643.77704
2773.9998	1726.9849	2243.0076	1732.7118
2516.9524	521.33527	2575.9355	517.1024
2443.97	1090.3319	2673.9531	1079.9594
2982.0405	863.7678	2953.0156	865.2961
2918.014	908.2687	2991.076	904.45337
2984.9763	1370.9741	3053.9858	1369.3834
162.21742	662.41486	312.8558	718.38806
198.7626	633.0347	197.98749	650.045
213.95396	842.1388	183.93925	832.1831
241.17822	578.54407	203.65697	563.87756
308.60577	429.8531	273.67184	413.71014
335.85648	466.05777	339.77774	407.91757
322.99582	1184.905	461.9898	1178.7694
412.98657	1042.8018	459.04614	1039.6809
572.79156	653.714	618.77405	649.5218
1078.4093	731.9895	1080.5057	614.02673
1079.8333	610.35547	1134.0867	604.85516
1231.9417	1112.9504	1283.9479	1110.0616
1246.0221	636.0097	1245.2516	717.0119
1273.3082	634.99255	1272.7362	688.00793
1557.652	1064.0035	1556.8898	989.99084
1633.5076	971.8161	1638.7247	929.4732
1831.0424	1013.7488	1777.0458	1016.80725
1893.069	614.79193	1870.1555	616.7863
2159.0916	594.1285	2134.0935	596.1548
2504.9988	1507.6685	2569.9983	1507.4528
2611.0188	886.19196	2584.0098	886.616
2956.9717	593.6661	2889.0344	599.4079
2946.042	865.9637	2918.0515	867.18286
195.79501	1012.90155	200.61699	953.887
212.37993	1250.9392	213.95386	1234.8973
240.65738	593.96265	233.00867	664.11
248.77087	1050.981	255.27174	972.93933
424.92798	1149.0685	426.9299	1121.9211
565.35144	773.02014	572.00055	656.94275
591.8315	766.9887	593.30914	744.9537
617.03455	737.003	618.87665	715.9019
678.8568	760.0757	680.8156	737.8954
794.03625	1067.8362	747.03796	1069.8752
1014.62665	654.96826	1012.7998	734.04156
1010.79474	617.22644	1063.1353	611.1691
1256.0292	965.03314	1235.0177	965.6266
1331.6364	991.00226	1331.5845	960.0007
1484.7585	579.9306	1485.6681	602.97363
1909.0555	519.7225	1738.984	532.7917
2044.9646	1074.237	2102.979	1071.5452
2478.5889	225.80336	2456.9568	232.86806
2490.0315	892.09314	2463.0251	892.8701
2563.0251	1433.2023	2499.0112	1434.535
2579.0308	887.7189	2552.037	888.8698
2546.9365	876.9229	2621.0325	872.54974
2792.005	212.04942	2748.0442	216.44255
2778.0176	460.19232	2851.0496	453.54443
2941.0095	1298.4548	2913.9795	1299.0251
2870.9856	1544.6118	3071.0159	1542.5326
193.78148	1032.9733	195.99486	1014.8771
199.29106	630.2228	229.21411	641.4282
251.73071	653.0264	251.1178	669.9681
280.92206	663.21564	250.8725	652.35266
292.10364	613.91327	285.42502	682.9444
392.4714	729.9626	393.96094	708.92645
414.04083	728.0036	415.98978	705.9109
726.6223	1661.4656	757.535	1620.1484
861.0426	1098.8506	814.0602	1101.2025
1158.0709	569.80035	980.0503	585.56775
1019.02454	979.1968	1000.012	979.58673
1016.4971	620.972	1015.266	643.0705
1035.5701	731.99146	1036.0262	708.9807
1041.1133	653.96173	1040.0737	678.0463
1273.2161	597.9987	1273.3538	620.99786
1319.0061	594.9999	1319.4719	617.97015
1330.9954	1071.9999	1331.6842	1039.9932
1641.9651	527.58234	1450.0515	543.61646
1633.051	942.0211	1612.0139	942.5519
1785.2902	336.2152	1787.9952	319.9992
2179.029	659.38495	2011.9266	672.031
2497.9797	531.7333	2427.9265	537.02905
2462.0215	933.4625	2531.0579	930.24023
161.5604	1170.965	162.83899	1154.9076
198.0587	83.58169	174.00095	86.009315
234.33638	1003.9319	236.07387	987.00757
267.6482	479.01556	267.26398	495.03033
339.36594	407.4104	195.26683	342.6309
423.9936	1400.5931	367.99173	1401.4749
454.29785	750.95514	455.70572	728.9173
449.8652	387.81213	501.71722	350.60593
674.04346	961.6759	504.97055	972.542
804.9479	723.96185	805.782	700.9558
967.9632	1124.985	1016.97125	1123.2073
993.4069	1008.9256	994.80695	978.9443
1036.2742	704.95624	1036.9081	679.9723
1111.3455	647.9848	1110.1392	700.0264
1386.0256	920.4217	1195.8761	931.95825
1331.1132	960.62463	1309.0807	962.15845
1664.04	901.6616	1465.1033	913.7055
1450.9507	728.3132	1644.8854	714.4024
1478.9788	1319.4486	1643.037	1327.2189
1554.7592	975.82776	1561.7202	925.68353
1615.7969	688.01904	1614.4667	604.0243
1865.1029	646.1368	1842.1102	648.21796
1909.0399	917.6873	1849.9487	921.11633
1965.9766	1499.0076	1965.7467	1468.0018
2020.9109	561.94165	2046.9786	559.7465
2213.017	870.2986	2002.0255	882.44354
2093.8982	511.8447	2166.9473	505.40283
2161.107	623.4151	2136.0237	625.3124
2493.9563	1342.864	2520.955	1341.8273
2501.9988	1513.5078	2576.0032	1513.3339
2670.856	289.02197	2645.843	290.84424
2906.0828	503.86447	2876.0708	506.7388
2899.0125	1510.0902	2974.9912	1509.225
225.04317	749.8706	188.74641	737.7601
266.81787	79.84163	294.8056	85.89826
313.74252	65.507675	332.4861	75.01332
471.28378	775.02527	473.1723	753.8371
627.4955	1071.976	628.8764	1042.9465
643.61676	652.97473	642.22	674.1465
811.8994	638.9653	811.26654	659.0399
839.0569	1685.1506	778.9566	1688.1221
1065.0203	976.2594	1044.0096	976.5975
1085.7555	613.9711	1085.2205	637.0283
1282.0759	963.5395	1261.0778	964.57526
1318.9591	629.99896	1319.0015	711.0
1864.0942	617.23627	1841.9182	618.9259
1912.0789	1046.486	1886.046	1047.8668
2035.9973	1549.6332	2075.01	1549.3467
2077.0571	600.8161	2055.0251	602.35815
2183.9795	946.62866	2118.9575	950.2351
2470.0647	1059.565	2544.0623	1056.5059
2770.9106	450.01892	2846.0168	443.18512
2840.0964	247.97906	2761.1726	255.7523
2881.9612	1334.9166	2911.9585	1333.8401
2948.0073	1336.155	2917.03	1337.629
153.2478	1245.0614	126.093704	1251.4014
246.03568	1056.5848	214.92172	1053.9109
310.0737	589.81195	191.82024	543.4586
295.80487	758.5835	175.24184	718.2672
803.3599	749.9617	804.6793	727.92096
848.1535	631.21985	900.21	624.66864
1018.0608	969.97064	964.0847	973.3521
1090.077	1087.5571	1043.0436	1089.8826
1064.6256	1050.9998	1064.6436	1018.99927
2064.0547	916.9829	2038.0798	918.4313
2503.9824	1468.914	2564.9827	1467.9266
2579.0554	474.65128	2510.0447	480.52454
2861.0615	921.1168	2829.0483	922.87805
3048.053	1333.2377	3017.0242	1334.564
2660.1267	358.3287	3070.3064	319.21347
55.003666	1707.3691	0.98913074	1707.9058
182.7435	808.03656	181.90541	825.0936
216.01501	640.0731	214.8582	656.13385
349.82376	75.6825	335.73056	72.04353
480.33194	1316.1234	485.63416	1301.864
787.91345	640.9944	786.5515	662.1001
852.2034	668.9448	849.8048	747.0554
757.0381	610.4158	918.15186	595.658
1019.13525	1053.0054	1020.37646	1021.9351
1501.6635	948.0097	1502.5544	978.9841
1606.726	1057.0132	1606.3737	1023.0065
1815.0807	649.37256	1792.1013	650.7239
1846.9756	912.5599	1917.037	908.6653
2906.0208	1299.605	2878.054	1300.568
2998.041	992.8328	2932.0532	996.08014
215.60457	458.1195	214.41411	474.10532
446.10406	1160.7401	314.91544	1168.586
442.00412	1153.0962	399.95273	1154.8943
584.2355	1073.9512	586.0861	1044.9417
826.00684	1740.6614	779.9911	1741.1368
884.1154	948.84674	717.0181	959.29004
838.69183	1016.94006	839.9744	988.953
815.99805	1571.5436	864.0046	1571.7157
990.9582	600.99866	986.5264	741.01666
1020.0572	1007.00555	1024.6464	959.8682
1043.532	977.0153	1043.2317	1007.02234
1257.0188	1079.3191	1233.1023	1080.7319
1894.0012	538.0167	1832.9694	542.5909
1884.0518	1047.7333	1858.1102	1049.5631
2052.0635	631.6769	2026.9094	634.0333
2431.9392	528.2354	2488.9756	523.6923
2522.0205	890.4439	2496.0303	891.65106
2580.0115	519.152	2514.928	524.0402
2849.1333	457.4833	2779.159	463.77017
230.82991	624.44653	200.97209	613.0733
237.2789	825.05945	236.44211	843.067
370.00534	1747.3286	259.00214	1749.1315
364.3734	117.97266	363.15018	146.00655
918.0778	767.97766	922.3661	590.9846
991.4465	1088.9908	991.95715	1057.9828
1283.2882	992.9258	1288.302	944.823
1313.7977	590.92053	1371.1306	585.34235
1470.0533	918.91595	1659.0525	907.90015
1557.2555	695.01294	1555.1707	574.9797
1744.9872	539.8337	1817.0225	534.29193
1788.8193	677.0625	1787.444	651.0824
2078.0354	522.3887	2016.0038	528.04193
2188.9504	482.43466	1984.0339	500.38705
2080.061	629.8476	2054.0518	631.7204
2177.0334	910.6089	2154.0479	911.87225
2491.988	487.86108	2427.0413	493.47607
2651.0308	1342.2188	2588.0208	1343.8152
2781.975	468.60477	2849.9578	464.32803
3068.9927	1692.1058	2804.9858	1694.298
213.79791	817.6255	182.80261	807.6109
403.01816	1313.0831	373.13516	1319.618
636.87604	650.1001	686.04517	643.32776
782.86163	636.9335	832.0711	630.5481
835.2843	1096.9658	836.7645	1065.941
983.99445	589.9355	1155.1007	575.16705
1105.9293	725.9543	1106.9546	701.9553
1157.0243	751.00024	1158.8131	569.99817
1255.4672	1109.996	1255.6908	1079.9902
1256.5837	994.9996	1256.616	964.99854
1296.1605	711.97437	1296.8326	689.96436
1498.2094	1100.9971	1496.6289	990.0053
1528.1846	1061.0148	1527.5869	1028.0074
1777.0851	358.85687	1188.1335	417.34473
1772.3499	1087.991	1769.5729	980.011
1783.9521	179.91835	1763.947	180.80418
1818.3413	675.0498	1815.7881	590.0364
2006.0115	887.2201	2208.0383	876.7364
2528.0847	881.4304	2457.097	885.63513
2574.9968	1510.2673	2504.998	1510.5707
2579.0881	481.04276	2512.0593	486.70334
2941.1104	449.21155	2870.873	455.6037
2994.033	847.5483	2914.0217	852.36206
3014.0168	1334.5463	2979.0505	1335.6294
3069.2185	37.039288	1791.9874	173.88318
203.59723	569.00134	240.1234	583.6932
228.84973	463.37082	215.9431	458.14038
266.1967	495.50766	297.40887	507.97647
312.54086	767.9595	310.84512	787.1629
332.61716	1279.7751	323.50177	1295.2947
367.97003	1043.9246	369.80164	1018.91223
387.25018	1085.9366	389.6968	1056.9744
407.89783	1047.6256	442.00665	1045.0897
795.02594	1019.9514	797.218	976.01086
1073.0021	1455.0725	922.03906	1459.3717
1094.194	1015.52356	1043.0349	1019.45496
1090.4335	1084.9764	1091.7665	1052.9486
1330.7858	1106.983	1331.2192	1075.9891
1485.2655	615.007	1486.0717	699.0089
1526.0404	947.1965	1502.0339	948.0065
1553.9888	946.488	1531.9774	945.9788
1758.0919	680.02386	1755.8059	592.9788
1760.3424	594.9685	1762.3138	678.9926
1814.9932	543.90784	1754.9532	548.372
2028.9923	901.8625	2100.0503	897.90356
2131.016	553.1479	2156.8174	550.3289
2770.0015	1694.3138	2240.0017	1693.1978
2530.0186	977.3225	2468.051	980.8882
2877.0024	1686.9625	2975.0017	1686.7239
2993.0642	953.1707	2926.0461	956.843
267.03827	655.8855	281.1344	660.59796
296.56528	599.3436	309.7447	590.6145
356.9795	95.10749	334.83182	90.881325
533.9928	1541.8903	547.9982	1540.9729
631.082	768.0044	637.33264	651.9102
853.74884	634.97217	853.2804	656.0285
1233.4703	965.9949	1233.1805	996.02106
1922.0206	505.2469	1724.9773	521.72864
2048.0808	603.02216	2025.9032	604.77545
2096.9746	906.5364	2034.054	909.9853
2623.038	869.644	2544.9568	874.27246
2602.0298	1465.6583	2662.02	1466.4187
3041.0078	1295.2472	3014.0027	1296.0897
194.07953	343.00732	181.00444	485.09244
217.86465	620.0616	216.79138	635.1276
232.48878	465.1315	231.15865	480.19067
325.4875	421.13513	208.79758	368.4483
377.696	673.9842	376.5443	696.1323
378.94107	1152.084	381.27362	1125.9352
390.5345	1044.0332	393.33597	998.95874
479.0462	646.46747	427.95245	651.51904
578.7565	656.9875	577.6197	679.0833
726.0738	1555.0244	702.0543	1556.754
818.1182	990.9777	817.40967	1019.0356
894.67365	742.862	895.97424	720.93915
1007.3521	739.00696	1009.70166	619.97437
1042.0842	618.00336	1041.212	640.048
1062.6042	1118.9829	1063.9027	1088.9525
1307.9863	961.97144	1308.4177	991.994
1346.5161	592.9941	1346.2456	615.0153
1346.413	627.99677	1346.2483	709.00256
1662.02	1299.8867	1457.9884	1304.4839
1540.8456	572.9761	1543.9905	552.6885
1645.9601	715.0009	1641.7504	529.0057
1788.1694	651.06744	1764.9159	652.97375
1821.9834	333.78397	1789.9421	336.24768
1926.997	900.94946	1751.0878	911.46796
2620.0793	973.4522	2557.0486	976.89124
2473.988	1547.4701	2714.9968	1545.5903
2825.1816	600.1754	2822.7556	575.02356
3061.0505	1424.6313	2990.026	1426.8331
167.96362	458.80914	43.65664	387.5994
180.36583	1176.0271	181.5613	1159.8934
218.99252	420.07864	216.21822	455.09653
181.00269	486.99265	331.57385	542.163
252.15147	650.5159	265.1322	654.57745
270.83112	640.1048	268.92178	655.2424
411.54337	753.9496	413.98035	731.8874
665.8488	685.94794	664.8481	708.08356
700.9677	784.9987	707.96533	609.9586
742.36664	1609.7667	732.74146	1635.9048
768.60284	1021.9827	769.8635	992.9506
814.9885	986.854	863.00574	983.0726
1041.8966	973.0911	1091.9125	970.3834
1449.546	545.00037	1449.5002	727.00037
1502.1216	991.9754	1503.3513	1097.996
1528.6598	1097.012	1528.3662	1064.0056
1531.2732	991.9777	1531.95	1060.9907
1532.0696	1062.9646	1532.6516	1096.9717
1734.1719	199.12021	1701.8584	204.07736
1802.8134	1084.0123	1802.4819	1052.0157
1833.8887	1083.9769	1831.1151	976.997
1915.0864	1079.9615	1911.2605	971.9908
2133.0586	625.6763	2108.1594	627.8372
2533.004	934.0884	2460.9714	937.3706
2556.0232	1344.8115	2526.0193	1345.671
2592.0112	621.15845	2531.0308	625.43964
2855.0317	1723.2483	2805.0642	1724.5209
224.49406	761.95667	217.79922	840.0685
251.38736	1427.0565	254.75705	1403.9646
331.19745	493.15942	305.50125	487.12305
425.8849	782.06915	434.65146	669.8946
646.9882	1558.0372	504.985	1559.771
583.0263	994.38336	535.97345	997.6135
612.57294	765.03754	614.02185	742.93585
584.96936	972.3914	669.95514	968.10956
861.9168	1094.9962	863.2954	1064.9677
878.2648	1547.439	866.6415	1686.9701
974.9198	762.8279	1154.8986	750.5165
1284.0004	1039.022	1284.704	1006.99347
1786.8148	620.02234	1786.3247	594.0127
2010.9684	1108.1509	2226.9673	1100.1224
2071.1143	1038.9719	2045.0857	1040.4799
2051.8762	559.68604	2075.9456	557.4208
2123.9543	1075.9602	2194.0388	1072.881
2656.078	236.93353	2631.002	239.02371
2811.0315	471.42664	2787.0146	473.19986
2870.0063	461.0907	2938.9475	456.25244
2964.0354	1466.7878	2896.0027	1468.1312
86.95685	1590.8445	127.601685	1579.5647
176.968	1219.0579	177.99127	1201.9397
186.23633	767.0899	183.47212	805.10706
194.87404	1015.42896	180.904	1011.32697
221.55864	581.0395	220.42845	597.0303
252.84387	830.4905	236.87071	825.4062
457.45615	754.9717	456.30493	777.068
576.2951	692.1316	571.88153	769.1079
609.82135	997.20374	655.02014	994.3157
720.0945	448.8911	659.0386	455.3638
876.454	695.00354	876.2741	718.00995
1095.0442	1316.5033	907.03015	1322.0266
1255.6002	1075.9941	1255.734	1043.9948
1260.5564	964.99304	1260.4122	995.0068
1455.8907	548.6984	1632.9857	533.82996
1556.0483	989.41364	1498.0819	991.39606
1893.0569	572.01874	1892.5602	547.0087
1897.272	669.06683	1894.0199	584.9992
2102.1572	568.9262	2107.5762	653.8995
2581.999	524.9863	2513.8748	530.4332
2513.968	526.5827	2582.104	521.3578
3061.006	1380.2439	2984.9783	1382.11
156.83838	1717.8191	147.85774	1725.8407
156.82054	1430.086	158.30508	1415.9271
271.46252	441.037	268.65585	476.13242
623.96265	1138.998	625.4119	1110.9181
684.26685	732.05664	686.37305	684.972
820.94073	957.9854	879.973	954.5376
877.54144	667.99243	877.1786	690.0194
1231.9066	962.148	1276.0465	959.9218
1283.4692	1075.0049	1283.8108	1041.998
1531.1816	946.9715	1531.5742	977.00555
1741.9745	1119.2703	1949.9645	1111.9857
1941.0255	885.41205	1737.066	898.0645
1773.9414	979.9494	1776.7072	1086.0077
1798.0581	932.1694	1774.0676	933.3607
2016.9592	533.566	2076.901	527.9423
2098.967	951.362	2035.9805	954.6235
2048.0315	1661.3352	2093.1963	1657.0857
2131.1138	596.1057	2106.958	598.59155
2432.398	542.8707	2440.3586	628.96686
2534.0762	1015.5057	2472.033	1018.64856
-1.0620581	1636.7891	21.019758	1420.8998
38.30881	296.63525	-0.027636124	280.43124
146.03038	839.9064	298.8421	889.48663
165.28317	985.0236	162.02603	1024.0856
232.71417	604.75024	202.85698	593.3754
235.35701	1193.9443	236.99666	1174.9998
238.96947	805.03546	238.34666	822.0493
260.35364	89.582695	235.17464	83.30008
256.78467	1391.9863	258.8191	1359.9885
282.8625	644.33826	270.82007	639.4426
293.9298	14.052665	294.67337	0.9248594
301.59702	99.04025	298.28415	65.87174
384.95987	1118.9972	386.93756	1090.9252
560.42926	1073.966	562.0427	1046.9429
596.8848	744.9954	596.0502	766.0812
602.7713	654.92535	601.42474	677.08655
662.7745	739.0751	661.84357	761.078
806.3813	695.98987	806.7426	673.9794
863.5203	1059.9784	864.7851	1031.9452
996.02484	751.3392	1135.085	741.16156
1131.7983	723.9768	1132.2031	702.9846
1222.8513	580.99817	1221.1119	721.0138
1307.4066	1005.00604	1307.145	1109.0054
1335.5216	1005.9903	1335.3175	1037.0087
1645.005	1105.0974	1485.9108	1113.2605
1580.9124	975.89435	1605.914	973.9138
2160.0024	515.02734	2096.9788	520.76624
2790.603	545.82404	2793.5674	572.82794
2793.8315	576.8099	2796.544	602.94354
2931.1045	460.32675	2905.0298	462.3787
154.12541	1740.2872	135.01453	1742.149
234.0721	446.0056	232.81512	462.1414
330.1068	107.60297	302.92184	100.29053
364.65897	1086.8926	366.9798	1057.9183
436.42773	729.95465	434.5123	754.1199
441.0265	668.9537	439.9723	691.09393
540.93	1002.32916	584.0861	997.82495
567.83765	648.98956	561.97906	740.063
582.4842	1107.9738	583.96234	1078.9471
644.81726	1137.0817	647.33014	1111.9331
667.8715	649.99054	666.2489	672.0917
792.7774	1063.9863	794.5607	1034.9117
839.0538	989.21295	818.0507	990.1443
1117.0671	936.1386	935.0515	946.87335
1340.9884	1535.1008	1396.4686	1508.9961
1476.6055	666.99176	1477.0698	701.0263
1704.8397	195.00438	1736.1552	189.9644
1802.4396	1048.0524	1801.3649	1016.0213
1867.0409	671.07007	1864.0713	588.0332
2873.7979	1000.70166	2877.345	1033.9633
3067.2886	1496.0128	3066.7458	1466.0046
158.25926	1212.9298	159.59209	1198.8666
187.6872	746.01904	187.15971	765.03217
183.22746	805.2051	197.22588	809.21063
256.04678	421.0044	249.55266	490.05197
268.73697	660.04364	267.84537	675.1092
272.95404	620.12616	270.69324	637.2239
355.94577	645.3255	499.0656	633.816
570.0253	1145.536	530.9708	1147.3823
752.9562	1694.7196	727.94244	1698.6318
762.3569	617.06714	756.3734	738.0185
785.65155	674.9827	781.7826	753.0388
834.13556	1129.9658	835.2816	1100.9716
875.43024	720.99945	875.4089	744.0013
1199.9797	936.6348	1382.0284	926.5112
1560.3076	609.9715	1562.117	692.99744
1589.119	608.01465	1590.4965	690.97516
1609.3834	987.9691	1610.0979	1019.9978
1465.9719	1132.3767	1668.9652	1123.2284
1833.992	548.91925	1892.0127	543.1269
2164.7266	649.0756	2159.672	563.9601
2827.713	573.79614	2830.8337	600.0198
218.95042	1023.08044	217.42325	1041.1205
271.44153	939.66156	142.85223	896.43964
274.19275	601.0969	272.88803	617.15344
364.16306	1324.204	339.64362	1343.8052
397.46808	1158.1097	408.17023	1014.938
427.44308	1116.9181	428.91537	1088.9429
491.28696	801.02026	503.4957	627.9644
506.73883	1315.1691	511.98853	1292.2262
504.0414	1175.992	581.0325	1172.7773
802.23987	1583.9646	784.683	1606.5314
793.0323	1163.9224	879.0319	1160.9115
1381.039	1322.2134	1213.0518	1327.6116
1496.356	987.00275	1496.6234	951.99713
1741.9696	903.5136	1938.0791	891.2669
1799.728	963.0226	1799.4198	931.99585
2051.7766	657.0446	2050.8997	633.00366
2184.067	1033.4283	2158.0303	1034.6467
2469.4722	600.8499	2472.1367	626.9861
2518.0103	1308.4355	2491.0251	1309.0686
2400.8557	470.18552	2605.9111	453.88113
2577.2854	113.92822	2557.96	119.869995
2880.1892	538.7641	2883.005	564.8917
215.87296	1207.9893	217.15771	1192.8438
215.44215	455.73145	229.16876	460.5158
230.30077	1255.924	232.15193	1238.9077
374.99615	708.0774	369.08694	784.1621
390.3782	754.9507	392.04572	733.9243
406.98993	1121.9994	405.18915	1152.1309
407.04343	780.92316	408.81168	758.90454
435.95438	648.46313	484.03204	644.3772
484.24893	353.93323	448.88263	378.83328
479.65436	722.9675	481.7225	700.9739
562.0007	1688.8698	407.99973	1688.051
530.0036	462.1271	552.0143	461.5071
541.3331	1046.136	537.49066	1112.0868
543.81067	1005.9907	542.4292	1034.1193
586.94836	1172.8427	663.9735	1169.4065
709.02905	1167.4456	740.0276	1165.4225
746.949	989.4999	793.03174	987.9327
992.5724	1054.9883	992.82605	1023.9904
1025.9907	1407.8181	1039.0586	1407.1543
1110.0829	702.0295	1109.4293	726.03894
1260.1787	1451.0052	1260.8191	1428.9657
1374.205	625.0033	1374.0687	675.0029
1513.2677	578.99927	1513.3268	600.99646
1615.1024	602.03467	1559.0577	607.5837
1579.8213	987.9681	1581.3463	1075.0289
1862.8778	574.022	1862.4087	550.0311
1990.8315	505.10696	2183.0002	488.00308
2472.5288	1019.85236	2475.8103	1053.8252
2524.2864	596.918	2525.9485	623.0033
2883.3303	569.9615	2886.3503	595.84247
2949.7505	1126.5848	2988.0376	1142.912
108.82761	1254.6284	132.93376	1261.2415
206.04301	1123.9154	178.01093	1125.2325
216.8906	777.3287	185.98643	767.0407
220.12354	597.6616	233.20541	602.4373
237.31221	407.1012	234.45752	444.11243
362.3718	788.02966	371.39017	674.95135
433.7756	755.9932	433.08212	779.06256
558.50604	1107.9747	559.89166	1080.9432
641.588	687.0787	637.823	763.0903
750.9667	963.549	809.0189	959.256
791.41473	1097.9706	792.8762	1068.9434
1081.0101	1330.3075	921.9848	1335.5385
1023.0552	1437.9487	1040.0558	1436.9601
1272.5449	689.9966	1272.3654	714.0102
1303.8047	1337.843	1376.9159	1325.502
1396.9395	732.9924	1395.474	553.0043
1498.961	1104.1952	1560.0118	1101.2455
1746.134	182.26915	1735.0464	183.43971
1772.9718	933.0166	1773.5049	965.9918
1814.7919	578.0191	1814.4116	553.97766
1827.0217	930.32477	1805.0533	931.79584
2037.1862	917.9241	2039.3025	950.98065
2181.0708	902.24817	2118.0466	905.82385
2618.0598	876.0064	2547.0728	880.22345
2829.887	923.7768	2833.9219	957.891
2914.0083	1337.2317	2881.0154	1338.4263
131.99385	89.64593	115.99868	89.92402
160.36256	475.73828	167.34532	458.7312
204.0939	591.7038	217.34688	595.906
307.3752	443.933	303.3963	481.04248
333.22595	1156.0978	344.243	1018.0194
481.57034	686.92633	488.8515	644.46014
577.4211	1141.9691	578.86554	1114.9393
826.62006	747.91785	827.9283	725.9362
836.91693	1061.9631	837.9377	1031.9639
864.08923	987.25543	844.04834	988.6798
1245.6045	1672.2479	1265.4318	1661.821
1334.7915	1075.9899	1334.966	1107.0002
1361.1434	1001.1183	1307.1202	1004.7755
1387.6465	1138.9954	1386.0797	921.0066
1609.1852	941.9736	1609.5721	973.981
1610.2548	1023.97144	1610.6604	1056.0043
1909.8407	958.03864	1909.2668	925.9773
2019.2026	536.93146	2020.6328	562.02094
2895.0835	859.409	2819.9917	863.8588
2823.9424	867.8535	2879.0046	865.09064
2917.9456	861.9227	2975.9487	858.9888
242.12473	766.00696	241.17096	783.0655
307.44635	1290.6686	294.9835	1336.2688
414.88455	1013.9926	413.0868	1042.1333
442.75143	1330.8643	456.2516	1306.1373
561.5001	1186.0258	546.3228	1208.2207
660.0074	1345.2399	519.01794	1349.5834
631.03046	1000.08386	612.0174	1000.6181
611.8956	1473.7059	623.06494	1472.8052
792.0286	982.4326	740.9874	985.80975
776.92755	756.0382	781.7445	639.03064
1018.16394	1088.0371	1019.18774	1055.9741
1089.7466	1117.9899	1090.9861	1086.9595
939.9271	952.771	1112.0333	942.5623
1218.8875	570.69653	1391.0713	555.82587
1395.0243	1307.8256	1199.0173	1313.5887
1373.9064	593.99664	1373.9843	615.0038
1579.7344	944.03406	1580.592	975.9303
1585.8196	595.04736	1584.9763	574.0411
1610.4056	1058.9408	1611.7979	1092.0085
1639.4424	986.97156	1640.8812	1060.0023
1801.4933	1011.0525	1800.3782	979.0565
1881.3802	1007.0683	1880.0299	975.0409
2039.6462	966.9041	2045.8265	1073.0101
2155.1099	1034.7507	2129.087	1036.3849
2253.7773	1406.7219	2247.0635	1436.2418
2467.687	626.1261	2465.3845	602.15515
2523.0122	1345.2711	2494.0698	1346.5645
2561.8137	1015.8433	2564.7588	1049.9344
2686.016	1527.4023	2499.0066	1529.5636
2820.799	512.02264	2823.729	538.0305
161.90636	1175.4159	146.77284	1172.009
233.17656	462.5147	244.17586	466.51666
341.23135	1488.0182	345.86023	1428.989
429.5354	1082.9729	431.10916	1055.9481
505.64362	1284.9982	505.7804	1258.9935
551.0132	786.1759	682.1004	776.3382
596.9697	1145.0535	604.85724	1001.937
608.0562	1043.0945	603.5568	1141.0715
638.93884	1472.8486	652.06116	1472.1516
652.4286	1065.0364	654.2224	1043.934
794.1717	1032.4551	747.0525	1035.7504
857.44836	1128.9679	859.1434	1099.8917
881.2903	1130.013	883.1706	1088.0077
990.4081	1123.0073	990.9509	1092.9811
1006.937	610.9511	1001.08966	738.0501
1335.3893	959.9937	1335.529	990.9931
1472.0513	715.7302	1623.0785	705.1177
1588.254	573.9351	1589.2937	594.03656
1637.2375	984.1271	1581.1056	988.3906
1931.9404	1631.0585	1946.0084	1631.8503
2014.0123	1541.5033	1906.0037	1544.1484
2020.6154	574.8442	2025.6892	660.0185
2075.3308	1039.9296	2077.025	1071.9458
2472.0515	629.7368	2440.0684	631.977
2501.869	625.1212	2492.5256	537.94366
2824.4646	873.05975	2828.247	906.9724
2858.8186	77.31241	2871.0242	74.091835
2880.9873	85.21124	2856.017	83.71471
67.238396	1575.0231	55.51179	1696.1464
138.35742	1425.037	139.81058	1410.9805
188.18202	741.5156	225.21396	755.4306
214.26064	1229.102	215.56096	1213.0454
219.96057	601.0987	218.41452	616.1453
217.24928	617.211	231.12769	621.5959
233.63351	1214.07	235.53505	1196.8384
269.2985	1593.9379	260.96667	1688.0856
359.36868	1153.0337	361.94382	1124.9033
368.0065	1057.2515	348.0198	1057.7673
335.00854	1160.1848	378.009	1158.1948
393.24234	1688.1035	399.34558	1614.8622
419.4037	1497.0504	433.69482	1382.7119
455.00476	1052.8013	407.98965	1052.6151
461.72708	702.9165	460.33807	724.08777
477.0233	748.8689	479.97653	726.8627
528.8969	1148.9935	537.86896	1004.92957
556.21655	1141.9463	558.0668	1114.936
664.69183	713.9015	663.09644	735.0826
765.1068	1099.9592	766.43024	1070.9285
782.28326	1730.3651	826.09937	1735.0754
823.5041	1530.0116	823.98755	1508.9998
1067.7777	1053.9989	1067.797	1085.9989
1537.8418	1424.0092	1534.8752	1373.0072
1577.035	1100.7231	1638.9868	1097.7266
1657.0897	207.73099	1678.1407	205.14574
1846.9116	1605.8475	1876.0471	1603.6145
1903.3218	1569.8026	1927.3914	1573.3269
2072.6953	1072.0139	2071.2341	1039.9893
2492.02	537.24963	2433.081	542.00354
2547.0725	532.8761	2518.1055	535.27405
2632.9958	1401.918	2644.0034	1401.8755
2987.0684	854.21716	2919.002	858.0334
126.959656	1041.131	145.08865	1046.712
243.0143	1153.9518	168.08559	1131.7117
220.86653	396.31384	254.2144	410.49588
244.47116	1506.0635	247.86763	1480.8475
255.69905	812.0275	255.06789	828.0421
558.7845	742.93176	557.0965	773.00543
610.75665	1001.9901	609.61566	1030.0657
687.1525	681.4666	639.0274	684.4429
766.66626	1065.9451	767.9007	1035.9547
1042.0597	1020.0397	1040.1141	1121.0408
1269.87	1668.7104	1246.993	1678.9845
1301.2965	1113.0013	1301.9869	963.9953
1372.097	621.86584	1318.103	627.9187
1471.4431	1381.912	1468.669	1430.9813
1539.998	1094.0171	1556.9991	1096.0077
1557.8405	1095.0056	1557.3439	1080.9878
1576.7957	1097.9891	1575.2744	986.9962
1787.7693	648.0499	1786.7148	622.0521
1829.627	963.0055	1829.495	929.99805
1953.8615	1563.998	1953.2136	1610.003
1968.0	1462.99	1987.0	1463.018
2188.607	1067.0834	2182.0825	957.99506
2896.0054	919.0964	2863.051	920.92267
2988.0056	914.09955	2922.0454	917.8061
3021.0032	1386.1357	2987.0222	1386.9401
82.846245	1566.6602	67.31133	1573.6881
95.58741	1369.0479	90.45123	1432.0367
159.90146	1191.9897	161.58308	1175.8523
177.9636	1010.12506	163.98387	1006.0554
202.09094	794.0836	200.86046	810.1426
276.93777	420.14392	303.9427	431.8196
347.6385	1057.9712	339.8785	1155.15
357.58502	1351.5121	380.80124	1331.7664
614.06226	1332.813	531.95306	1335.6333
625.0262	737.0018	622.83813	768.98895
672.2345	1068.1044	674.5302	1018.978
739.9691	1170.9817	728.9686	1189.5731
748.78394	995.9853	746.9436	1023.06415
891.8876	1718.996	890.62445	1754.0585
979.35675	587.01135	973.7963	762.0253
1679.2153	1350.1	1647.0769	1356.3928
2147.0845	911.9687	2122.1	914.14703
2428.8704	501.9097	2431.5715	527.9407
2462.383	566.13055	2460.3582	541.0518
2578.0151	530.15265	2549.1023	533.0284
2780.575	467.3203	2785.3777	499.64676
2869.053	961.7441	2873.1956	994.97565
2875.003	504.0352	2946.0818	497.95786
2917.6487	566.6485	2921.143	592.981
135.01617	1240.8363	119.86764	1239.3406
259.25018	772.022	257.8345	788.16095
263.46402	1270.0677	266.40454	1249.9131
284.63974	487.0661	283.18747	501.12268
289.17514	429.16718	286.4894	464.11447
411.7265	1055.9812	407.3238	1120.091
716.6061	1118.9404	714.321	1134.0486
1017.23285	1122.0042	1017.78033	1090.9785
1096.9304	411.41287	1028.0679	419.57254
1754.8706	554.50964	1815.0248	549.28534
1878.031	928.0132	1854.023	928.74915
1882.77	1044.0526	1881.4004	1012.02563
2016.106	564.0653	2014.3508	540.0474
2119.0503	952.9169	2184.074	949.35034
2494.9763	525.6987	2430.9792	530.737
2550.0046	1308.3689	2525.0015	1308.4541
2666.6406	1505.1243	2659.867	1431.0122
181.21687	1012.07996	180.1048	1029.0068
275.48376	952.4806	147.1239	911.6109
256.90897	589.21924	291.7211	603.67175
331.71838	742.97705	326.10327	811.92694
360.0087	1401.6345	330.0019	1400.9207
374.93378	1385.8356	386.13202	1381.328
438.45203	704.03754	436.37088	729.1138
459.72046	728.9814	458.31396	750.0876
625.7156	1105.9326	627.2382	1076.9076
626.3985	1656.0627	628.9559	1639.8354
806.26105	1135.9706	812.0291	990.96136
866.9484	434.482	727.9326	448.3232
843.7172	988.9578	842.79364	1017.05896
1513.7858	613.99414	1514.3964	695.9971
1618.389	604.9829	1619.4349	690.00696
1759.1724	558.0336	1760.1458	581.9941
1918.9827	1082.5469	1879.0032	1084.0813
2036.0616	957.2276	2100.0007	954.0163
2156.22	1068.0425	2154.4756	1036.0286
2787.341	514.96704	2789.937	541.8127
3057.3215	1061.0958	3023.4067	821.08386
147.2124	1173.088	144.37967	1212.1002
182.20355	825.38025	213.14958	835.5446
428.07645	1323.0157	424.5594	1340.1151
463.87393	667.0295	463.16394	688.073
541.91266	625.0588	530.8954	796.0577
535.27454	451.34845	546.9223	442.1705
685.5322	667.68677	694.993	623.3582
735.4061	1142.9719	742.34705	995.9692
810.7268	673.98773	809.73694	696.0778
826.00165	1462.0001	827.22546	1441.9528
883.11255	1084.0376	886.1247	995.0042
896.28674	1607.0116	892.3973	1703.0566
965.9463	1431.9791	966.22375	1417.9648
1018.04236	420.43573	953.9677	426.6679
971.92834	981.9796	971.3748	1011.0452
1039.3685	708.00256	1039.2091	731.00836
1560.1208	575.9719	1560.672	597.98315
1802.0636	1550.4032	1702.9818	1546.4574
1729.9152	707.7359	1929.9542	694.3182
2076.002	1539.4274	2040.9982	1539.586
2429.862	533.1763	2496.0127	528.1692
2627.4473	1047.1461	2616.9868	936.0012
2842.0298	468.67682	2816.99	469.77435
2838.6226	1002.0397	2842.0942	1035.0951
2911.5815	561.1675	2908.7317	537.0317
143.4497	1215.0305	142.22432	1233.0831
151.02803	1048.9089	264.08435	1083.7261
239.3678	759.92114	278.10867	772.6698
267.48056	400.93088	272.95612	439.00632
398.9621	1157.283	434.02274	1155.4302
784.0096	1136.202	738.96857	1138.3362
807.9102	727.997	807.1807	750.03906
970.67053	1024.0472	967.81714	1125.0796
971.9325	1588.7521	988.0476	1587.8806
920.0042	1328.1191	1089.0404	1322.1415
1192.9899	1145.7408	1384.9712	1138.261
1232.522	1010.0035	1231.8395	1113.0188
1235.8936	685.99817	1235.2946	721.00507
1231.0134	734.18274	1375.119	723.6251
1283.5582	1109.0049	1283.8326	1077.9896
1563.9619	1383.978	1543.1715	1420.0988
1758.0992	166.99202	1758.4111	209.99702
1837.5972	588.97626	1840.9753	674.001
1852.9565	975.9557	1857.869	1082.0061
1918.8483	1503.953	1917.0208	1470.9989
1930.8407	694.0079	1921.5122	506.0242
2077.9517	557.067	2076.3513	532.0415
2099.707	529.9566	2101.2427	554.9851
2280.1006	146.67996	2262.0518	149.3493
2553.5493	619.1111	2551.6406	594.18066
2559.734	1379.1082	2553.7375	1308.937
2878.9873	985.7305	2894.9988	984.97253
257.35223	594.0759	256.34137	612.0753
281.78586	484.52402	266.8312	478.41306
223.7197	110.68521	388.1669	161.81427
902.9629	1476.6558	1090.9575	1471.4636
1020.02356	1020.87305	968.0884	1022.2744
1091.4923	1472.0121	1095.3071	1316.9584
1364.9774	1119.5154	1212.9343	1126.5898
1258.0979	1395.998	1258.0471	1420.0001
2122.918	961.8922	2128.9885	1069.8882
2195.9824	1664.2573	2215.0298	1665.5663
2461.4226	893.164	2464.9404	927.0062
2537.547	1051.1313	2527.508	940.04443
2872.099	1034.1371	2867.377	1003.0948
3069.0088	1515.1251	3004.005	1515.6271
172.09341	1119.6979	121.65844	1104.1047
157.93622	1218.249	143.8365	1214.6384
220.5185	1003.04034	219.03798	1022.0807
246.8716	450.34018	233.84076	445.4219
254.96176	790.11224	240.89087	785.32043
276.86508	783.9105	271.25275	855.09875
440.8711	210.16374	442.82233	164.03479
597.2451	1327.2532	599.7467	1314.9485
643.2764	1538.0239	645.6181	1510.9669
763.01953	771.2145	897.99396	758.93384
907.2302	1322.9767	902.7363	1471.0223
1040.3646	680.01074	1039.6558	704.0488
1067.673	1089.9872	1066.4944	1120.0586
1070.3428	613.9813	1068.0386	695.0011
1068.5604	1019.99	1068.345	1051.0094
927.9954	1157.9006	1113.9688	1149.3228
1211.7408	568.015	1208.1344	746.00275
1335.5137	1040.0541	1334.8258	1072.0393
1669.5934	1123.0111	1663.556	902.0394
1952.0524	1500.0942	1950.4525	1467.0265
2083.181	656.0438	2078.628	570.9664
2142.0361	262.1442	2129.8003	265.20013
2133.9136	651.07184	2132.321	626.97876
2495.0022	941.03937	2466.0825	942.5637
2586.3938	618.1442	2578.482	530.0465
2614.9575	919.15515	2612.4365	885.96686
2950.3774	590.21106	2938.905	502.01236
157.50937	1332.8218	102.46212	1317.9973
169.04726	80.7817	160.97903	115.9952
157.98875	118.94979	177.14697	114.65571
178.70529	1200.984	179.84604	1179.9375
235.89226	1029.993	234.78558	1047.1154
286.22705	468.02115	284.81702	483.16913
556.21967	1294.5812	569.54407	1269.7552
629.21344	1109.9678	628.021	1139.0828
786.68024	1132.9834	788.1928	1103.906
867.8005	1563.951	872.90295	1438.9144
1051.0007	1406.7797	1068.0039	1406.8375
1069.717	974.9887	1069.4529	1005.01276
1458.9678	1377.3009	1485.0507	1376.0989
1755.7078	590.98895	1755.2247	560.0121
1785.6284	579.0099	1785.463	556.01105
1867.7073	588.0507	1870.9615	671.0015
1879.7853	959.05927	1878.269	927.9869
1887.5055	1534.02	1885.4028	1587.016
1894.2993	1500.9574	1904.2166	1570.6847
2104.527	1071.0795	2098.6992	963.0702
2654.8984	1377.0956	2651.8545	1342.0126
87.91058	1612.9926	76.06028	1756.0878
203.89293	1045.3176	164.03914	1031.8839
199.14523	810.50085	214.3157	814.91504
232.35658	1236.0228	233.51488	1217.9689
237.78755	1009.04626	236.79578	1025.9292
290.14868	54.901752	288.01874	29.998398
318.75583	1224.8864	312.1512	1239.0704
346.88214	571.7462	1176.0762	493.80994
508.56802	1406.9038	504.0896	1427.0199
778.3199	631.01843	774.9778	688.9987
816.3949	1032.0968	812.35284	1132.0951
1308.2908	683.9899	1308.5399	716.0036
1533.7395	1742.8502	1492.4424	1814.6794
1575.7927	984.97516	1574.6029	946.98114
1747.1117	1417.8104	1741.0498	1446.224
1700.0093	1535.9059	1803.0884	1546.1074
1806.5781	1051.9724	1807.139	1083.9976
1836.5773	675.01575	1832.0588	553.96045
1883.9231	1080.0737	1882.8196	1049.0063
1907.0297	926.2405	1884.0189	926.7918
1960.8429	173.22163	1985.9999	170.99843
2000.8425	883.96423	2010.3541	1107.9425
2039.9792	1079.5249	2109.0657	1076.4996
2050.7366	629.0669	2049.3057	602.03674
2101.0789	1037.4381	2075.0474	1038.8633
2149.5215	945.105	2147.1794	912.1293
2158.2834	550.0707	2157.2126	524.0736
2461.0981	499.91705	2462.9927	525.00055
2514.0098	495.87833	2517.0364	520.9956
2818.5303	537.1667	2815.693	512.1482
2834.2136	962.97516	2838.1355	996.752
2859.6453	597.1558	2849.5103	509.05634
2915.391	865.7725	2921.28	901.7907
3033.3	1500.2186	3029.0432	1467.123
41.734165	252.92085	39.231384	292.95193
291.60748	508.89413	269.84955	499.3427
393.9636	759.85254	392.4249	781.10315
400.91632	672.12085	399.59326	693.10046
483.13922	1427.8485	486.8131	1406.9672
586.0035	1043.132	540.0092	1044.3483
674.47595	1013.00726	674.7658	993.9964
837.8981	718.9973	837.02545	752.0271
994.894	1092.9867	994.53296	1123.0184
1235.7762	1509.5352	1206.7596	1523.5006
1259.8958	1008.99554	1259.9689	1040.0001
1460.2552	1480.9906	1456.4093	1376.9479
1548.4534	1423.0449	1566.1115	1394.4513
2046.9474	559.05286	2045.6932	534.0656
2094.0254	915.94714	2070.0159	916.59
2097.4126	948.08527	2095.633	914.966
2493.0342	481.42133	2422.0938	487.1597
2467.329	571.9665	2469.7683	595.92175
2469.348	982.05365	2472.0593	1014.9951
2505.86	1017.81885	2509.0908	1050.9912
2779.9514	2018.4843	2810.0503	2021.4968
2909.6013	505.75784	2913.4094	530.9381
0.6111585	365.38425	28.023666	369.8549
200.68867	815.0673	199.20836	830.2158
241.02406	967.03894	240.34055	985.01294
444.98425	1149.0636	446.73804	1121.9185
451.71176	1115.9187	453.4791	1087.904
600.0861	691.9603	599.12726	714.04895
635.5042	999.97284	633.9614	1028.1075
809.46295	700.02386	808.27484	723.06573
839.12976	1101.0724	838.1098	1131.0718
844.0785	1535.0844	848.8652	1473.9113
1093.0532	1130.9279	949.0112	1139.1956
1675.6185	1355.9891	1675.3423	1391.0106
1728.8967	179.06686	482.77945	317.00766
1743.2849	1453.8153	1754.6921	1409.6621
1790.5408	621.9414	1791.5309	647.9798
1749.975	524.6836	1916.0431	511.5439
2049.621	533.96747	2050.9797	559.8963
2180.9722	943.11237	2179.1367	909.99243
2250.0972	1444.0249	2261.7349	1398.6754
2466.175	943.8227	2468.948	977.8412
2554.7126	939.84393	2557.81	973.8351
2598.108	1472.7844	2601.409	1505.0604
2838.7234	1263.0314	2870.6511	1544.1532
2876.277	507.97052	2879.0466	533.99506
2968.445	1503.1896	2964.1675	1468.1014
3070.501	326.0	3070.5027	1254.0
126.89744	1460.5327	160.98177	1467.0947
168.35869	943.02313	165.77933	983.05023
163.29802	1003.7813	178.14389	1007.41156
222.24516	957.2286	259.93454	969.206
270.77646	795.6633	257.8918	791.32104
350.37244	1018.9601	348.7143	1045.0454
366.05997	152.93709	382.45972	168.5669
598.9342	717.9278	597.36456	741.09247
611.9786	1575.0161	663.0197	1573.9056
719.40894	1683.0636	722.03467	1624.9113
729.0279	965.19617	747.9298	962.5068
777.9678	1741.0287	778.7401	1714.9626
827.7834	1422.0312	828.4228	1405.977
996.11414	1058.0491	995.394	1089.0555
1066.5558	1436.061	1069.2202	1411.8044
1111.8423	1735.7079	1105.3535	1783.6417
1112.8761	1615.0321	1146.9324	1617.1084
1189.883	490.713	2645.9502	358.45258
1464.0809	913.9906	1465.9731	1131.0002
1736.1981	898.9717	1741.402	1118.9668
1803.3253	931.92883	1804.2766	963.02216
2098.79	526.1711	2159.052	521.69946
2464.5244	540.8466	2467.0547	565.9945
2503.8538	1051.1968	2500.9026	1019.0089
2549.5593	888.939	2553.2478	922.7548
2556.5007	594.87036	2558.6667	619.9424
2595.4124	1014.78845	2598.3225	1047.9717
2659.8467	1429.1115	2656.3523	1392.966
2862.943	956.117	2859.285	923.07916
0.54226035	225.7348	42.468906	251.85255
186.13573	950.0088	185.03236	967.0668
205.2764	753.0755	204.27417	770.01624
206.47693	955.9482	198.94328	1031.9944
236.07613	843.71075	249.21841	847.1703
284.6764	624.82764	272.91107	620.2274
466.83228	1148.9873	471.0703	1092.9297
670.42676	1460.0262	672.4012	1427.9631
788.3432	1265.0371	786.82416	1279.0891
1115.3608	1149.003	1117.1384	936.9928
1183.4233	495.06244	1164.0529	1557.001
1227.8558	1340.9884	1226.3241	1492.0033
1259.3877	1079.9943	1259.5125	1110.0021
2004.878	1638.001	2004.7767	1625.9934
2075.0005	1554.7249	2036.0006	1554.6523
2054.5576	631.89777	2056.265	657.917
2102.0085	957.09393	2086.9517	958.47217
2468.0469	1077.9084	2644.9885	1068.778
2616.0522	934.9208	2554.0813	938.4352
2581.517	921.1197	2578.845	888.0125
2593.203	1048.0765	2590.121	1015.98834
2905.34	463.86145	2907.9292	488.90393
2962.8286	956.0205	2966.8901	990.0131
163.5762	1199.0317	162.63638	1216.0902
207.4107	1750.034	220.36937	1593.7819
733.7519	1606.5767	721.02234	1614.0381
746.62714	1036.0833	741.5626	1135.131
826.94556	1732.9257	829.13544	1701.8685
1072.12	700.9928	1071.8654	732.0071
1198.657	1314.9858	1196.5338	1516.0162
1617.555	571.99445	1617.8259	599.0118
1686.3552	1781.0166	1686.0487	1806.0128
1724.2441	523.97003	1728.6572	707.00824
2015.0385	678.4999	2179.0674	665.87695
2228.5427	1100.0292	2213.9531	871.003
2499.676	1435.8652	2502.2576	1467.9792
2528.8987	1429.0818	2526.5176	1397.0359
2567.008	1471.7596	2503.0046	1472.434
2576.8398	516.0739	2575.309	492.044
2714.931	1544.1003	2688.9326	1267.1002
215.49553	797.5073	184.90942	787.2706
230.91998	1238.3196	217.74442	1235.0208
260.50473	977.9528	255.83661	1026.9845
395.92355	733.91815	394.31332	755.09985
415.1005	657.1146	401.03452	658.38293
497.75766	1677.0889	568.1092	1682.6084
531.4501	1412.0404	532.62274	1398.9662
646.0511	1141.98	598.9705	1144.4353
649.5864	1501.0134	650.0931	1478.9791
751.9362	607.0511	742.88275	773.04816
998.6112	979.957	997.70984	1009.053
1487.6388	1376.998	1487.985	1487.0
1721.185	1348.938	1722.4968	1374.0264
1807.0497	1818.8987	1810.4413	1854.054
1838.9323	576.0734	1861.9556	574.3912
1866.5409	548.9915	1866.9325	574.00104
1754.0204	696.28253	1906.0944	685.3082
1903.7927	1577.8838	1905.1614	1598.9895
2005.9989	1666.6978	2023.9951	1666.6334
2451.548	1273.8793	2472.8552	1547.0892
2490.821	523.08234	2489.0684	497.9952
2915.8057	593.16156	2912.3953	567.94653
145.9093	1343.3732	109.85165	1334.6105
131.99808	1579.2946	184.00041	1579.1528
157.73949	1412.9388	160.78902	1399.9504
362.16406	1120.0115	364.12134	1091.9387
397.98456	708.0768	396.26752	730.0988
397.48605	1516.107	401.75623	1496.726
428.06094	653.679	455.02322	651.2588
522.99005	1575.3158	587.9908	1574.3691
794.33997	1607.0109	810.4046	1580.0494
861.02985	978.58997	824.97034	980.413
934.41785	947.9406	927.3609	1136.0135
962.1897	1128.03	965.8481	982.97095
1415.0968	380.03348	1336.9397	387.35635
1301.9963	1114.9071	1359.0253	1112.6349
1205.9803	1319.3405	1390.9952	1313.8402
1714.6361	1341.88	1697.1793	1347.5519
1770.025	1563.3301	1737.0325	1562.8353
1790.0487	593.94885	1790.6747	619.0081
1823.8542	316.98322	1822.1241	332.01428
1945.408	1612.1289	1939.8954	1586.805
1987.844	1463.9615	1989.6259	1503.0626
1991.9806	1685.134	1994.7605	1644.0515
2496.7524	1396.8536	2499.5933	1430.867
2526.009	924.0675	2523.7585	891.0164
2903.0225	489.2677	2899.6091	464.05292
9.707112	391.16064	0.035956513	373.52878
177.7903	1201.7559	151.8454	1194.5573
260.15674	857.5282	238.85051	850.45
281.59018	1069.0609	285.3105	1033.0321
285.09225	1029.1322	292.4818	968.0583
518.93555	1258.2296	512.28784	1285.316
537.0305	1114.0012	535.83887	1144.0729
763.41925	1132.973	764.7222	1104.9406
783.5203	1712.0371	782.1612	1731.0829
811.00775	1500.7819	822.0294	1501.1748
858.0333	1696.7749	768.9831	1700.6074
871.9513	1435.9318	877.93536	1343.9308
1385.1187	1450.9755	1386.8132	1389.967
1477.4899	569.0428	1476.7158	595.9918
1661.9755	1537.9366	1676.0182	1538.3047
1885.383	1011.9335	1886.9208	1043.9076
1935.9833	1665.0752	1962.011	1664.6034
1954.5958	1466.921	1956.2319	1499.9885
2030.8013	1675.0096	2029.2538	1642.9878
2068.82	999.05786	2067.1511	965.0416
2070.6252	1035.0609	2069.2043	1002.99097
2458.8848	525.0918	2456.895	500.9263
2518.0266	535.90454	2523.425	593.96045
2964.1006	1464.1057	2955.2678	1388.9685
3028.6648	1460.1759	3024.4182	1427.945
176.07263	1222.5795	165.85916	1220.8154
182.80417	991.0465	181.81744	1008.1051
203.72874	774.0504	202.62724	789.97424
475.5667	1008.0349	477.2304	981.01416
841.707	1032.9917	840.8877	1062.0532
968.44855	1615.6112	977.55884	1602.689
1226.1575	1116.0012	1227.2947	967.99457
1289.7213	1351.1887	1295.3119	1329.82
1791.2021	650.9304	1792.7048	676.90137
1804.7576	979.96893	1805.3234	1011.9589
2035.0262	1095.7068	2200.0212	1089.5726
2096.0022	558.0711	2094.2852	533.9797
2158.7253	1034.8987	2160.667	1067.9608
2242.9832	1666.3141	2265.0269	1667.5028
2424.0786	857.9098	2443.4873	1089.9592
2550.3567	534.87415	2552.6736	559.8447
2892.8708	1431.9158	2895.976	1464.0023
142.1036	1233.5527	156.05014	1236.7836
180.11987	1352.5197	153.05823	1345.7666
187.26526	1163.0259	179.4551	1242.9468
254.5521	832.0429	253.2979	848.1786
430.8694	1121.9283	429.14478	1149.136
568.201	1004.0104	566.7536	1032.039
658.34265	1295.0498	660.3976	1280.9125
770.3831	1069.9719	769.05536	1099.0938
864.9954	1028.8986	816.00433	1031.0964
969.72064	1417.9661	969.3472	1432.0358
1147.6772	1618.2296	1112.6465	1678.3765
1836.9779	551.9837	1837.3938	576.9768
1940.1263	1468.0496	1941.8861	1499.0632
2548.2651	560.0597	2546.1543	534.06866
2591.7324	975.82166	2595.1575	1009.08673
2824.3113	542.8478	2827.3425	568.9602
2913.8342	535.76575	2917.0718	561.1185
2940.0007	1011.07556	2957.0085	1010.91675
201.67935	1209.0476	198.94644	1248.0663
217.63206	1236.0369	216.63766	1253.0955
219.09848	417.7089	232.28123	422.16867
252.77791	991.7259	239.77162	987.7464
438.62405	1013.97296	436.8132	1039.1305
632.79865	1042.9438	631.43787	1072.0671
721.0124	996.0008	719.7109	1017.04395
781.4664	1499.9843	782.3232	1470.98
1813.6561	294.78452	1805.7178	307.44986
2023.6663	1512.4331	2018.1681	1470.108
2132.41	566.8818	2134.6028	593.0333
2227.0037	1656.3933	2176.9893	1656.8589
2502.82	1473.0162	2505.797	1506.0183
2544.516	517.15	2542.2634	494.87225
2589.592	1009.12494	2586.744	977.0227
2859.3237	871.85236	2862.9836	904.66724
230.07143	1265.7109	198.75981	1257.9718
230.92087	444.20334	217.9409	439.15186
313.4399	985.0381	309.88766	1026.0768
665.08887	1564.944	668.6522	1506.9786
777.0069	1328.3013	737.00806	1328.5134
840.6175	1066.9817	839.1712	1097.1042
962.4711	973.9708	960.86664	1003.04785
1480.8926	576.9607	1539.0977	570.94543
1552.3136	666.9763	1552.8187	695.0033
1950.3092	1111.9877	1941.2924	886.02826
1983.5271	502.92477	1992.7427	690.0127
2127.7651	552.078	2126.2468	528.0476
2553.248	563.8775	2555.8047	589.921
2646.7437	358.95538	2645.0376	407.00134
257.51376	792.0264	256.68686	808.08685
445.98688	1552.4702	435.60773	1572.3177
451.5051	299.96902	443.4369	428.9022
530.005	1428.0006	531.5115	1416.0646
546.3225	1316.8918	543.8884	1332.1418
637.98517	1757.6498	771.99243	1756.803
770.5346	726.9835	769.50507	756.0179
1034.193	1126.0049	1037.9037	979.97217
1259.6833	1043.9847	1259.9739	1075.982
1805.6401	1015.9588	1806.445	1047.9888
1818.4285	549.073	1821.3845	531.72473
2065.8962	949.05334	2064.348	917.03156
2119.8755	913.9346	2122.2756	946.05414
2136.362	625.90485	2138.1145	650.992
2502.7412	979.7803	2505.4807	1013.9615
2546.6973	494.02545	2548.7139	518.02405
2651.8962	1340.011	2648.2727	1305.971
2907.8586	531.12897	2904.9197	505.1221
2950.25	899.1994	2946.5862	867.0472
178.78702	1179.9786	170.73322	1178.2258
149.96196	1488.1764	212.09213	1501.5728
599.965	1684.998	602.6382	1637.9227
631.1545	1076.9517	629.4887	1106.0851
710.655	960.9284	703.03894	1103.9489
996.86743	1024.008	996.5871	1054.0148
961.0042	1146.078	1092.0525	1138.9683
1238.3673	591.00903	1237.7787	615.0191
1417.9183	1331.3365	1386.9929	1332.8552
1510.5294	1407.0225	1511.8499	1375.9512
1789.2192	554.9968	1789.5803	579.99164
1852.268	928.9484	1853.5729	961.0174
1882.5066	927.01965	1883.7803	959.0087
2130.2078	593.1137	2128.5525	567.0284
2492.726	925.09064	2490.4463	893.03937
2493.3994	1346.9696	2495.8335	1379.0127
2822.0054	569.23303	2819.07	544.10864
237.49838	822.5951	266.09268	832.7387
260.42545	1294.0762	264.1917	1273.0343
333.29764	473.99994	333.29868	492.99997
384.59964	1477.0465	387.00467	1446.0004
669.59106	1144.0394	671.196	1120.0131
744.0559	1394.0015	743.2363	1425.0062
993.6349	1408.0404	998.035	1338.875
1110.8228	1685.0189	1112.4779	1613.0339
2071.3555	965.9333	2072.934	998.00323
2073.3137	1002.9373	2074.8433	1035.0074
2151.8208	994.0585	2150.183	961.0405
2151.7239	911.951	2153.899	944.0745
2570.487	1507.1501	2567.0095	1472.0983
2857.485	904.1805	2853.6562	872.04095
2916.7754	1371.149	2912.8652	1339.0164
240.45215	785.00604	240.21077	803.01624
255.14151	1484.0153	252.64717	1507.0701
373.82388	1019.8989	371.74033	1044.1495
382.10718	1510.1078	383.38922	1496.9406
500.35873	1061.971	499.22073	1087.0554
564.0483	1079.9425	562.2827	1109.1381
773.81964	991.99176	772.44666	1022.06604
848.03503	1466.1198	851.071	1439.8925
889.99744	1753.9658	1086.0012	1753.4781
1285.1533	1005.48834	1232.1083	1008.75665
1509.638	1798.2985	1524.9989	1765.4674
1716.8813	1408.015	1717.2556	1386.0044
1731.5137	1392.45	1723.1355	1346.1565
1768.9937	1107.845	1924.0182	1101.4408
1928.0363	1563.1868	1953.013	1562.4248
2020.1522	651.99274	2016.4827	574.977
2025.3824	1638.9797	2027.1853	1673.0431
2048.8687	600.0397	2047.9556	574.0016
2101.0615	647.9464	2097.0215	567.9484
2154.354	960.91284	2156.4731	993.8408
2202.7427	675.01886	2188.7278	484.09338
2431.843	496.9834	2482.9229	493.0093
2496.9382	974.16986	2494.2927	942.0583
2586.2224	972.0669	2583.2964	938.06055
3027.8108	1492.4647	3003.7307	1482.6613
3070.4065	283.99664	3070.6965	319.0025
161.69383	1220.99	161.17053	1237.0382
223.97762	961.9981	220.63162	1001.05414
303.06882	1112.0066	294.99432	1196.0955
304.29272	485.97708	305.54416	501.9574
286.99948	1553.9719	324.00513	1553.271
366.943	666.88837	364.7054	688.0745
457.15768	1037.8467	465.90082	989.8
655.012	1039.57	606.01276	1040.6049
850.15	1422.0807	852.04443	1395.0732
1597.8378	1389.9957	1597.0118	1421.0004
1491.0182	1120.3993	1644.0198	1113.4331
1663.2122	1349.001	1663.1522	1300.9998
1818.1357	1853.858	1820.5363	1873.058
1884.2988	974.91095	1885.5764	1007.9002
2504.0122	627.17676	2490.0105	628.14984
2616.7634	1339.1212	2613.617	1307.0376
2780.9775	1730.6989	2817.0007	1728.0095
2887.9346	1390.7786	2891.7268	1423.9169
2922.632	919.043	2926.5964	952.93024
2931.6753	1502.1561	2927.888	1470.0132
2986.9963	1388.8392	2992.3389	1421.9453
196.03717	1476.7786	216.95132	1480.2899
346.0516	801.6921	472.0222	792.29767
552.53204	1498.0546	553.87274	1484.9869
630.0013	1506.0825	649.01215	1505.79
692.99963	1049.0	694.76483	1060.8865
724.3045	1250.0612	727.74445	1232.9486
811.40173	1392.0106	810.58606	1423.0154
1268.954	1595.7864	1313.1866	1542.8157
1805.0144	318.12167	1822.9982	315.98465
2204.825	1679.2057	2193.6729	1668.3356
2236.977	1449.9167	2240.8171	1495.0156
2568.0066	1469.9994	2560.6165	1395.9385
2952.0635	865.9925	2956.073	899.87305
202.76471	118.99976	85.098915	132.84093
239.62819	988.97614	238.53468	1006.0343
271.22867	637.3709	283.1124	641.69073
435.10455	1055.114	433.58926	1083.086
800.5835	1105.9532	797.19904	1136.1344
1541.9553	577.97577	1542.514	600.0123
2092.0881	1644.069	2080.007	1642.9264
2816.7178	471.0212	2818.598	496.03024
2847.203	494.07556	2844.828	469.01633
2958.3113	916.7419	2962.1355	950.98486
170.8272	939.4979	203.6873	950.90106
184.65897	970.0431	183.54358	987.10095
365.66595	1125.0497	363.57092	1153.1173
771.8101	1035.9473	770.5195	1065.0674
777.1427	1258.3983	768.5048	1283.176
1069.301	1406.0084	1070.9313	1347.97
1463.9852	1310.3251	1656.0028	1306.1296
1568.1442	1461.9459	1569.2815	1486.0339
1785.3378	131.00592	1785.706	109.99485
2495.184	892.06494	2497.8074	925.0153
2550.422	590.077	2549.1978	564.99036
2591.3455	1395.0538	2594.0645	1428.077
2936.817	486.13922	2933.8606	461.01642
2985.7764	898.14514	2981.7295	864.0321
3053.843	1369.02	3044.5493	1296.0574
20.995184	1420.1101	0.9460634	1419.2334
103.95284	122.471085	117.02722	121.30532
167.43826	1155.9531	164.26302	1194.022
252.2279	572.9891	253.14053	591.9932
353.1085	1200.4867	340.81232	1197.8881
361.0456	1050.6431	378.0311	1049.4388
408.21762	160.74977	419.5062	170.56776
670.4518	1095.0375	671.45386	1082.9547
991.18884	1438.0731	992.3033	1419.9572
1614.9644	1492.9541	1559.9941	1494.8263
1665.2743	1498.995	1664.2002	1439.9963
1963.9312	1665.0096	1967.0399	1687.1349
2008.7391	1644.9913	2008.0702	1665.069
2130.494	527.9222	2131.7954	552.9065
2522.0347	1342.0773	2519.39	1309.0488
187.29285	765.06244	201.18668	769.40234
1119.0314	1684.2555	1101.5585	1730.4548
1660.0701	1513.991	1645.3463	1398.9557
1719.1553	1779.409	1792.3683	1771.3419
2527.0066	939.1197	2498.0415	940.74146
2786.2869	835.8596	2812.0305	1071.8876
2865.1123	921.80457	2868.2742	955.9746
2892.6965	903.1703	2888.3733	870.0819
2976.0	1517.8566	2900.9993	1517.8291
2927.3152	957.96075	2931.6504	992.7946
2961.123	990.2455	2956.9075	958.0121
145.29686	1141.671	149.22679	1169.1107
161.95424	1238.1483	174.03778	1241.8776
182.32494	1008.99426	194.06839	1012.78827
588.19403	1617.9087	590.2334	1599.9131
740.04663	1478.9928	739.92535	1495.007
971.73834	1364.9928	971.3485	1379.0375
1732.6206	1459.8083	1737.835	1503.9012
1747.2395	1503.0212	1746.0364	1459.9711
2022.8014	1560.0066	2025.2417	1634.025
2108.0068	1074.1622	2040.0004	1077.0099
2134.2776	595.8985	2136.3489	621.9723
2215.9592	1696.4216	2195.8572	1694.4777
2588.2073	937.7925	2591.3352	971.0625
2839.0168	1059.3776	3024.0076	1051.173
2903.1147	994.1058	2894.2688	920.0874
2956.2832	951.1931	2952.555	918.05005
3011.9998	1330.2545	3007.9124	1298.1384
3023.3042	1421.1879	3019.522	1387.053
100.04293	1476.7993	143.00215	1485.99
267.91263	815.2679	255.88702	811.34644
594.44727	1531.0707	596.34656	1519.0548
742.7418	1270.7655	732.74646	1281.7698
796.60114	1473.0529	792.9017	1515.0793
1260.952	1375.087	1262.147	1362.0134
2052.032	573.9036	2054.596	627.97174
2154.1802	1031.0486	2152.2817	999.0426
2500.3032	1013.1506	2497.454	981.04846
2586.9795	1344.002	2590.0933	1376.9912
2953.2065	1371.0956	2944.529	1299.0568
0.5108798	482.9412	108.08135	538.84344
221.05722	1194.0038	219.91884	1211.0613
485.96796	1547.0105	485.68527	1573.0074
611.0378	1368.0011	610.18414	1396.0056
702.0895	1388.0039	697.4975	1492.066
814.0511	1467.8176	821.02386	1467.3821
829.6595	1475.044	828.45526	1493.097
1039.0103	1420.2461	1025.9912	1420.788
1069.9902	1410.7317	1046.9843	1411.5677
1383.3944	1506.2461	1354.4457	1515.4082
2212.3171	1398.503	2230.456	1446.5824
2237.2488	1730.0636	2230.0515	1645.0803
2465.4253	595.1347	2463.4575	572.13196
2499.4402	941.88403	2502.1057	974.9915
2435.962	647.4998	2603.0579	634.75885
180.81393	968.6165	167.79272	964.6868
286.94803	1076.9984	285.84277	1112.0581
433.16782	1088.9542	431.62097	1117.0891
561.7669	1113.9899	560.5412	1142.1107
887.41437	980.98694	886.37537	947.98816
986.0317	1616.0885	969.98706	1616.5553
1542.4264	610.98773	1543.1411	693.9988
1727.0381	1417.9961	1730.2455	1449.0779
1983.2283	1665.0094	1982.3605	1686.0149
2095.2507	1656.8975	2096.8994	1677.0083
2156.753	997.90436	2158.5508	1030.8608
2251.409	1495.0383	2248.48	1449.9039
2584.2332	887.9072	2586.724	921.02075
2906.9622	1033.2018	2903.3926	997.1592
3029.4224	1426.8088	3033.9033	1460.1473
174.0571	1336.7585	164.8619	1334.584
197.1884	1422.0178	198.32043	1410.0303
222.54037	1172.9836	221.96875	1188.9989
231.61925	424.90793	219.13695	419.67343
268.09113	476.7599	281.1134	481.7011
565.78156	1045.9893	564.3559	1075.1154
741.63525	1443.9917	740.9937	1471.9999
891.7389	1137.7697	907.91284	1143.2568
1261.1764	1413.0171	1261.4376	1395.0063
2068.4165	916.91034	2070.4497	949.03485
2526.7507	1345.9159	2530.5598	1379.9373
2535.592	1506.1298	2532.634	1474.0337
2537.422	1472.9648	2540.1765	1505.9852
2619.939	1376.0912	2617.2664	1344.9772
2813.6863	496.155	2810.7356	471.1492
197.80748	973.6447	185.96744	970.109
219.41241	1214.0204	218.52045	1232.0751
235.14189	443.6224	246.09796	447.7393
280.50323	1323.9589	278.5406	1299.9558
325.6541	1478.0945	327.4136	1465.9153
454.97653	1300.9883	459.5781	1291.789
757.28424	1494.0563	757.9437	1478.9976
981.0129	1413.8368	949.00507	1414.3287
1672.2993	1395.991	1673.7429	1444.0377
1694.0486	1351.4867	1710.0884	1349.8846
1773.0165	971.32495	1830.0725	968.4297
1881.8732	1573.0515	1884.1744	1534.0103
1897.1215	552.9755	1897.5591	573.00964
2933.145	1468.8768	2936.8044	1502.9135
218.61772	579.86365	205.89688	574.233
263.5874	1099.2775	255.94812	1115.4479
370.76572	1433.9852	367.363	1488.0228
738.02765	1140.6234	782.0298	1138.6709
1705.1466	1813.5872	1728.0436	1811.4725
1898.0464	584.959	1901.3813	670.02423
2394.0564	468.91858	2408.7048	658.9457
2502.0154	1536.1361	2682.9958	1533.6853
3017.0571	1368.2571	3012.923	1337.0101
156.53812	1267.9417	196.18155	1278.3055
312.8735	428.77457	324.9869	421.97668
408.26236	153.17203	402.81418	129.81012
548.97125	1294.0016	549.82654	1309.0099
562.9741	975.3962	581.0267	974.62286
768.5943	1104.9845	767.5238	1133.0581
871.7158	977.8841	877.46844	963.78314
1042.107	1431.0203	1041.8342	1418.9811
1042.8588	1409.002	1042.4808	1380.9935
1217.9717	1134.3738	1363.0372	1127.8248
2131.6921	622.054	2130.618	596.0571
2877.3274	1300.812	2882.127	1334.6987
2967.81	995.6458	2972.0137	1028.9983
204.73288	1167.9908	204.14488	1185.0394
226.94466	981.1878	237.23029	984.21844
253.2981	849.0263	266.3037	853.00793
267.63538	1216.1366	270.43842	1203.0942
757.03	1166.341	777.0509	1164.5776
806.6535	1509.9861	805.845	1530.034
1749.1525	1713.0006	1749.0863	1729.0045
1794.0433	1562.5079	1776.912	1561.0006
1888.7612	1587.0923	1892.221	1521.064
2172.2556	1645.983	2178.1072	1733.9929
2489.3623	1308.0674	2493.051	1342.9946
2530.6924	1396.8297	2533.93	1429.0071
2558.0603	977.81396	2561.1458	1011.9868
2965.7603	1029.228	2962.3833	996.0628
3013.2744	1296.9655	3017.5725	1331.0538
3034.4194	1467.7133	3038.2434	1499.9712
161.88184	1129.4454	136.10413	1122.6074
295.05017	946.8739	275.03592	938.9097
379.70496	1594.0773	375.7572	1630.083
444.12936	1289.0328	447.7164	1274.9279
502.16846	1336.9434	499.44	1377.0299
570.7943	1538.0835	573.5392	1511.9515
1855.9933	966.86017	1911.0582	964.21106
2129.8865	252.89665	2143.0557	251.54231
2525.2134	1378.1503	2522.5957	1347.034
2594.8313	1433.833	2597.8577	1467.013
2896.5847	1469.8362	2900.0127	1502.9987
249.57425	1456.0729	251.86902	1437.9834
309.17252	1028.0118	306.57556	1065.971
398.51804	1587.8541	406.95148	1559.9854
459.06195	1565.043	464.76212	1556.8348
714.28503	1263.1035	710.65924	1238.0493
1021.42145	1356.0084	1020.3958	1407.0079
1456.7876	1305.9178	1458.0469	1317.9951
2583.9167	1307.0078	2587.0342	1339.9968
2674.4539	1080.0544	2650.9146	844.1083
2746.4187	437.9555	2767.3508	634.9627
3024.4348	1387.6831	3028.7742	1421.0294
250.97327	1012.0949	243.70496	1010.0473
370.91202	1058.156	368.549	1087.1263
535.28864	1308.869	539.3386	1286.8782
1263.8568	1430.9551	1264.75	1448.0131
2164.619	562.9609	2170.183	650.9884
2618.6768	1306.9412	2621.4673	1339.0463
2912.493	1334.0609	2908.6482	1302.0422
2933.9102	1394.4474	2943.258	1409.8433
799.5564	1473.0936	801.43896	1461.9056
1716.7914	1376.0219	1714.4808	1353.9497
2900.9956	1024.0122	2880.715	1016.80164
2918.3435	1338.739	2922.0342	1371.8849
416.02628	1591.8999	404.7529	1588.9417
758.71967	1460.0486	759.8029	1443.9867
865.8533	1015.94025	867.3556	987.1228
1042.8794	1377.0244	1043.3245	1360.9812
1226.9636	1118.2351	1282.0292	1115.6139
1274.1902	1397.9658	1274.5365	1410.0133
1374.1356	1347.9274	1304.1698	1358.161
1912.0171	961.31976	1872.9683	963.40594
2232.1611	1406.9802	2235.851	1437.0183
2566.7883	1395.0183	2576.7078	1510.0251
2621.8914	1343.9186	2624.8242	1376.016
195.35577	1440.0492	197.15887	1427.022
368.05194	1091.934	366.08536	1120.1454
538.1565	1402.0079	536.7768	1429.0397
651.42	1102.9155	652.70294	1078.9307
750.7948	1254.9205	745.6349	1268.2458
819.631	1302.9517	821.3373	1289.9133
1373.2366	1377.007	1371.7831	1426.0232
1518.9812	1375.0007	1520.2831	1406.03
2022.41	1665.2058	2019.3989	1641.9484
2168.0476	652.6265	2109.0845	657.111
2933.0212	996.9988	2935.0479	1031.881
3018.1404	1335.7084	3022.6633	1368.9097
570.0827	1198.9963	570.9381	1218.0028
1086.2296	1694.9885	1087.5597	1605.9785
1346.4595	1505.4324	1392.9263	1495.6495
1396.9741	1377.1484	1424.0403	1376.3242
1805.7352	1613.8131	1836.0133	1607.0596
1915.5898	973.94025	1918.2999	1046.0264
2073.9631	1516.1844	2071.4568	1502.0967
126.8959	1389.9927	125.913475	1404.0637
219.96796	1042.0852	230.04668	1045.8759
517.3216	1294.9425	516.2137	1308.0181
966.02875	1130.5714	1011.01556	1128.3094
1046.4103	1380.9979	1046.449	1406.9978
1289.6782	1377.9559	1283.1041	1426.0143
1311.3698	1477.9736	1315.804	1372.0337
1363.1628	1026.0203	1364.1808	1068.0199
1669.1177	1440.9862	1663.9764	1397.2378
2079.086	516.02484	2019.0887	521.05786
2147.027	1019.14404	2131.9473	1018.66693
2583.7896	529.0208	2592.781	620.0216
248.15912	431.61047	236.98186	427.0444
455.00333	1221.9902	443.93213	1218.1981
653.0459	947.8022	638.8802	944.5166
1731.058	1810.9783	1719.4135	1779.8453
2580.6777	495.93796	2582.7913	519.0191
2882.5027	1338.9475	2885.9578	1372.0044
2923.126	1389.841	2927.814	1423.0262
2991.7854	950.14746	2987.5254	915.0576
3055.9841	1384.6554	3023.0535	1386.1661
82.31766	129.89287	6.4407773	142.6265
303.5825	1499.9626	302.42062	1512.9481
328.0282	1556.1696	305.00043	1560.0026
535.7435	1447.9865	534.8438	1465.0446
722.1672	1230.777	718.7369	1258.968
1694.8949	1328.9218	1679.493	1349.6228
2498.3047	536.06274	2506.4182	625.9623
2867.483	994.14996	2864.2231	961.17566
2980.5928	1336.9017	2986.0264	1369.664
203.40912	1188.961	202.28029	1206.0844
449.50278	428.3468	464.4077	449.7156
531.09344	1518.0016	530.82025	1534.014
550.14746	1533.0182	551.8796	1518.9851
724.70447	1208.9607	726.42126	1196.056
1046.81	1361.9686	1046.3873	1378.0103
1769.4338	967.01465	1768.7083	938.9817
2519.9526	490.27774	2571.9915	486.86868
2618.6016	889.9497	2621.2869	922.05963
2855.8064	507.02295	2866.9463	601.00635
272.45755	1256.9391	268.43173	1292.8241
511.4325	359.91858	496.45654	366.96967
532.5028	1313.1844	529.23645	1322.0868
565.76465	1254.9138	570.8769	1240.955
876.00867	1325.0608	830.01166	1325.4353
1034.9912	1126.7914	1088.0237	1124.5654
1424.7266	1414.9738	1426.7463	1470.937
2922.2878	1422.159	2919.2227	1389.1652
2997.066	990.12024	2992.4265	954.0738
264.62344	1347.0044	264.986	1378.0118
345.31207	1243.9471	343.7685	1264.059
492.7273	1273.896	488.42883	1285.1636
673.22986	1525.9503	671.2901	1556.0187
763.4673	1444.9738	762.77606	1458.989
797.82904	1528.1141	799.6404	1514.9506
799.6257	996.0136	800.9	1031.0037
829.9703	1152.6562	858.02014	1150.2328
2534.0444	938.9137	2543.4717	1053.0437
2928.6272	1430.8303	2931.9824	1463.0018
603.47516	1509.9701	602.1636	1533.0093
679.4335	1193.8893	676.68823	1207.9391
696.99817	1156.0027	680.5446	1144.6606
712.6421	1221.0272	711.7223	1208.9451
775.8827	1233.7896	766.89026	1238.8032
775.1513	1537.0051	776.14276	1507.9366
800.87067	1457.0282	801.26117	1444.9761
1261.1378	1391.0103	1262.0294	1379.0022
2161.78	1717.0668	2159.4714	1674.9194
2207.022	1680.9751	2217.5867	1690.3379
2901.2708	918.08545	2915.2158	1037.0919
230.95956	1137.1162	207.38074	1128.9065
355.16898	1528.2322	357.61365	1515.9232
809.2924	1441.9773	808.48865	1467.0157
2141.2056	1726.4541	2159.8948	1716.8492
2524.2102	1308.9829	2526.8955	1342.0085
2622.8013	933.9239	2633.8408	1050.1101
2794.1052	621.37854	2969.9958	607.94495
2993.1416	1428.8636	2996.967	1460.8845
475.03656	1616.8796	487.1355	1620.5538
598.4617	1462.074	600.38715	1450.062
607.11237	1448.0066	605.36316	1478.0211
827.87177	1510.9948	827.09503	1530.0447
1009.09076	1411.9209	1005.9524	1447.9958
1113.873	1796.368	1125.2633	1831.2406
2081.0305	535.91156	2082.9272	558.0062
2102.9768	911.99774	2104.4285	896.9449
2162.8198	529.00745	2163.7673	552.0096
223.53311	1349.0586	178.79324	1338.9116
473.03497	1639.8331	452.87256	1635.6082
473.59	1029.9751	474.74347	1010.98444
493.8495	1478.6498	483.056	1509.371
522.6233	1531.1104	524.4015	1521.0712
604.71185	1281.8267	610.7222	1271.8329
702.9561	1630.9934	700.4029	1648.0603
755.5365	1527.0653	756.886	1515.9861
1830.3436	1546.4977	1788.9912	1537.0386
1852.0914	1074.9968	1848.7056	975.9759
2261.2695	1399.377	2239.5479	1387.8522
2624.1326	1426.152	2621.681	1396.026
326.9988	1402.6454	285.99597	1402.7814
380.00906	1047.2196	360.00192	1048.0465
416.92294	1549.1266	419.4012	1531.055
521.4625	1547.8694	524.15515	1536.7946
605.23254	1480.013	604.23016	1498.0128
609.2531	1400.9727	608.22833	1429.0083
1305.2316	1513.6921	1276.6208	1492.1746
2037.6411	1034.973	2034.8236	967.9654
2234.0308	1388.0475	2216.5908	1399.3698
215.41039	1426.0541	217.12958	1413.0171
222.94304	1505.6531	238.99538	1507.0531
624.1115	1497.0116	625.57745	1482.9559
1975.9612	1685.0045	1973.5	1664.0587
2495.4016	500.96582	2497.5286	525.955
165.6235	492.2734	170.10748	482.04712
228.6278	1322.114	224.92377	1310.0233
944.37396	1417.9838	943.9857	1432.9996
1192.0331	1516.1572	1181.121	1541.6233
1849.0073	962.9995	1847.1882	934.9878
2121.4084	1047.9805	2117.2915	961.986
444.0036	1043.0702	408.99292	1044.8618
676.33813	1267.648	670.45386	1278.7095
724.0092	1572.324	771.0281	1570.989
2024.3401	1467.8545	2029.3468	1513.9623
2655.0586	1308.8988	2662.039	1381.9006
249.85767	633.9893	251.43002	613.0323
366.2023	1496.9772	365.7431	1513.0212
437.60635	1317.0502	438.5234	1305.9606
533.0691	1483.9879	532.8871	1498.0115
702.68	1574.9774	703.21295	1591.0261
2933.9106	1410.0297	2930.2185	1398.9274
552.60455	1638.1625	560.6466	1657.7343
697.7277	1510.1635	694.3243	1546.1254
777.1874	1214.9585	780.2843	1228.937
787.04596	1572.3618	802.0578	1570.4552
800.1421	1168.0049	799.66455	1182.0226
1597.9423	1369.9119	1599.2661	1384.0686
2914.0623	1300.8966	2917.2625	1333.7798
357.38565	1510.0791	359.673	1498.9329
503.381	999.9476	501.85223	1017.9875
596.58234	1496.0734	597.97754	1484.9972
232.13559	1329.9764	235.43471	1348.9243
281.65622	0.5376741	277.94482	11.325067
761.86926	1478.9739	761.5461	1492.9895
816.7182	1313.0228	817.60956	1324.0316
466.99228	1555.3322	471.1081	1543.0361
1181.7589	1558.099	1183.0747	1548.0098
1560.8579	993.00085	1561.2595	1058.0045
1645.7268	1353.8256	1653.9404	1340.962
2083.2476	570.92944	2087.9448	654.0031
2927.0398	1462.2671	2922.6672	1430.1816
260.12698	1145.5864	247.7579	1141.7885
287.17236	1566.4147	274.3155	1571.759
812.2577	1372.9788	811.8269	1388.0237
970.9599	1383.9608	970.46954	1396.98
1280.1641	1364.7305	1270.933	1359.1101
1556.9513	571.4947	1603.0055	567.05676
2851.6194	469.94055	2854.215	496.97934
2941.6184	463.94864	2943.7012	489.0248
241.07347	1198.922	235.41362	1266.119
446.62085	1311.2988	439.05273	1327.0254
523.9983	1514.9998	526.02155	1503.0037
595.933	1660.9955	594.39545	1684.0264
731.4228	1492.0806	733.55054	1480.9143
3060.447	1422.0748	3055.573	1386.0577
391.14963	1445.9331	388.78506	1475.983
1487.9221	1324.1023	1437.1051	1320.5127
1960.0964	1621.004	1958.5729	1657.0243
2151.975	1740.2266	2233.02	1737.6212
2994.311	912.0881	3009.6423	1032.0457
5.724915	140.98338	2.2820144	197.95662
1820.0034	589.967	1822.8336	675.9726
2081.8374	527.97943	2083.8604	511.98236
2530.3188	896.9727	2532.8977	927.09436
762.0185	1387.0015	763.00226	1375.0002
1477.6028	1671.4646	1512.0632	1700.926
2626.3506	1394.8771	2629.2644	1426.8849
595.55707	1513.0991	597.3734	1502.8885
703.24036	1186.6025	690.1788	1178.7043
1550.0778	1451.9977	1549.2239	1423.9932
1753.9155	1410.904	1734.5139	1399.8535
729.0105	1547.0007	729.893	1533.9928
2187.594	960.0236	2191.6033	1029.0231
666.1665	1275.0032	666.4517	1259.9896
1623.9098	1426.8934	1633.4011	1507.953
1694.1844	1347.0281	1696.7805	1329.9666
1724.6389	1446.1101	1716.0613	1417.9813
1987.0295	176.12231	1970.9984	179.99318
2945.454	500.0699	2957.2395	592.0974
2962.433	1387.0662	2976.7886	1510.0247
602.4629	1393.9296	603.7688	1383.9697
620.5864	1621.3635	613.5467	1632.719
692.8414	1605.0634	701.51526	1626.7943
1378.9653	1338.9451	1342.0052	1340.1606
2559.92	1315.0073	2566.0825	1382.0844
2607.9954	252.90837	2596.973	253.46153
2673.0027	1520.338	2604.007	1520.8857
502.47995	1029.0255	501.20352	1053.0109
1019.68726	1420.9932	1019.40356	1434.0088
755.18317	1217.1213	745.2232	1232.148
1818.3888	555.94446	1819.3107	578.98755
1962.1207	1598.0089	1961.089	1612.0066
966.8373	1397.0381	967.4758	1383.0217
1833.5067	929.0847	1836.191	913.0319
2662.7705	1391.929	2673.8398	1511.9225
525.5703	1495.9509	526.70935	1485.9668
490.75085	1504.9556	487.37488	1523.8885
2896.5923	875.93066	2900.3425	907.9599
2999.131	1480.9915	3000.4397	1501.0366
2229.2927	1435.1766	2222.4758	1407.8812
2116.1611	943.991	2114.9949	923.0003
2152.7979	1435.4213	2141.4011	1419.7091
244.79015	1544.9764	243.5461	1556.0613
359.69394	1477.1218	361.65692	1465.9398
600.4004	1428.054	602.02484	1416.0033
2908.6194	849.0891	2912.2104	864.4192
2989.2017	866.9765	2993.382	902.83887
504.808	978.00934	505.68527	996.0153
554.9745	1035.5479	539.9658	1036.3942
1236.4991	1432.0197	1237.0859	1446.9966
1425.7012	1377.0664	1424.0884	1394.103
305.6616	1079.9878	304.72147	1106.026
239.97824	1367.0973	205.89407	1359.4735
1420.9407	1467.8427	1398.8826	1449.9142
1676.7472	1810.7539	1664.8743	1774.712
540.9586	1475.2545	550.0416	1474.7506
812.01404	1227.4209	801.9918	1227.7559
853.97205	745.1922	856.7486	731.148
1459.2289	1830.6567	1444.9221	1821.1168
1701.3229	1501.9268	1704.4921	1515.8883
2104.091	964.99506	2109.5942	1067.0219
1391.6298	1348.5372	1379.7561	1340.3539
1772.025	1536.6964	1750.0096	1534.8823
1914.9434	936.99945	1914.7224	961.00665
338.22675	1258.9966	337.89456	1236.9865
2952.2515	1302.9691	2961.3467	1377.0802
818.3091	1286.0625	817.5756	1277.948
621.9987	1476.965	611.97546	1477.3353
445.60187	1638.4532	474.87073	1646.4718
2630.3757	1436.9009	2632.1892	1462.0585
266.44504	1246.0212	266.97128	1234.9987
1776.1254	1530.0342	1745.1282	1526.012
1735.5383	1446.9839	1736.5499	1417.9843
