2947.7507	230.035	2800.7534	267.02
160.17369	363.72592	-4.237127	294.4246
299.81046	431.91995	366.09814	457.74814
297.13306	421.92358	422.78436	469.5687
3069.6003	214.45569	2851.459	270.9096
2832.976	268.89587	2788.04	279.17545
2925.949	259.7754	2859.0037	275.01608
2988.939	161.62016	3067.9875	148.92183
2911.8801	220.34453	2868.503	228.28525
1.6062078	293.79227	90.33367	338.3275
2700.115	277.42667	2585.1067	308.3961
2822.0654	307.29044	2791.0625	314.27698
2944.0017	240.0078	2917.0242	246.1074
2904.1719	293.7626	2686.5095	342.8243
2845.0342	298.15573	2763.9985	315.99323
2940.753	186.31946	3042.0627	171.42737
3020.0469	264.1381	2933.8147	293.40094
2741.9937	243.9743	2766.0286	238.11754
2857.0596	283.26266	2807.1328	294.58533
2940.138	225.57365	2910.1875	232.7791
3006.9448	221.75978	2973.1243	229.53986
3027.9968	257.9852	2907.098	284.44675
2680.065	311.2649	2651.0933	318.3798
2741.9756	336.89584	2694.979	347.9109
2812.0088	297.03723	2782.0322	304.13647
3071.4998	255.1318	2947.1199	271.88953
2681.0295	276.1302	2721.008	267.03568
2845.0002	290.0008	2816.157	296.67767
2984.1377	271.623	2931.0781	283.35358
2751.5085	223.92593	2687.6772	240.77765
2804.9148	294.629	2774.157	301.68442
3070.3086	486.74066	2990.1675	500.9448
2947.208	212.89125	2920.0535	219.22931
3020.9812	234.91522	2973.1135	245.5127
3070.6367	551.7033	3016.183	561.0649
2819.1582	299.70175	2772.0706	310.31302
3044.089	245.36938	3012.97	252.87535
3070.0527	906.6443	3043.07	908.8562
2872.2244	288.01215	2822.032	299.14377
2925.0479	276.19888	2894.1504	283.6261
2945.1396	263.59763	2928.1335	267.57138
2961.104	295.47156	2995.9543	287.7926
2925.9858	267.93808	2895.013	275.05652
2969.9446	253.71014	2920.6436	263.13605
2957.9539	238.79077	3006.9968	227.98534
3069.1987	587.2144	3027.9924	593.95447
2633.0303	357.13727	2602.9456	363.75275
2651.036	361.17978	2552.5693	380.84277
3032.7942	622.7162	3068.8296	616.93695
3027.822	590.89655	3070.0144	584.0896
652.37885	607.4766	-2.735726	331.88013
2728.9192	329.61633	2761.931	322.6715
2997.121	500.65735	3068.1077	487.58408
3069.9312	470.66	2972.102	490.50284
2723.1833	299.4627	2699.9778	306.93066
147.62308	304.60965	83.96362	276.08118
2455.8123	422.11218	3069.493	292.33118
1.0064471	298.9831	29.114128	309.70068
3070.1553	542.881	3015.9019	552.443
676.4166	843.9538	677.9186	824.9935
1501.7432	851.58484	1515.6481	849.0609
2692.01	302.90732	2633.6025	314.9282
2643.0679	351.46182	2573.802	361.65417
3064.0752	241.30544	3049.005	245.01968
2101.1763	751.0347	2054.1768	759.03845
2580.7922	667.62006	2606.805	663.7044
3019.8518	549.1861	3070.3628	539.9926
3070.9968	499.85925	3004.7039	511.13687
674.2073	869.9283	676.0257	849.8215
679.0162	810.93494	680.2762	791.886
2124.8184	743.9743	2169.995	735.9722
2316.818	711.873	2367.7827	703.65314
2736.117	705.74274	2664.9905	716.9397
2898.1228	286.5583	2868.9922	292.96442
2979.9846	255.93869	2967.0413	259.1659
2582.8716	697.2385	2639.771	687.64197
2654.0159	329.06818	2624.965	335.85046
140.23735	635.2743	81.32507	616.0061
1345.6332	879.9966	1345.6812	860.99664
1696.8644	817.0646	1711.8396	814.8938
2173.1199	738.6744	2124.2412	747.35803
2583.8982	727.37225	2643.781	717.65125
2881.4539	140.81807	2912.9006	135.42065
1535.219	784.13574	1493.237	792.22986
1737.1445	813.84827	1696.308	820.8073
1836.8782	793.1437	1853.8196	790.7326
1924.8715	778.2786	1945.7435	774.5606
2053.7964	755.7743	2098.0698	748.4198
2392.7593	435.89493	2451.7905	423.0381
3070.207	74.82868	2383.583	246.33073
3035.9033	654.4151	3068.9902	648.9405
3015.2031	555.1654	3069.1333	545.76544
672.5349	892.96136	674.1907	873.0158
1274.2827	682.2889	1718.9474	584.7599
2393.7651	699.63007	2446.751	690.54785
2695.8665	648.29425	2722.0637	643.3363
2669.8662	713.1413	2729.9653	703.77826
1502.8156	875.8618	1516.7733	873.6006
1503.8895	1183.039	1521.8815	1180.9697
1657.8446	824.0942	1675.9968	820.98126
1656.9543	790.80054	1674.9293	786.69086
1767.8796	573.4509	2262.0176	465.07983
3070.5706	87.00076	3070.9282	289.00012
80.771805	618.6959	139.35841	637.907
81.79578	560.58826	239.84071	615.4588
1447.8634	861.1368	1460.8546	859.0814
1465.857	858.22015	1481.6918	855.31836
2667.868	683.23926	2725.8577	673.1798
3031.166	660.016	3068.1592	653.97424
211.155	658.534	159.24367	641.26746
200.938	326.84207	231.3541	314.902
1349.9249	878.63	1362.801	876.0188
1520.8455	847.9488	1538.7526	845.3164
1521.8923	872.2858	1536.8536	870.02924
1716.8116	813.9637	1736.8756	810.3158
2609.8506	663.1396	2635.764	658.64056
3070.2822	295.33112	2314.8992	455.52444
1333.8694	880.8094	1345.8352	879.497
1500.7849	900.68634	1534.8539	895.10767
2053.8457	783.00555	2075.7834	779.6037
2647.0066	319.02768	2619.8691	325.44696
2665.8748	653.2327	2693.7847	648.67957
158.09203	643.71893	212.18648	661.4305
1484.8876	1184.8328	1499.8452	1183.3923
1499.7313	819.9659	1515.6929	815.81824
1516.1089	852.65686	1501.1876	855.13153
1636.7751	827.4831	1650.9092	825.3877
2175.2043	766.1708	2125.158	774.9055
2409.758	367.37775	2380.515	378.75296
2396.8984	757.37177	2452.889	748.3131
2997.0276	691.16296	3070.297	678.7548
26.2686	1063.5365	81.07437	1073.5947
386.59283	449.58447	300.5988	413.57025
333.0719	414.88678	355.79782	429.3184
1636.9043	852.32294	1652.8683	850.06757
1636.8284	877.9872	1654.82	874.93787
2780.9749	1132.7089	2706.015	1139.174
1346.1908	847.00604	1346.8542	825.96387
1516.7007	897.00116	1516.7335	876.9979
1519.7795	816.0133	1537.9878	811.9454
1693.9291	1163.2294	1714.8439	1161.304
1902.8267	781.8591	1922.8208	778.82086
1929.899	1173.1693	1950.9526	1170.6104
2125.886	771.27026	2147.8196	767.8443
2149.8967	767.44006	2174.7869	762.84515
2125.9045	799.4338	2177.134	790.7944
2318.848	740.0948	2341.8706	736.2288
2560.8296	221.3075	2589.7986	214.18138
2631.1953	577.0582	2559.2463	590.33466
3069.2173	890.7061	3025.0422	896.33185
1946.1389	777.78394	1902.2755	785.55536
2319.7974	768.71594	2372.895	760.335
2395.8752	728.2473	2448.7483	719.4812
2426.8823	1087.8304	2480.839	1082.4011
2978.9277	493.64124	3069.098	475.48596
3052.0532	916.35504	3070.2437	913.6227
415.03412	815.90155	417.28464	793.82513
1464.8351	826.2872	1482.0691	822.29865
1697.749	842.636	1712.0024	840.0132
1717.856	839.11633	1736.0251	836.1544
2455.769	401.9051	2485.9053	395.55075
211.0077	666.24097	156.72809	649.622
450.0045	737.98663	408.0436	723.8704
543.3059	504.9737	623.26776	479.85226
1278.901	937.3958	1307.9408	932.6389
1461.5692	858.9957	1461.7672	838.9878
1478.3276	794.6187	1437.386	802.9066
1502.9064	1214.1426	1520.91	1212.1759
1652.2244	828.24274	1637.1733	830.96014
1693.7714	783.83295	1712.8237	780.10016
138.6959	642.9794	79.78657	624.6874
243.91344	614.248	81.77542	557.64325
236.8008	616.57556	165.97769	592.06445
483.29465	745.94946	484.7964	724.9854
728.07166	827.9652	728.7852	808.91705
1445.8779	1188.8009	1463.8949	1186.9673
1447.8474	885.0249	1461.8184	882.83923
1612.8629	1171.7356	1628.8912	1169.9971
1634.7516	794.6748	1652.865	791.2798
1634.9207	1201.2513	1650.9525	1199.5519
1632.884	1170.2758	1650.9023	1167.3899
1855.2739	793.5824	1837.1254	796.7241
2078.8635	779.2765	2101.9834	774.9116
2160.189	423.70898	2149.857	426.46326
2491.096	1158.031	2431.957	1163.5381
3016.1404	561.7935	3068.1072	552.6055
154.77058	594.6525	86.16421	570.53296
125.84687	702.501	75.926	687.24207
202.95393	696.1522	153.26729	681.1167
267.9993	428.99994	272.68378	384.86032
390.41992	1084.9508	392.715	1057.891
1171.8992	954.32635	1190.9219	951.47797
1329.8495	929.08014	1360.8384	924.01154
1464.8938	882.4595	1480.678	879.36
1516.6976	874.00104	1516.6613	829.0011
1614.922	1202.7357	1629.9265	1201.8096
1677.215	824.3484	1658.2196	827.3772
1860.8673	789.2429	1879.8112	785.9228
1928.93	1139.3772	1949.8905	1137.0243
2104.0107	778.0645	2054.24	786.4287
2457.9434	1121.4918	2482.9663	1118.6978
2550.9248	391.66052	2456.3618	412.63196
2689.983	1140.7992	2617.9963	1146.9573
2648.929	1065.2935	2675.9568	1062.5719
2998.9893	505.94324	3069.1323	492.70044
3069.1987	620.1922	3032.2266	626.3579
128.8912	673.33997	76.46078	656.56024
158.76591	589.6753	84.074776	563.7843
420.4942	760.95917	422.0305	741.92175
1050.4938	881.96674	1055.2389	809.68744
1211.0593	832.3133	1105.8539	852.22784
1427.8956	1220.7434	1441.8823	1219.582
2054.9128	810.46313	2103.92	802.5067
2158.8696	1113.7167	2208.8618	1108.6388
2360.75	207.82892	2313.756	217.85706
2376.9075	1129.05	2403.8464	1126.4252
2637.1145	661.6823	2580.206	671.22815
2767.976	1005.7812	2692.998	1013.98145
2777.1204	944.1198	2581.1282	965.1912
3005.1487	510.80167	3068.206	499.11166
229.94649	620.15656	165.90929	598.2653
1446.9218	1219.2593	1462.8497	1217.5771
1671.2368	758.2085	1627.1653	766.8436
1695.7589	868.56116	1734.9978	861.9867
1836.8265	845.96967	1880.1145	838.68005
1840.927	1180.988	1858.9056	1179.6917
1901.8915	835.38336	1922.9437	831.6798
1903.8777	808.2826	1945.8513	801.12756
2322.889	1004.0663	2398.1323	995.1121
2346.8928	735.3034	2370.7888	731.6277
2345.8972	1095.9619	2400.853	1090.517
2482.0212	1037.1877	2422.0017	1044.0154
2536.9531	575.7557	2741.116	536.6041
2642.112	690.66907	2582.2832	700.6902
2591.952	971.5959	2675.082	961.6873
2651.9004	1103.081	2679.8965	1100.0448
2706.9287	1059.3131	2765.915	1053.183
2905.0269	145.11313	2887.5852	149.2523
441.04752	772.8502	400.67084	760.03723
1332.795	904.85565	1345.7379	902.537
1715.9644	779.81537	1735.9908	775.9523
1908.8954	1174.709	1925.9456	1173.3274
1942.282	708.50635	1890.8383	718.1358
2445.177	610.995	2377.1934	623.0865
2743.9329	712.5844	2566.7046	741.1676
2677.987	1015.87744	2606.941	1023.4459
1191.6238	607.7022	1237.7572	566.7266
1445.7614	829.88544	1461.8789	826.4346
1544.0564	768.2925	1423.1184	791.614
1517.1769	876.902	1502.3546	879.80835
1837.8619	818.9747	1855.938	816.5399
1947.2152	804.2669	1903.7703	811.64813
1922.8806	743.41437	1943.0609	739.29877
2202.1138	1034.0739	2181.1372	1036.2963
2357.7205	176.70856	2312.6672	186.46355
77.88354	1114.682	20.839355	1104.9407
386.30612	1127.9333	389.00934	1099.8087
417.8169	788.886	419.93634	766.89746
446.58704	734.0587	448.78613	712.0787
1067.0695	390.9931	1050.0127	389.81573
1257.2953	650.19946	1278.2561	645.0403
1308.1881	827.0507	1275.7943	832.85126
1345.4757	925.0053	1345.689	905.9965
1445.8105	910.0043	1461.8024	906.9613
1484.8474	1215.8723	1498.8613	1213.9753
1657.8682	849.3386	1675.7557	845.774
2314.1587	189.73851	2358.2717	180.2647
2349.9458	1131.0985	2373.9792	1129.656
2720.0315	560.167	2648.1384	573.73346
2724.8884	604.3771	2655.9502	616.7213
2548.8914	761.3066	2769.122	726.77795
107.14413	1078.175	158.15938	1087.0878
199.99905	725.0032	153.65712	711.1467
693.6905	853.9703	662.94806	844.16284
1001.5415	716.98285	1003.8596	655.03217
1293.8793	911.9974	1294.791	869.97375
1428.8497	1190.4131	1443.9042	1188.9875
1520.3339	794.9979	1520.2683	816.00397
1539.0999	848.64355	1520.0918	851.5917
1653.7441	850.037	1652.3898	804.0474
1833.7941	758.8286	1854.8466	755.12744
1861.9307	1179.3009	1882.9226	1177.2192
2050.811	719.76434	2098.0818	712.53516
2120.0732	708.44794	2169.2292	700.39996
2351.081	407.33795	2379.8665	400.4428
2747.2007	288.62717	2721.9094	296.71692
135.72867	631.85516	138.34058	608.92487
278.27063	299.58603	151.07591	358.32962
408.9643	1137.1903	365.79498	1129.093
1186.5054	928.9759	1187.4325	909.9723
1180.4156	605.4395	1215.896	571.8901
1464.1469	1190.5698	1446.1176	1192.2563
1630.0684	1173.6168	1613.0554	1175.5009
1656.9519	874.712	1674.7885	871.73334
1880.2238	789.27856	1858.1982	793.1327
1940.2422	516.13043	1850.8458	535.2801
1924.9448	831.6721	1947.8032	827.8294
2109.164	668.89905	2175.1562	656.8567
2375.878	620.3062	2451.1855	607.0544
2406.0908	993.7803	2484.081	984.6968
2570.719	957.5729	2787.0603	932.5218
82.02788	1076.8453	25.870077	1066.7206
108.146	621.0142	110.30214	598.83496
159.92007	1090.4602	105.81503	1081.0652
166.478	595.5306	235.3154	619.0074
404.98038	1171.1112	362.8792	1163.6848
521.80853	721.5643	473.8968	705.30414
1481.1403	855.0068	1482.0634	835.90643
1482.8794	1246.8365	1500.8931	1244.969
1499.6272	1142.9957	1499.7051	1117.996
1714.1943	843.05695	1697.2167	846.17834
1732.1981	747.077	1686.7139	755.44495
2065.0095	1034.0781	2129.1594	1026.3186
2085.9126	1121.0975	2104.928	1119.2562
2109.8677	1118.8213	2132.803	1116.2452
2293.0186	635.1059	2366.0615	622.3522
2314.2693	221.28712	2361.3035	211.45094
2668.1145	980.0585	2641.106	982.97894
2659.926	613.5978	2719.9202	602.56525
2710.9946	555.97235	2648.7961	567.9406
2733.1777	546.9404	2546.244	582.2892
94.870674	719.98376	97.88641	695.9857
106.50496	597.798	103.62869	619.08496
103.06551	1115.6063	155.12161	1124.2693
165.7041	600.8717	228.58688	622.21704
287.20868	451.49783	425.08597	508.79315
400.9375	757.1992	420.2344	763.2528
535.3694	717.73	406.1384	670.62036
639.2451	581.09827	642.25665	542.94135
1738.0428	870.25555	1617.2535	890.512
1839.9293	1148.1251	1857.9731	1146.6675
2031.0387	683.2088	2098.141	670.7605
2459.1133	757.73785	2303.9297	781.54083
2618.912	1106.0885	2649.9126	1103.0957
59.328346	1017.9202	62.896465	987.86896
75.755516	659.74255	97.980286	667.0599
108.52197	639.4558	128.65028	646.06506
137.5212	1032.8403	140.64046	1003.9612
180.79277	622.83295	177.76822	644.69116
418.70514	762.9683	440.15256	769.49896
504.9159	753.994	506.48746	731.89246
472.65244	702.0015	527.0428	720.87665
667.9564	1212.9252	669.82245	1186.9155
1206.1018	539.51733	1223.894	506.40573
1294.9369	855.9989	1295.2798	835.9706
1361.1702	816.843	1323.8729	824.3703
1499.7402	1182.9999	1499.742	1156.9999
1653.1332	1171.051	1633.2	1173.5776
1674.1083	849.64264	1637.7915	855.76263
1898.8931	747.3434	1919.0107	744.0656
2308.2444	458.10895	1764.0114	578.0514
2368.141	706.8619	2316.2217	715.35535
2610.9133	1020.17395	2672.8608	1013.6731
2617.9263	1068.1608	2645.9736	1065.7004
2710.9272	1097.2576	2770.843	1091.3955
21.898857	1141.6237	72.19779	1149.7803
21.211578	1101.7805	76.12015	1111.3075
32.30248	1014.4598	88.113815	1025.4204
141.0465	1002.78485	120.69999	998.3884
83.38142	566.7881	156.61194	592.1217
1364.2415	879.20447	1349.4354	882.17236
1499.8683	1214.0024	1499.8098	1187.0026
1860.9186	1146.3411	1881.8462	1143.7551
2085.8862	1155.9528	2107.8445	1153.568
2125.6226	319.52652	2187.8926	303.58063
2372.268	734.63855	2318.241	743.47406
2284.948	800.65607	2484.0837	770.5538
2474.0525	1002.50507	2450.1033	1004.9937
2524.619	344.11258	2580.9478	332.74127
2746.9207	530.5824	2531.12	571.63196
3058.9827	1141.9033	3069.1926	1140.0771
91.5623	1037.3523	31.164791	1026.1144
112.662926	598.9827	134.80232	606.57635
177.1458	683.8962	180.06331	659.88617
363.05994	1160.6588	404.1957	1167.8861
405.78473	725.63446	450.41525	740.77606
499.82126	791.5586	483.8561	786.44965
725.6262	859.96906	727.1256	841.8449
996.35767	831.0298	997.4456	817.95386
1293.1432	891.8371	1282.1235	893.7223
1319.9019	1201.008	1330.9912	1199.9109
1332.0414	1200.0004	1332.0326	1176.0
1482.8655	1145.9885	1500.9447	1143.5839
1630.0903	1233.0127	1629.7131	1206.018
1610.8435	1131.6171	1651.008	1127.0709
1875.1798	720.9519	1827.0095	730.0505
1857.0609	819.33844	1838.1343	822.74567
2111.9368	1153.3759	2133.914	1151.1503
2169.1755	665.91583	2111.7913	676.9107
2184.9424	1146.512	2208.9624	1143.6807
2393.0369	1756.3378	2165.9932	1751.3127
2216.122	1009.0099	2054.07	1028.5801
2490.1042	976.8576	2314.151	998.24084
36.67544	961.5205	113.24245	977.8642
133.3683	607.7827	130.5507	628.9402
470.01517	1147.9153	431.80893	1141.0658
480.0496	780.913	481.9721	759.90594
660.64667	590.9703	664.5086	545.0428
664.47833	544.3258	686.74475	536.29254
1188.4521	875.00916	1188.8365	855.9765
1298.8971	887.2694	1310.94	885.5737
1336.9314	1199.5989	1350.866	1197.216
1461.8645	825.99963	1461.9164	807.9969
1520.0736	1215.7179	1484.9307	1219.3237
1522.1777	1184.6998	1503.1764	1186.6865
1952.1063	691.561	1809.3108	718.6391
2142.1038	1024.8419	2210.0579	1016.46875
2158.9036	1149.1088	2182.947	1146.51
2456.1423	598.7962	2286.2107	629.1787
2374.967	419.80966	2349.0496	424.28662
2555.0327	588.17535	2633.9062	573.4967
2672.0813	964.6795	2596.0906	973.7586
2651.9932	369.96817	2604.9946	379.97522
2729.1873	676.0865	2667.3015	686.7503
2765.0505	954.4367	2686.0684	963.59045
3067.4011	590.78827	3071.2734	652.983
53.414825	1065.923	57.51288	1034.8042
127.22667	699.90265	134.16643	644.7692
420.29236	790.9844	438.2441	796.15204
724.1177	885.00836	725.54315	864.8967
1168.0304	1153.256	1195.9918	1149.9314
1185.8617	951.9323	1186.9906	932.94
1319.8826	1230.8522	1331.8595	1229.6267
1427.0394	1153.2665	1462.9917	1147.9441
1712.784	815.01117	1712.5824	793.013
1875.0796	1065.652	1829.1537	1071.2588
1907.9396	1141.047	1924.9978	1139.9648
2127.0815	1042.9137	2108.0547	1044.6125
2360.059	626.3385	2299.169	636.9677
2451.2449	722.47	2395.2986	731.7915
2575.9277	628.5924	2634.846	618.13214
2791.0293	926.24255	2565.196	953.6181
2585.9272	1180.054	2816.0288	1162.3761
3070.4922	385.9998	3070.5286	470.0002
84.322014	590.01105	106.88359	597.3575
79.56995	630.3177	102.71549	637.8717
85.63101	573.0534	153.68729	596.89276
186.62238	624.0914	206.95604	631.1271
366.0274	1125.8579	408.19446	1133.992
670.13	1180.9355	672.0629	1154.8564
776.02704	1741.5883	552.99225	1751.8318
1240.8706	672.2113	1264.0664	668.4043
1364.0771	931.4551	1259.8506	949.11835
1330.7826	850.7814	1364.9445	844.6883
1345.5408	903.00696	1345.8116	881.9847
1444.1448	632.66846	1271.7839	670.00244
1461.4904	881.9906	1461.8595	861.97894
1499.4741	798.9929	1499.1902	820.01605
2388.8806	661.31085	2442.9885	651.9343
2447.901	653.4321	2389.922	663.554
2444.1086	1005.9105	2420.0923	1008.7735
2633.1208	568.64105	2719.0813	552.4313
2694.0645	1016.5979	2768.1736	1008.6103
2768.145	1056.4001	2705.097	1062.9355
78.09055	1153.421	20.924889	1144.4802
132.30008	1080.9198	135.8722	1049.7561
155.12764	1165.1611	102.96588	1157.2242
199.97108	755.1021	149.74956	740.88464
296.46667	389.23544	325.69577	378.19458
462.6731	700.9442	410.98315	683.0487
665.7257	1243.905	667.7313	1216.98
1046.0376	1028.001	1047.792	962.9674
1072.0317	410.9997	1071.7539	382.99252
1226.6578	569.60834	1180.1818	610.20807
1279.4935	647.4665	1264.5865	661.61786
1335.924	1229.4349	1352.0356	1227.265
1516.5736	816.0005	1516.5914	795.9987
1673.8535	1165.3038	1690.8992	1163.8322
1962.1211	679.65674	1799.1302	709.7068
2134.8013	426.65265	2151.168	417.2939
2649.1636	720.064	2579.954	730.7014
2679.0127	1022.1165	2607.8755	1029.8562
2817.7742	144.08644	2794.9338	149.73251
110.92356	980.3618	38.76399	965.1171
161.63881	616.08716	181.74521	622.7669
382.804	1163.8865	385.6524	1133.8721
438.80453	799.60144	403.00992	787.9695
466.97934	1181.125	428.86337	1174.8268
722.8936	907.9948	723.8646	888.04205
1218.2777	820.44275	1101.9679	842.8331
1311.3428	885.0094	1311.8643	865.9689
1345.1509	882.95197	1332.9812	884.88153
1690.9921	1164.095	1689.6655	1136.0631
1692.9498	1122.6299	1713.8373	1119.7993
2181.132	799.8182	2036.8594	823.1294
2096.1086	679.5988	2041.2794	689.541
2401.02	1046.1858	2337.999	1052.9911
2448.2712	693.55023	2394.1777	703.01556
2812.0037	1478.1749	2853.0276	1477.3021
126.98843	734.03894	72.72528	717.9251
98.96521	690.89044	101.511765	666.8424
155.9338	1127.412	101.883125	1118.7274
167.88881	1008.51636	145.83472	1003.7676
208.74039	655.86145	211.3608	632.0397
400.37766	812.731	436.18253	823.38666
437.85254	822.9856	445.30338	746.834
436.1921	513.5364	569.1525	568.63196
452.69128	1096.9016	454.64615	1070.8982
691.6251	878.13983	676.90204	873.2978
697.7543	818.9833	699.19025	797.8769
746.4217	834.9912	746.72534	814.98065
1076.2412	908.9721	1080.614	789.9491
1444.0323	1192.24	1428.7705	1194.2975
1462.2438	862.39453	1447.1797	865.028
1481.6215	821.0061	1481.4623	784.9935
1652.1132	1203.3512	1633.0792	1204.9457
1652.5916	791.02	1652.3357	773.00946
1715.0817	1164.9719	1693.0688	1166.8202
2311.9116	674.5065	2364.8252	665.02484
2607.0183	1026.171	2678.062	1018.5814
2623.899	1143.8818	2686.9258	1138.179
2698.9465	1010.5147	2762.9404	1003.46045
105.61094	669.1863	126.03756	675.8855
121.853546	979.6785	194.90378	995.44574
867.5226	1742.0277	879.7817	1510.9884
995.90283	847.99615	996.41925	834.977
1124.8756	962.4337	1138.8601	959.363
1370.0511	802.27264	1257.27	823.4389
1312.2545	853.00006	1312.2556	818.0
1737.1495	584.68677	1165.0566	709.2601
1442.9678	1151.0144	1442.5912	1124.0197
1463.3795	1186.0038	1463.6259	1160.9865
1503.9004	1245.1433	1518.9299	1243.3967
1692.0013	1199.0109	1674.8904	1201.1033
1690.7255	1190.0046	1690.6456	1168.0013
1713.7063	864.9993	1713.7554	842.99725
1946.2772	801.0329	1945.2777	779.0784
2180.1428	648.78357	2024.833	677.0837
2337.2607	426.47037	2341.9238	413.9716
2355.0051	147.02243	2310.0874	157.37923
2404.0964	1130.0771	2347.1938	1135.168
2467.0813	583.4351	2272.1653	619.884
2647.004	1069.043	2616.1655	1071.8306
2711.912	1136.0348	2776.9187	1130.1089
92.2275	1028.8351	32.94958	1017.2582
220.94733	769.17957	66.99285	724.02435
80.18439	1723.817	101.97714	1718.8987
102.327545	660.04254	105.3484	636.78546
112.54164	1032.1406	166.28925	1043.6492
128.53178	1117.8468	131.76474	1086.8711
379.45813	1196.9445	382.33994	1168.8298
475.4365	833.86035	477.39423	811.94586
483.36813	783.66064	499.26648	788.03046
720.5991	1190.969	722.54205	1165.8871
1187.3276	906.03894	1187.8285	888.96564
1282.8761	889.98254	1292.97	888.7536
1500.1017	1186.7981	1484.9652	1188.7266
1735.1337	839.85736	1717.2562	842.6438
1859.0024	1150.0244	1839.0984	1151.9938
1835.9302	1106.3591	1880.9403	1101.4529
2341.8743	1049.8615	2397.8547	1043.684
2393.096	1011.9559	2370.127	1014.2641
203.57022	990.03253	33.559475	954.0833
43.82061	1142.9763	48.053196	1110.8751
92.86402	992.6551	39.66526	981.6127
408.49533	679.4523	465.555	699.2806
663.4491	841.58075	693.3072	851.02924
691.83966	899.98865	696.81445	829.845
1246.8004	964.7299	1377.8646	944.13806
1692.1094	578.4875	1628.188	592.8375
1951.0806	836.4906	1818.8666	858.18726
2018.9526	842.69653	2201.8643	814.1309
2331.74	278.19922	2293.9692	290.90857
2429.9106	1123.9984	2454.8901	1121.7695
2669.0938	970.77997	2601.9807	978.83875
2724.104	646.59076	2666.1418	656.8047
2768.9492	1012.5292	2693.958	1020.6102
2705.0774	1141.9385	2781.0552	1135.6677
82.67057	1073.8141	87.429	1039.7804
100.65282	698.1343	121.81297	704.611
206.92247	631.8579	204.26192	652.03455
421.549	705.8954	420.176	724.9406
424.01428	726.07886	425.5715	706.04443
481.8442	785.52594	462.74286	779.86816
497.55933	817.3598	475.89062	810.3375
1378.4244	790.2639	1249.2765	814.4747
1293.4436	934.00977	1293.8636	914.9749
1349.3729	905.9986	1349.3301	925.003
1462.2216	886.21747	1447.1738	888.9553
1465.5043	806.9932	1465.2445	826.01697
1551.2107	756.09735	1413.3014	782.57007
1538.9517	902.7182	1425.8462	922.1023
1628.532	1127.9979	1628.6461	1101.994
1675.3618	842.9831	1675.812	825.96857
1860.8708	815.20685	1880.0148	812.0904
1883.1493	1147.5896	1861.0623	1149.6631
1856.8555	755.38135	1878.0978	750.41876
1945.0437	1057.36	1895.9176	1063.3209
1926.9456	1096.5519	1949.8503	1093.7684
2313.1226	160.52512	2356.3367	150.44286
2724.0505	973.4385	2698.0493	976.4283
75.16462	690.46466	94.84152	696.5154
165.25488	1040.0293	168.72855	1009.85364
448.72446	744.8696	403.75375	730.62103
460.07422	705.7812	411.2462	689.2229
477.72244	806.973	479.77356	785.88074
632.4541	1605.0547	635.24054	1581.9086
683.878	792.06274	682.4407	812.17444
859.0808	572.5118	829.8617	577.12396
1038.0571	374.9172	1019.9493	373.96237
1038.8116	826.0511	1039.5758	813.91034
1413.6611	937.855	1553.7971	915.7159
1442.7626	1189.0005	1442.7528	1163.0005
1534.2745	1080.1632	1401.994	1096.9528
1611.9344	1235.1873	1650.923	1232.045
1629.8429	1170.0453	1628.786	1143.0475
1880.2461	815.55225	1859.1425	818.89825
1953.133	1174.1877	1931.0737	1176.6583
1906.9297	1209.2594	1952.8955	1204.8982
2420.9272	1041.375	2477.968	1034.7267
2601.0767	975.6461	2668.0818	967.68884
2637.8452	620.12317	2570.9873	631.9287
152.65886	684.095	172.87721	690.3941
173.6671	712.2049	176.52667	688.94183
861.61664	556.6695	-0.06942457	157.30745
294.80862	429.12906	297.6736	388.9767
442.87607	711.8682	440.52228	731.944
481.36594	809.722	497.21213	814.25916
517.71454	725.83295	473.4319	710.6578
722.0149	1685.1831	613.00696	1686.5535
989.59595	995.0358	990.38525	981.90295
990.5633	634.79694	993.0436	714.9677
1025.2732	1173.0112	1026.55	1142.0227
1174.9241	878.54095	1205.9043	873.42065
1332.1624	1203.185	1318.864	1205.0073
1482.1346	858.8038	1465.2731	861.62946
1517.7904	1242.032	1518.8064	1216.9517
1535.1134	873.7617	1521.1257	875.84424
1741.2234	731.1942	1610.3153	755.6855
1957.1364	1042.1086	1811.1304	1060.0604
1946.0991	1066.0605	1927.0785	1067.839
2211.1338	465.6393	2130.1223	482.58487
2191.9922	633.9584	2012.1047	667.56055
2160.9363	1184.2726	2213.968	1179.634
2486.0986	1121.9805	2429.172	1127.7095
2503.072	960.5707	2299.1663	986.3166
2637.0317	983.26184	2610.065	986.53424
2690.071	965.62714	2765.1274	957.12537
3032.2627	626.81866	3036.1426	653.83594
34.84154	1019.7498	92.03455	1031.8365
403.7482	1201.9758	413.15112	1103.8229
414.17255	1090.0171	416.93964	1061.994
406.66153	673.96387	530.80505	717.5552
679.3322	871.0479	692.1655	875.52563
974.04486	371.0203	966.2943	388.1333
1085.0555	695.02423	1086.2047	644.98175
1185.9763	566.1961	1206.9069	549.111
1350.5618	825.9791	1349.607	846.02893
1495.8335	796.1128	1531.8777	789.3482
1538.0684	845.0349	1538.7231	824.99097
1630.1261	1205.0414	1613.2522	1207.0839
1751.9933	717.96454	1599.2115	747.1092
1689.7855	1123.0201	1689.5308	1095.0043
1602.5618	1449.4216	1708.8052	1436.4088
1672.8947	1229.8593	1713.9141	1226.0693
1601.9192	907.4676	1753.9089	884.4002
2100.3625	748.02795	2099.3096	724.0303
2201.1606	1025.2919	2145.8965	1032.1688
2224.0334	1481.8995	2177.9856	1483.6115
2402.0857	1093.8104	2346.1826	1099.7267
2449.0325	659.18744	2385.8513	670.1422
2483.1584	1085.7955	2455.0247	1088.28
2757.071	969.7248	2731.027	972.2764
256.54294	606.276	69.219315	539.17957
155.68547	654.9394	175.77689	661.6664
180.76791	692.7699	199.84322	698.5201
431.9509	1138.283	469.2167	1144.7516
505.6835	730.8898	488.69833	724.8481
483.02283	749.8598	504.1149	753.2944
665.1616	762.9778	665.61383	806.9937
719.10583	1221.9458	720.6825	1195.9202
841.623	1613.033	845.8123	1533.9371
975.5224	1301.0134	975.88477	1286.9712
991.1481	961.00244	991.3794	947.0228
995.7796	1183.9918	998.2826	1116.9733
1036.9255	876.0393	1038.8815	829.9525
1094.6309	988.66077	1213.8193	969.8553
1279.818	860.02875	1311.9998	853.9989
1443.0942	1222.8726	1427.947	1224.5092
1464.9569	906.71643	1478.7899	904.6162
1505.8959	1548.0012	1505.5939	1523.0049
1903.908	1099.1919	1924.9762	1096.7908
1944.6906	774.00195	1944.6588	753.0005
2076.5933	806.0715	2075.4756	784.07745
2209.1208	1112.0846	2184.0972	1114.872
2211.1238	1147.3264	2185.1633	1149.7494
2473.18	994.55945	2413.93	1001.392
2446.0715	1159.7263	2489.941	1155.4004
2614.1418	696.7755	2616.766	721.8149
2746.094	347.40134	2720.84	353.31763
2684.1147	960.9922	2770.0063	951.05554
2772.0774	1094.8108	2709.172	1100.8068
3058.1694	585.2415	3054.8586	560.1506
507.8881	1057.5256	370.7184	1028.3226
1075.1414	932.4659	958.1336	901.4952
1056.9021	727.0747	1059.0668	671.9633
1160.1073	709.5184	1085.0142	725.0686
1174.8767	931.0284	1185.9521	929.6226
1267.9822	1206.0994	1279.9973	1205.8622
1335.9567	1161.7444	1351.8391	1159.051
1521.9377	1254.3706	1404.994	1265.9393
1461.6144	906.9988	1461.6787	886.9957
1500.0872	1244.9999	1500.0896	1217.9999
1651.613	1126.007	1651.4901	1084.0015
1693.1567	795.96954	1695.0812	868.99786
1877.0728	1074.0675	1860.0156	1075.2299
2295.3025	281.9532	2332.1372	269.40274
2339.907	292.00208	2338.9438	249.00125
2452.9846	1088.841	2426.1392	1091.4391
2425.0454	1166.5317	2492.0696	1160.8165
2639.859	625.3678	2571.369	640.6526
2651.05	1106.5358	2620.1338	1109.4296
204.15228	692.8828	207.59903	667.9446
497.3966	841.9487	503.86853	765.8188
773.0349	800.9015	664.81104	762.533
709.5115	792.4484	669.6602	779.0074
1038.9418	1195.9977	1041.545	1129.982
1202.1604	957.9941	1104.7914	973.7069
1282.9019	912.85547	1293.9066	911.9117
1463.7202	1147.0262	1463.1448	1118.9971
1520.3707	876.98035	1520.6573	896.9906
1633.487	776.97864	1634.276	794.9879
1713.5431	1225.0277	1713.1234	1202.9977
1894.1261	533.5447	1837.679	546.6132
2228.1577	994.25867	2041.209	1017.6685
2126.0603	1034.5309	2071.0889	1040.7816
2097.2375	709.95557	2099.569	669.97485
2126.972	482.86945	2047.7749	499.95663
2273.2454	452.1268	2215.169	464.77545
2617.9653	1149.5894	2690.1257	1143.4875
1774.7722	642.8817	3070.4114	379.0197
88.68982	1024.9606	92.7614	992.9696
181.58601	645.0763	184.34058	623.9142
226.00734	1591.6641	135.98518	1592.6584
393.8925	1056.5404	377.73618	1053.326
681.40533	826.09393	680.0697	846.07153
699.7623	797.6836	668.69293	786.8833
755.2676	920.94714	757.13885	895.01
788.81177	1635.7625	782.89685	1740.0509
1003.6534	1016.9877	1005.96136	951.96313
1091.8816	1041.2625	1098.4259	994.3383
1209.1384	1121.0548	1092.0542	1136.4135
1140.4517	883.009	1140.811	864.9763
1463.2823	1217.0035	1463.5989	1191.9949
1520.3556	852.99304	1520.4636	873.9925
1691.6559	1227.0078	1691.5664	1200.0015
1692.9343	764.01105	1693.1414	783.99854
2154.9812	1069.8428	2205.966	1063.7183
2050.868	1225.4644	2242.0024	1209.0297
2289.8135	620.96375	2464.1042	589.5785
2590.7969	218.49881	2566.1912	228.4717
165.18332	1043.0774	112.864624	1032.6813
197.37085	751.92194	204.19621	696.90027
327.33548	377.7983	281.38843	301.36765
360.6707	1012.968	340.37503	1222.1334
441.09515	827.6783	398.93826	815.20874
449.0239	1140.0962	451.67645	1111.8756
464.26462	777.1766	480.22324	782.3054
741.0708	915.0045	745.4917	845.9035
944.4391	726.381	676.3878	617.50714
983.09503	1127.0034	983.5963	1112.95
997.31323	814.0174	997.9834	801.9436
1364.4197	899.0118	1365.6276	855.9615
1494.8153	906.0005	1494.882	799.99866
1520.261	828.99927	1520.2401	850.0012
1652.5624	1168.0128	1652.3134	1140.0061
1896.3878	839.02106	1892.533	726.94727
2086.9272	1191.2549	2137.93	1186.2825
2318.1895	260.79608	1211.211	540.88196
2481.1035	987.8685	2409.9226	996.35034
2643.915	571.54553	2727.9668	555.8225
170.4969	741.9404	173.22269	718.908
462.1627	831.4236	497.19452	841.3108
518.65735	857.1519	395.8176	820.6132
1015.4674	721.01953	1018.0646	658.9609
1155.3689	881.01135	1156.3857	847.9811
1178.6072	1245.9952	1178.9109	1220.9868
1348.8615	902.1734	1362.968	899.80945
1461.1167	1221.1993	1445.074	1222.7601
1481.3198	879.98694	1481.7041	859.9751
1802.9021	876.36945	1969.7622	850.46826
1952.1606	1140.5588	1929.0963	1142.935
2370.876	235.45981	2315.7935	248.09998
2376.1555	254.72803	2350.8162	260.13882
2615.8413	574.131	2561.8179	584.004
48.81971	1104.9783	52.68272	1072.8417
123.11403	729.8745	126.94142	702.8501
416.74796	1101.3439	369.53336	1092.4878
546.4543	709.4955	396.36984	654.72687
832.53644	522.0203	862.2835	538.3086
1020.77795	652.65466	994.13043	643.61554
1137.8844	958.9943	1138.7716	940.93964
1345.1973	905.92096	1332.1532	908.7151
1632.4298	1101.9972	1632.4838	1128.999
1713.7207	841.00256	1713.5198	819.0044
1967.0676	1028.5519	1797.9122	1049.2842
2042.0015	501.00656	1973.9733	515.8776
2148.061	430.36685	2134.925	432.54825
2172.0728	736.0381	2171.086	711.99646
2364.1218	631.6868	2304.231	642.303
2304.1353	991.07416	2501.1594	966.26654
2654.721	619.42346	2725.1692	606.95624
3026.9478	674.70404	3070.1895	667.0729
184.65857	664.0646	203.01543	669.9519
364.84885	1202.0195	405.00412	1207.9722
471.7494	714.7088	510.2409	728.3187
664.7295	870.04346	663.47174	891.14734
684.97925	1247.9984	691.7264	1157.9047
717.123	1251.9445	718.7063	1226.9182
746.88873	845.3453	715.88525	835.3561
768.28	1287.015	777.9671	1105.9983
855.46185	1660.9471	851.2638	1783.009
1348.9415	1269.4	1241.8865	1279.8354
1264.946	1265.3965	1278.9238	1264.1472
1498.8705	830.98425	1500.1367	900.99756
1521.5005	1212.0018	1521.5952	1185.9949
1624.9872	592.93994	1445.6354	631.2948
1669.871	1097.9819	1670.4325	1125.0118
1712.2249	1118.8942	1718.4188	1073.5112
1717.0469	817.9626	1717.4495	839.9735
1830.9962	547.9825	1698.9155	576.61017
1920.8038	779.0774	1919.3174	756.1089
1921.4634	805.0788	1920.3354	783.0854
2569.1711	747.0605	2744.288	718.78357
2561.136	592.73517	2631.7556	579.6782
21.18306	1147.7533	77.84249	1156.0728
124.357666	1155.9347	127.60785	1123.9601
669.3656	782.78485	702.1943	794.4535
718.7318	804.9783	717.1019	825.0893
862.3895	538.01685	862.915	557.02997
1075.8752	1637.8962	1071.0345	1737.0017
1196.0654	1431.027	1205.9579	1406.9827
1241.0292	1294.3741	1361.0009	1285.011
1378.6146	944.0007	1378.3347	789.9994
1729.0515	1057.4231	1576.1271	1076.0436
1629.7122	1202.0076	1629.5544	1175.0026
1655.7097	772.9654	1656.5857	790.92267
1972.0494	516.2247	1898.8518	532.32623
2244.0012	1381.0267	2049.0217	1389.4993
2109.0305	1157.2943	2086.173	1159.668
2304.6558	648.23517	2364.1233	636.6323
2443.1611	617.9159	2380.805	628.89154
2759.113	960.9957	2689.9832	968.8508
3013.8418	518.2445	3069.1396	506.6664
43.907387	734.3126	237.13037	791.56
73.62507	209.96655	96.22151	223.63376
156.60757	1123.9572	164.25995	1053.9192
403.01233	735.96027	419.93643	741.20514
488.96332	1228.2341	360.14697	1208.0614
465.74844	696.7155	407.87085	676.3674
946.4747	387.7258	940.6835	419.9431
974.8093	1318.0544	975.7603	1303.9166
1360.8905	923.95306	1361.7365	903.9466
1690.4418	872.01196	1688.128	763.9758
1710.1108	1093.4979	1693.0562	1094.7595
1578.9751	1266.7137	1734.928	1253.1713
1952.4438	1204.0316	1951.8345	1174.0034
2176.0066	1037.0627	2154.036	1039.3452
2308.2942	158.9367	2312.702	249.06348
151.8387	599.46857	87.8484	577.44037
443.1375	1206.9166	445.84683	1178.8885
687.67456	536.18524	650.92395	471.6124
694.23737	527.48206	740.2068	548.54877
980.8016	943.0202	979.11334	1010.0281
982.36743	1144.0251	983.32745	1130.0225
987.29236	797.0397	985.2655	863.0389
1097.3967	817.0465	1093.8019	925.0267
1273.2655	942.01306	1274.3069	840.99286
1280.0374	1166.0	1280.0447	1142.9998
1331.236	829.9843	1330.8041	851.01654
1321.0378	1134.3496	1349.0345	1131.3192
1365.0406	1101.3176	1230.9354	1118.4957
1527.1086	1092.8586	1405.8986	1108.1981
1425.906	1251.9888	1459.9835	1248.8224
1634.0566	805.9735	1634.9973	879.00006
1833.5828	770.9452	1836.1813	845.9937
2134.0967	1119.9523	2110.04	1122.3938
2173.5015	762.0219	2173.1504	738.0124
2422.9507	1768.7784	2171.0198	1765.4928
2365.9932	1014.9358	2342.0498	1017.46985
2455.9988	750.992	2393.0037	761.0236
2313.96	1202.478	2520.9688	1186.5934
2653.7712	584.75146	2718.9653	572.8112
128.28137	646.81915	126.06319	667.9014
224.63902	624.0906	165.1939	604.41425
163.492	609.40314	219.16005	629.5579
378.05972	830.8021	532.2058	877.3179
402.7038	784.83777	419.12585	790.64404
650.51154	1076.9636	636.4122	1266.1052
679.7085	851.06525	677.85754	871.171
708.9367	1569.9955	712.41956	1520.9587
736.11743	1256.0068	741.27	1167.8988
917.2278	1639.0109	912.4717	1739.07
982.1878	1162.0057	982.61646	1147.9883
981.4559	1179.0066	981.6593	1164.995
1178.1274	1273.0038	1178.8463	1248.9655
1192.3933	855.99866	1192.4109	873.9996
1357.1185	1113.9398	1245.0103	1128.0818
1279.8159	839.0094	1279.9829	859.9922
1297.486	914.996	1297.3375	934.01044
1349.5421	860.9927	1349.2537	879.0201
1442.7474	1220.0073	1442.5898	1193.0082
1482.5801	1119.9957	1482.6508	1146.001
1535.3691	894.99915	1535.3966	873.9992
1630.365	883.97296	1628.1871	773.9765
1633.2656	1173.9738	1633.5905	1201.9932
1716.3442	792.9975	1716.3849	814.99927
1839.9036	1214.9666	1883.894	1210.8636
1927.8363	1206.0479	1926.6453	1177.0557
1802.8185	1053.4589	1965.0416	1034.3531
2119.828	803.06433	2113.4597	687.02966
2046.1245	1022.0331	2225.1746	1000.4488
2251.0706	299.27362	2274.0876	293.3398
2376.1592	763.01434	2315.0935	772.5965
2678.0981	1066.0071	2648.1875	1068.9231
2654.2197	575.1722	2719.1865	562.99567
216.57407	978.90344	20.544012	935.0378
78.224655	1110.8964	82.9072	1075.854
108.17519	1709.6373	81.027306	1717.0994
101.028206	637.7962	98.84911	658.88104
238.01099	790.8944	257.7513	605.97345
406.05313	1205.6588	363.8315	1199.0817
396.7038	1058.9719	394.12976	1086.1072
429.0332	1171.8002	467.1444	1178.1306
666.20404	893.2688	691.21027	900.2465
988.4611	1359.0162	990.88965	1289.9961
1009.3949	869.0178	1012.239	805.9657
1022.07025	1006.9844	1021.8177	1022.01373
1171.016	1608.1019	1078.9985	1608.8002
1202.1421	846.7523	1168.8195	853.04395
1297.3893	1165.0045	1297.7946	1129.9977
1441.7301	806.769	1477.0077	799.0349
1537.1012	811.8094	1541.4254	768.7415
1856.6666	1103.0676	1855.2954	1076.0358
1922.3367	831.0526	1921.6721	810.042
1926.0214	1602.7465	1963.0197	1601.6859
1948.3912	1093.0354	1952.4957	1047.5931
2107.0757	1122.7183	2085.1091	1125.0342
2311.2007	651.03687	2312.2593	673.98804
2349.931	1168.1877	2407.9358	1163.2474
2445.9702	664.8337	2391.2915	674.62714
2380.8855	635.4464	2443.1167	622.564
2381.207	625.1745	2443.6775	614.16876
2476.4902	1033.9713	2478.868	991.71124
3071.0447	1780.4663	2850.9897	1776.5759
20.000101	936.0	-0.29088357	1089.8297
164.98164	742.06036	196.143	751.5294
395.1286	654.01294	377.4359	830.1442
466.77274	755.05927	465.07773	777.15936
466.62363	1211.968	474.77905	1115.8964
1043.2703	231.91896	1040.2476	259.13855
1138.6226	936.98834	1139.2109	917.9756
1188.1008	909.50836	1176.9446	911.7208
1251.9347	622.6818	1207.1799	631.8756
1283.907	1205.0686	1296.9763	1203.763
1297.2264	1203.0044	1297.7179	1177.9945
1331.711	1230.0022	1331.667	1204.0006
1444.9701	809.98096	1445.3633	829.99286
1465.5458	838.98254	1465.3053	859.0157
1720.1171	1070.9507	1587.1625	1087.3198
1674.8337	871.0605	1673.7963	851.06244
1691.1466	1167.0914	1673.9202	1169.4058
1714.5845	1161.0049	1714.4873	1133.0018
1860.0161	1183.1781	1840.0878	1184.974
1884.1658	1180.7137	1863.073	1182.7545
1992.0409	1393.7942	1815.047	1402.9128
2049.1753	700.96436	2049.7524	720.0075
2050.2744	732.9355	2054.2224	810.9381
2231.0134	1395.3182	2063.9756	1402.4246
2168.757	697.82275	2171.5186	662.88293
2417.989	1046.8951	2481.805	1040.1538
2700.6934	682.82983	2703.1213	706.9878
176.6192	721.25793	195.9654	727.1143
376.83105	1048.7878	419.23975	1057.8821
364.1239	1196.2501	401.10565	1202.3606
410.5538	685.2698	461.3139	703.1066
663.544	820.97217	660.9764	862.99854
664.31006	808.1041	697.17975	819.4807
1093.1128	1781.0387	1096.278	1689.9749
1202.0181	1133.1454	1098.875	1145.9968
1308.3792	930.95996	1309.6036	911.9744
1332.656	1162.0059	1332.5435	1136.0063
1315.946	1261.5283	1351.9324	1257.4088
1437.0283	802.06537	1433.3875	915.0125
1440.0221	915.00323	1440.356	809.0043
1470.0132	1094.089	1529.8851	1085.2242
1710.0118	1534.255	1685.9708	1535.3735
1715.4144	760.9988	1715.4674	779.0016
1881.4772	1101.0059	1881.308	1056.9988
1926.9979	1176.9767	1907.9706	1178.6699
2218.0342	1192.3607	2068.8542	1206.4572
2632.177	582.9521	2565.2578	595.3873
68.63321	538.9522	43.333797	733.17377
102.11732	1154.2479	151.17166	1161.8994
428.75854	1055.1985	377.8116	1044.9352
781.4372	793.537	657.56854	748.1782
706.31354	1612.0258	708.6159	1583.9685
988.4242	417.00232	826.90137	458.6171
1099.643	422.0211	1100.4308	398.01413
1298.8577	835.99677	1298.4064	856.0317
1349.3448	881.9956	1349.4098	901.99866
1364.5161	843.9536	1368.2739	804.7388
1422.0088	792.00006	1421.2745	901.0086
1444.8113	840.99146	1445.1405	910.9946
1495.0037	1625.2566	1442.0012	1625.4113
1503.5488	1116.9979	1503.4313	1143.0065
1712.0314	779.99536	1712.1171	761.9958
2018.7623	671.74786	2183.8872	640.40515
2147.97	794.0684	2147.2607	773.0249
2204.9321	1062.996	2207.3567	1021.84424
187.84274	996.74414	121.83193	982.79535
152.24556	1161.9089	156.47984	1126.8165
426.91147	706.2652	442.809	711.57214
446.14517	1173.84	448.63647	1144.9686
468.10394	741.7432	483.93857	748.15186
677.7365	875.0557	676.2903	894.1733
715.50775	838.0005	715.4894	858.00134
746.5486	814.16174	732.6971	808.77954
756.6844	808.928	721.6549	797.0147
1079.3346	788.9007	964.6932	754.00806
1179.2936	534.9827	1176.5308	647.96405
1190.7935	931.9883	1189.71	951.097
1215.6199	971.01404	1219.0134	820.97766
1351.0397	1201.7427	1336.0824	1202.5417
1609.5592	758.99365	1611.0071	886.99994
1619.9712	895.81665	1737.0652	877.415
1670.892	1125.084	1690.9667	1122.7177
1717.4148	842.99567	1717.4788	864.0016
1854.7137	791.0176	1854.413	769.008
1856.7303	842.0122	1855.7368	820.0572
1856.4838	735.97473	1857.476	754.97516
2080.9392	1077.4347	2130.8987	1072.0576
2177.7314	1065.9677	2176.45	1037.0243
2313.1382	687.84314	2319.0918	768.9933
2379.4807	401.84518	2374.4185	418.82666
2389.8083	665.8983	2447.16	655.91925
2442.7078	650.977	2445.5542	614.8075
2582.1082	700.8794	2584.9404	726.89764
3060.3794	557.9475	3064.1003	584.8478
111.87776	1045.9843	107.75268	1078.0967
145.18211	608.0215	130.1753	735.13873
704.713	799.0493	697.4471	904.1001
771.5853	1576.9739	769.3096	1613.0195
949.9807	721.69116	954.8416	705.649
970.4646	606.9777	965.4703	727.0196
972.5864	1108.0115	971.19635	1178.9843
1043.5497	712.9832	1044.0707	699.0026
1194.0159	1283.157	1094.9176	1293.1857
1166.1619	466.0542	1166.9336	421.016
1173.3253	889.03284	1171.7152	954.0672
1294.1237	914.81506	1281.1198	916.7889
1413.6436	782.99603	1411.9814	933.01086
1465.4364	862.0032	1465.3921	882.0031
1538.0798	870.0027	1538.7604	849.9579
2049.306	813.9853	2043.8112	699.9128
2101.3254	720.7859	2049.057	730.31226
2119.14	687.9467	2120.0303	706.9986
2145.0947	740.1136	2143.7212	717.07623
2571.2305	634.3066	2637.7473	622.5684
2683.1301	1103.2512	2653.0393	1106.379
2725.924	610.56573	2654.0251	623.1444
2718.8179	354.21164	2663.5347	366.98645
0.8475209	1173.0588	193.17908	1200.7565
532.78156	876.8923	547.63336	708.8792
656.12506	747.93744	644.67664	908.0484
697.6279	829.1444	663.938	818.1907
905.6051	389.66028	895.3886	431.60754
928.94507	382.2748	918.58856	425.90234
1029.2633	810.0091	1027.0128	875.03503
1054.0201	887.91583	1029.0156	881.9348
1154.2148	913.01105	1155.1962	893.9586
1169.954	1738.0438	1173.0387	1670.9099
1191.482	888.996	1191.35	906.0105
1199.7693	949.046	1200.8533	930.9314
1479.4276	903.9947	1479.6223	882.9965
1505.8358	1603.9998	1505.9207	1549.9983
1554.9612	916.00073	1551.8394	756.0031
1956.9873	1216.8601	1820.8342	1229.1663
2095.0012	1635.5165	2257.9976	1635.0964
2314.6929	216.96033	2313.1453	189.93442
2378.336	1133.8362	2380.5146	1164.8938
2643.9639	717.17456	2641.8074	692.01654
2718.314	566.67456	2650.8728	579.3222
276.33545	386.03268	272.2361	428.1204
407.01428	699.95056	421.92654	704.2545
578.2327	572.4339	634.2241	595.4549
732.67505	810.04285	731.4655	829.0931
954.5076	705.90186	864.9846	657.0282
1007.44037	656.017	1005.04596	718.0404
1073.8163	973.9531	1074.7671	949.9512
1101.5181	841.00116	1101.63	791.99915
1166.4735	959.0151	1169.5947	860.9871
1243.3982	571.9652	1193.9285	610.9091
1279.6648	1205.0042	1279.5901	1181.0044
1704.9982	1517.0701	1706.2655	1499.0187
2120.8408	720.9037	2123.5642	772.97046
2142.6675	703.05145	2142.2253	683.0171
2364.4185	664.0253	2366.8455	623.9301
2690.0686	622.4081	2662.183	627.09
2731.0676	703.1889	2728.5117	677.0477
119.09653	707.81573	115.412445	725.8802
616.1172	1478.9319	599.14264	1699.0881
684.0935	1219.5929	665.9047	1215.4147
741.9008	869.2886	724.8525	863.4292
1026.616	1138.9937	1026.4722	1124.9951
1174.909	858.97015	1174.3875	878.03796
1311.1846	908.0061	1311.7794	889.9598
1537.7139	1244.0033	1535.835	1079.9905
1717.0027	1237.0269	1594.0394	1249.3917
1646.0999	1101.1913	1636.0864	1102.0309
1653.6678	875.00323	1653.639	854.0019
1670.4701	1136.9504	1672.3384	1229.9932
1695.4153	1199.9955	1695.4978	1226.0016
2109.8054	1187.0702	2108.155	1158.9908
2123.9055	774.85443	2125.816	799.86127
2392.8704	404.49933	2418.9355	397.75098
2417.495	695.1131	2415.6907	671.0984
2836.0098	1724.694	2811.9705	1723.9232
25.810017	941.85486	210.99754	983.01105
73.82884	1148.978	78.22282	1114.7717
152.65306	714.1313	168.95946	719.1322
473.24515	461.42682	457.1884	454.55954
503.6516	1245.8885	520.1029	1046.9258
736.0457	1696.9397	749.3803	1485.9608
784.42535	1607.3539	800.804	1587.669
844.6807	668.1334	833.7932	642.0864
1032.2012	1369.0059	1034.165	1301.9756
1097.697	783.5265	1762.3866	646.8807
1187.0688	932.5369	1175.1367	934.0664
1465.5552	885.98627	1465.3644	906.013
1479.1766	883.1292	1465.2056	885.31445
1537.9663	822.7961	1499.038	829.22955
1606.4092	1240.9943	1604.5289	1107.9784
1609.7191	1104.9751	1610.6542	1131.9426
1580.9102	1081.2559	1726.0886	1063.7346
1725.0686	1407.3702	1566.0165	1415.329
1898.9053	759.93713	1901.4152	835.98627
1918.9039	744.06036	1918.3558	725.01855
1925.3983	1139.0688	1924.1927	1111.0347
1805.0076	1247.0988	1975.9177	1233.9315
1913.1741	1623.1017	2048.2275	1631.2119
2339.5938	708.0812	2338.2068	684.0458
2346.0337	739.8142	2348.233	763.8874
2424.5183	727.8427	2427.0103	751.8953
2573.2446	604.0626	2575.303	628.892
217.81456	632.8645	203.82846	755.20905
475.76904	1101.9822	477.86206	1074.912
715.59576	886.0327	714.4408	907.07904
739.01843	1495.6798	623.99603	1489.0692
802.57007	1589.0419	799.4771	1631.1818
990.3222	374.93	986.89764	408.09268
989.4133	1011.0087	989.6677	998.97186
1003.9777	1023.0833	980.08215	1016.69293
1048.457	667.9998	1048.4586	681.00006
1128.3802	1277.9152	1129.6339	1253.9808
1139.0789	917.40295	1129.2589	919.3237
1296.4279	1232.9763	1297.4227	1208.9761
1316.4781	1137.9957	1316.263	1164.0022
1330.2124	861.01685	1329.6948	929.0205
1609.7375	1142.9644	1611.6259	1235.0077
1624.3054	766.98926	1624.9467	845.0004
1632.5333	1142.9374	1633.6382	1169.9739
1674.7651	785.0204	1674.1696	748.98065
1714.0138	1420.2622	1579.9648	1427.3347
1979.0408	1407.7737	1829.0887	1415.6829
2136.1602	1154.6267	2112.0981	1156.9967
2336.8662	669.13983	2335.4138	646.9729
2370.598	731.0912	2367.2139	679.05115
2387.5408	637.964	2389.073	660.9951
2697.0261	651.7538	2700.1978	677.85443
2775.9128	1129.2268	2763.9497	1019.1141
3023.596	564.0484	3030.7646	623.90845
72.91262	1759.5664	125.08451	1756.3865
403.79446	788.1668	401.56525	812.1455
436.1546	1095.1873	476.04288	1102.7745
464.96207	807.07886	463.06885	830.1696
658.0548	1217.003	656.61456	1243.0891
691.79083	1157.0621	658.1122	1150.4302
708.8136	1193.989	707.2252	1221.0719
715.4391	1109.9531	712.08716	1150.0908
833.7635	637.84875	856.0386	640.69855
935.3611	1656.0145	929.932	1791.0375
995.3404	864.00903	995.6844	851.0181
1000.68866	1422.8167	1008.1758	1410.1035
1031.4756	1789.0162	1036.0255	1655.9325
1020.62305	951.4253	1051.5737	959.6115
1180.4703	1179.005	1180.7128	1155.9865
1190.6816	910.0203	1190.4523	929.0175
1271.3943	831.87213	1265.9409	942.9971
1279.0675	1209.0085	1266.9211	1209.8212
1335.4487	1174.9971	1335.4998	1199.999
1424.0212	1100.1415	1455.9034	1095.3567
1503.4452	1186.9996	1503.4515	1213.9999
1521.7036	1181.0111	1521.4801	1155.0045
1689.0854	1095.881	1671.061	1097.6289
1827.4344	1489.764	1804.8365	1543.9319
1831.679	849.97687	1827.8962	738.9695
1813.0027	712.014	1958.1086	684.5743
1941.4	737.5211	1949.3555	694.32874
2040.1458	828.9263	2181.117	806.74347
2101.6948	774.0531	2100.7593	751.0505
2347.8147	1134.753	2350.7183	1167.8492
2307.0583	787.3696	2460.0374	763.23694
2482.1184	1083.0667	2479.6187	1050.0288
2579.1172	728.89636	2571.1536	643.07855
39.836143	976.75037	98.11437	989.47626
103.826065	1160.1095	155.80275	1168.2582
183.86246	1001.65765	122.6135	988.848
475.28897	708.1536	519.2821	723.1737
630.5279	1633.0538	632.3737	1614.9362
686.8973	1188.5577	655.8452	1182.8406
744.199	1155.032	744.86835	1129.9697
964.63855	1302.0059	964.32794	1336.003
1010.9767	876.0832	987.16327	869.41675
1014.2367	365.99783	1014.40137	384.00546
1503.4287	1156.9924	1503.5662	1182.997
1420.988	785.9379	1548.0999	761.5201
1832.9358	740.97186	1833.4775	758.98566
1875.9545	1495.001	1875.3746	1469.0139
1891.7485	723.78394	1942.2761	713.3355
2146.822	767.0765	2145.3308	744.10834
2338.1572	1055.5004	2400.1055	1049.0052
2369.0015	667.0085	2310.0308	677.17804
2346.3176	0.80420214	2366.0264	234.08226
2391.2246	759.06024	2381.9678	639.9248
2422.031	752.1189	2420.5793	728.0858
2562.0002	582.0012	2619.064	571.3423
2693.2578	621.6819	2697.066	648.7089
2698.3083	707.2117	2695.4128	684.0735
65.382774	729.0686	216.91573	774.2825
476.73444	1112.6355	435.18054	1105.8882
673.10565	625.766	655.9847	618.034
705.8344	905.94183	707.2312	877.9616
863.7258	655.0175	867.31903	506.0077
1000.67126	819.01715	1000.3135	833.008
1001.4125	802.01245	1001.289	816.01135
1032.9233	988.96124	1033.3892	976.014
1083.4478	700.93744	1084.228	718.9901
1096.7755	396.01337	1096.3452	420.9887
1147.2029	1184.0289	1148.1182	1145.9788
1183.5337	1572.9626	1191.6366	1471.8107
1265.8411	1169.5951	1297.8835	1165.9701
1335.4697	1233.9989	1335.4198	1258.0029
1446.6249	1123.9918	1446.4713	1150.0028
1859.6344	1212.0094	1859.4409	1184.0039
1897.849	727.9699	1898.5238	747.01685
1922.2128	1068.728	1903.1327	1071.0775
1946.7269	827.01605	1946.4625	806.0068
2073.6003	751.9994	2073.6108	728.9994
2150.8987	771.9119	2151.9238	794.00354
2181.9985	1114.9868	2158.0808	1117.7094
2184.5945	1180.0734	2183.4404	1157.977
2056.0032	1395.0697	2238.0454	1387.03
2394.0852	998.72394	2327.0723	1006.6144
2372.6833	759.0675	2371.5017	736.0256
2447.1677	1036.1411	2444.9236	1007.00586
2570.1692	631.0876	2567.727	607.92334
2566.6719	601.31433	2632.1113	588.57214
2611.795	721.2262	2609.3276	697.1715
2693.0037	1713.729	2634.9873	1712.939
3052.2358	542.1049	3048.8105	517.1634
99.84812	994.0978	81.18867	1155.9065
519.7996	1046.9253	361.63828	1012.67017
454.70972	714.0649	444.2006	829.0183
709.8578	1226.9274	708.26184	1252.0166
773.3596	944.96204	782.3697	792.9034
963.3677	1337.9955	963.5527	1353.0178
1061.065	665.80896	1035.6061	657.15936
1062.861	355.07977	1049.2799	331.41324
1085.6576	645.0181	971.4561	606.6175
1126.8235	886.97736	1155.8229	881.9734
1168.8926	1246.6162	1177.9929	1245.9094
1179.5579	1216.9996	1179.5768	1193.9988
1499.1094	1118.0071	1484.0696	1119.6404
1480.826	1116.6217	1516.0228	1112.1807
1824.4213	729.9908	1824.0071	756.01605
1925.2015	808.96906	1925.7688	831.006
1952.6868	1171.0446	1951.6677	1141.0112
2101.0554	1045.795	2083.0037	1047.0527
2307.8804	680.92413	2305.5637	654.0376
2298.032	296.11838	2328.0103	288.03806
2635.9473	631.7176	2608.17	636.90894
2653.838	616.9011	2650.914	592.1282
2709.0159	1738.592	2769.0417	1740.9298
659.73517	1091.0044	659.43866	1140.0148
761.4784	928.7956	659.91547	899.2911
710.8351	1163.9906	709.34814	1190.0769
768.98016	1116.0872	659.72095	1091.2264
1016.3162	1122.0103	1014.1143	1190.0037
1124.9022	1567.9966	1126.9161	1509.9971
1126.0023	866.9792	1126.4177	886.99133
1244.6526	1416.9468	1248.0142	1395.0022
1288.9987	1627.8021	1254.0002	1628.0321
1279.0549	870.0304	1278.049	938.0155
1310.4044	1266.0048	1311.8911	1139.9869
1298.9297	1114.3641	1345.9082	1109.1694
1430.897	1121.9116	1459.1173	1119.2394
1482.017	1156.9984	1482.0858	1246.9999
1693.451	1135.9314	1694.7296	1162.9655
1745.5281	1802.6924	1705.6951	1863.8013
1859.2832	819.91003	1860.7578	840.9469
1883.9064	1210.039	1883.3857	1182.0114
1927.9423	1861.9226	1877.9786	1864.602
2103.7705	1073.0544	2102.5315	1045.0651
2118.327	1531.0331	2117.0022	1504.049
2130.2366	1071.0104	2132.3015	1023.92554
2213.487	1178.1007	2211.486	1148.0342
2222.022	1445.6777	2208.0042	1446.1312
2178.9546	1469.2219	2224.0342	1466.5857
2344.9502	1173.4169	2409.988	1167.8601
2367.549	1045.0966	2365.5525	1015.0963
2414.1108	655.9297	2412.669	633.1475
2675.0454	1028.4679	2645.1323	1031.3656
2694.8828	678.21497	2692.2395	652.1787
87.764084	583.6472	145.80112	604.8022
112.13208	1716.6179	135.1493	1711.6986
371.71854	1029.0054	371.5543	1082.0079
423.3098	1062.029	409.80347	1205.9816
992.8095	647.5839	1019.55225	656.307
1030.5381	1126.0082	1030.3267	1140.02
1042.0995	349.99548	1041.0112	325.99948
1117.9901	861.94354	1116.8108	883.0453
1118.8262	967.0509	1121.5616	868.9599
1144.6036	864.9738	1144.2655	883.0237
1163.937	1276.3037	1191.979	1273.7676
1176.8995	907.98505	1187.8909	906.897
1203.1511	907.18585	1190.1079	908.8475
1420.4746	1259.0027	1421.2299	1127.9956
1652.6349	1200.0016	1652.6033	1172.0005
1656.2167	803.9755	1657.1422	849.977
1657.2567	853.9843	1657.5065	873.99365
1858.9502	1180.039	1857.8744	1151.0046
1923.2124	755.95135	1924.1356	778.9544
2000.6738	1612.0494	1992.5818	1395.0156
2147.4016	716.91003	2148.88	739.94354
2345.409	1099.877	2348.212	1131.9816
2450.0742	719.07745	2445.638	666.0303
3063.4119	616.09094	3059.7173	592.19836
169.10245	719.89844	166.73085	740.8564
194.49335	1200.9487	216.95525	978.8943
394.23932	825.54553	514.8265	861.58075
635.8633	1566.0692	637.07056	1551.0056
647.6297	1678.0465	654.6658	1582.9014
1019.19434	1312.0077	1019.7142	1298.9489
1023.15	956.00305	1022.1612	1005.02344
1042.0238	1032.8871	1023.026	1028.8768
1042.9279	727.9498	1043.4857	716.0227
1056.2734	811.155	1030.7144	802.8824
1182.7057	1221.0146	1182.491	1246.0043
1335.4496	1203.0013	1335.4263	1229.0012
1432.4291	1716.2803	1446.9873	1693.9917
1446.4362	1192.9985	1446.4642	1219.9995
1482.0702	834.4721	1446.1218	839.8191
1585.422	1095.0138	1586.6687	1238.0029
1604.7267	750.5519	1748.0922	723.488
1633.432	1205.9683	1634.0303	1232.9772
1651.321	1231.0123	1651.5637	1204.9866
1604.022	1255.2295	1715.0583	1244.6099
1667.5911	1235.9895	1665.1464	1099.0153
1694.3762	1167.9614	1695.0792	1193.0259
1901.6837	1070.9095	1903.1919	1098.9897
1926.7368	1173.0588	1925.3873	1144.0751
1951.4686	1137.0374	1950.7355	1107.0065
2078.9705	783.002	2080.5464	805.9625
2079.5273	1047.9758	2080.8555	1077.0066
2182.5474	1146.0898	2180.6877	1116.0193
2406.127	1162.1088	2404.3232	1131.0393
2608.4639	987.05597	2611.8804	1019.80383
2620.6714	1110.8273	2623.995	1143.0005
2654.4526	1107.7876	2657.233	1139.8932
2667.6245	686.8389	2670.2163	712.9785
2729.9092	972.796	2733.451	1005.95184
2764.0034	1018.03143	2734.0366	1021.33344
3070.6096	300.99988	3070.5964	345.99988
113.02277	1814.2211	76.99299	1817.9319
401.08414	761.0029	400.3813	781.01337
425.69077	746.97015	424.32462	761.1278
428.1128	1206.3123	465.10202	1212.3779
665.6543	1118.4485	684.039	1122.8364
694.7719	1147.9475	695.96826	1119.9559
870.0073	1521.8586	813.9504	1518.96
859.7352	487.97766	989.7831	454.30066
965.8795	392.7635	961.42236	413.87808
1039.3204	269.16278	1033.8872	313.23267
1053.2167	958.2745	1064.3147	946.2914
1153.663	934.03613	1154.6475	915.9808
1182.8439	1217.0758	1196.7839	1214.721
1298.5385	869.98553	1297.2521	911.03925
1331.9788	1232.8599	1318.8259	1234.8492
1331.4949	1257.9949	1331.741	1233.987
1402.8456	1115.9952	1401.8632	1147.9958
1487.7245	875.99744	1487.439	907.004
1503.4417	1217.9738	1503.9344	1244.9829
1693.3103	1095.97	1693.9062	1122.0022
1899.7273	1857.0901	1886.1444	1815.9523
1924.2758	782.9631	1924.9124	804.97363
2049.2463	1390.9414	2060.162	1623.0394
2337.372	1052.0555	2334.7979	1022.9295
2687.074	607.1732	2684.982	583.9117
2685.1462	1137.1581	2682.3242	1104.0576
2742.967	1098.7809	2746.6587	1131.9266
3017.7625	522.77966	3021.0085	548.7489
105.036354	984.821	40.840534	971.7853
115.94574	1704.9417	125.2603	1696.2799
144.508	1006.94305	141.373	1034.0431
748.9692	1485.4891	616.9893	1477.1699
628.43195	1662.0306	629.283	1650.02
701.6314	1677.129	706.3899	1616.9518
725.82117	1166.0342	724.70154	1192.9459
824.0548	1601.0549	825.8817	1565.9418
934.472	425.00513	950.2746	417.5848
994.9555	1291.9982	992.42554	1354.0581
1043.129	815.0062	1041.6727	845.081
1129.4232	1250.9839	1130.1492	1224.9762
1132.9509	1254.0474	1132.368	1278.0332
1279.1007	1238.0133	1266.9229	1239.2238
1267.9122	1235.7025	1278.9294	1234.957
1365.1218	854.663	1331.1653	860.8997
1477.4171	1250.0001	1477.471	1120.9998
1599.3271	748.9831	1601.3367	907.0084
1715.1615	1193.0005	1715.2528	1165.9974
1759.8021	1568.09	1753.4816	1483.8888
1835.4724	1078.0056	1835.7727	1106.0024
1836.2238	1118.9255	1839.4408	1214.9518
1877.2849	749.9431	1878.5435	711.98486
1922.329	723.9942	1922.4158	743.99817
1930.5311	1176.9299	1931.8602	1205.9606
1951.1158	1594.0693	1947.9481	1508.0387
2160.0632	1162.9971	2161.0215	1183.9532
2180.3035	1111.0928	2178.6616	1081.0732
2362.9	231.5473	2316.723	241.7455
2350.2927	399.27087	2334.9548	402.8034
2340.1477	1017.9245	2342.192	1048.9874
2711.02	1611.523	2667.0146	1612.1028
2708.515	1100.8341	2712.2542	1134.9722
2740.9844	1704.5956	2760.9968	1705.122
2858.919	1748.1007	2884.0037	1749.9493
340.17633	1222.8163	502.98932	1247.0717
375.90164	1036.4783	431.99683	1048.0154
499.9844	845.0521	464.8375	834.5436
671.64813	1218.051	669.597	1244.1256
683.1264	1498.9365	677.96045	1569.9971
777.6993	1106.2925	651.76917	1076.9922
911.99945	1749.1313	860.9961	1748.9126
1044.2557	696.0074	1044.6034	683.9885
1046.0465	390.07016	1043.5367	355.9605
1051.4717	971.9801	1050.4899	998.0561
1130.4207	1222.0197	1130.766	1196.983
1183.52	1193.9786	1183.1865	1217.0316
1316.0425	1174.0083	1315.6893	1261.0068
1324.4482	934.0052	1325.6304	831.9957
1522.2068	1599.0004	1522.2451	1579.9985
1857.8253	1146.0461	1856.7267	1118.0499
2098.952	1695.7837	2139.9668	1694.1594
2208.479	1109.0765	2206.9163	1078.0042
2339.7817	646.05585	2340.8315	668.96185
2369.8838	1014.8404	2372.5134	1045.8717
2376.0576	1097.8497	2378.2634	1128.0538
2420.1062	670.8575	2421.736	694.9502
2639.7886	1016.22473	2636.5188	984.0489
2641.0942	688.0849	2635.93	633.0066
2650.236	1069.7842	2653.352	1102.0625
2733.0518	1021.4676	2701.1113	1025.005
3070.511	926.99994	3070.4915	1140.0
120.82741	993.79236	171.26595	1004.77905
202.83429	1802.0945	226.5439	1592.835
464.02026	781.0452	463.091	802.004
645.8429	544.06757	642.71674	583.0575
863.9902	1624.3864	809.99976	1623.0095
935.1843	1651.5511	954.9773	1644.9321
1004.0209	1260.2217	984.00977	1262.104
1168.2314	1592.0286	1170.4624	1573.9337
1184.4708	1155.9996	1184.477	1178.9999
1365.8389	1195.0015	1365.1829	1123.9983
1678.207	764.9969	1679.0387	819.9843
1807.2891	1547.1456	1835.0574	1492.0289
1929.3914	1143.9391	1930.6626	1172.971
2075.0574	694.9985	2075.5576	714.01166
2082.6057	1462.0154	2088.3682	1609.9857
2101.0007	1471.0248	2127.0376	1470.23
2145.5215	682.029	2146.7898	702.95215
2156.2036	1190.2848	2213.108	1185.2112
2213.0369	1182.3811	2166.9844	1186.8381
2313.2134	772.04803	2307.9617	686.0023
2403.958	415.76566	2380.978	419.87653
2416.8364	632.93506	2418.6177	655.8744
2608.8435	637.84283	2610.981	662.9164
2691.9185	649.22626	2689.0903	623.2076
2719.7893	602.1783	2717.6865	576.10596
2756.0	1643.3373	2704.0	1643.3492
2727.9954	1006.20966	2724.631	974.0386
98.34969	722.025	120.952675	730.13196
442.83414	1062.8079	481.0703	1070.6575
490.74445	1068.2035	444.90033	1058.4694
504.86926	764.3805	465.99234	751.0223
512.6207	732.9677	502.99673	846.0848
697.03784	1117.8165	664.76074	1111.1603
827.3197	461.88385	832.61383	522.034
967.9715	446.8954	848.83295	479.38748
977.91504	1756.4977	990.0459	1755.8118
986.60297	1131.993	986.3595	1146.0062
995.58484	949.0553	994.3572	962.0338
1139.2201	915.0587	1140.0913	896.9563
1142.5208	1278.035	1148.0483	1195.9359
1442.5812	1248.9984	1442.675	1223.995
1469.4275	1575.024	1468.4198	1551.0244
1686.969	1551.2598	1723.0314	1549.7495
1725.4872	1439.999	1725.4241	1407.0011
1735.495	861.01855	1734.7606	841.0456
2048.033	1635.2742	1919.0226	1632.8146
2085.4355	1159.9307	2086.9304	1190.9069
2103.7217	801.0694	2102.5823	780.07697
2106.351	1044.9124	2108.2336	1073.9199
2180.4404	1036.9055	2182.2869	1065.0468
2344.377	711.863	2345.7656	735.9559
2576.6216	642.84375	2581.927	697.9107
2611.2964	666.8613	2613.9631	691.79
2664.212	714.9774	2654.9326	627.90063
2657.3494	588.0631	2659.8474	613.8208
2696.1118	976.88477	2699.619	1010.7286
2762.0718	1002.19464	2758.8135	969.9179
2836.0022	1737.51	2780.9995	1737.4331
14.454132	1161.5989	170.94908	1185.3357
37.469547	970.2553	33.345924	1010.13916
66.92586	988.22394	63.31634	1019.2693
365.0253	1018.88184	495.05835	1046.7275
776.75903	1609.036	778.2788	1577.0132
979.55347	1287.9568	978.0586	1338.0316
986.32574	1149.9583	985.51355	1163.0936
1032.0325	1022.9948	1032.0969	1010.9951
1125.4152	896.0265	1124.1809	962.0221
1131.5378	1184.9949	1131.7931	1161.9866
1178.9923	1248.9445	1168.0613	1250.4459
1252.3488	1365.258	1247.7783	1389.1489
1263.6648	1180.0122	1263.0359	1266.0076
1282.5525	1302.2948	1273.4982	1319.2657
1446.6172	1162.9954	1446.5292	1189.0051
1446.4052	1223.9952	1446.4889	1248.9984
1498.6401	1626.22	1548.2354	1603.3423
1770.2645	648.8973	1789.3436	1441.0159
1833.8798	1219.9724	1829.5258	1081.0149
1859.312	1075.9373	1860.6053	1102.9711
1923.8499	1096.05	1922.6322	1068.0594
1926.5592	1067.9215	1927.9706	1095.9512
2137.9373	1185.119	2136.2021	1155.046
2343.7034	764.17847	2341.909	741.0848
2342.2446	683.9163	2343.8555	707.87524
2530.851	572.82697	2548.4377	760.9591
2643.0461	1031.447	2613.057	1034.5503
2652.224	1140.1892	2648.7979	1108.0215
2618.0203	1747.3729	2691.0044	1746.2903
2727.7964	673.1281	2721.825	617.0186
2799.004	1744.961	2822.0715	1747.2917
3054.7964	517.0245	3057.694	541.1568
540.26196	1809.6438	625.5694	674.89246
949.6772	1086.9861	945.3765	1187.0162
993.7125	983.9601	993.3382	996.04144
1018.2238	1347.0488	1018.78674	1332.9515
1056.7517	837.98834	1054.5493	884.9789
1075.5642	658.27594	982.7987	626.58936
1191.9541	905.75195	1201.981	903.8973
1205.5188	872.8352	1209.8652	833.7625
1347.2253	1256.0428	1348.0331	1232.9313
1425.723	1127.0037	1426.0485	1151.9994
1627.1696	1103.352	1614.985	1104.8801
1863.0974	1183.9485	1863.7866	1211.9807
1883.654	1177.0105	1883.4288	1148.0044
2133.487	1116.0618	2132.2617	1086.0302
2174.7185	712.9486	2177.5918	753.10077
2258.5862	1635.024	2243.8975	1382.064
2343.196	1063.8586	2345.3271	1096.979
2396.1082	1043.005	2398.357	994.9699
2451.7563	747.0572	2450.6965	724.014
2665.016	1691.6831	2692.0247	1691.0496
2766.0225	1710.3976	2747.0117	1709.6866
3066.7769	647.1606	3063.6282	623.1801
410.88696	693.2921	455.88724	710.7074
485.8459	761.0883	483.43817	784.15015
523.96326	1765.3059	396.9794	1761.7319
714.5484	861.02075	713.8293	880.0314
730.71277	843.0553	729.2422	862.0188
716.9387	826.1922	745.248	835.22266
808.85474	1508.088	806.174	1534.1208
990.4646	977.01306	990.8037	964.9663
1012.784	797.7288	987.62286	790.27264
985.9714	794.09863	1012.7483	801.8676
1014.1008	387.85626	1010.88385	407.98145
1018.61725	1330.0323	1019.3056	1316.9111
1280.9843	812.9155	1372.9448	795.70514
1425.4431	1162.9989	1425.2684	1252.0024
1463.0557	1159.5583	1430.8772	1162.7686
1459.0298	1422.8107	1428.0349	1423.9502
1460.3314	1247.9906	1460.6831	1222.9814
1853.7646	755.06995	1852.7985	738.0114
1856.0293	816.1497	1854.35	794.0494
1860.5958	1117.9337	1861.7593	1145.9685
2145.0015	1484.0776	2088.984	1485.1892
2210.935	1144.066	2209.0073	1112.9995
2243.3945	1208.0431	2228.223	995.05536
2375.8125	1164.0729	2374.0273	1134.9983
2373.0776	1060.835	2375.5566	1092.0353
2395.4114	732.8852	2397.3706	756.96985
2449.442	1005.87177	2452.2004	1036.8933
2623.164	1695.0164	2620.4788	1722.0476
441.18707	1054.0226	436.2234	1095.1477
956.93164	876.2327	1074.1069	910.6358
974.17975	1353.9905	974.3306	1341.0038
982.7829	940.77527	1007.1148	947.59
1022.72565	1316.9922	1022.2667	1333.0363
1026.6497	1531.0167	1027.4242	1500.9851
1044.8683	680.03394	1044.4769	666.9857
1068.8567	802.47504	975.59717	774.335
1063.5844	946.56915	969.5596	921.6626
951.915	1025.3186	1070.9725	1057.1027
1087.5078	1137.9808	1086.1787	1172.007
1155.0045	1788.468	1071.002	1787.7638
1116.226	896.98157	1115.852	933.00885
1197.0652	1218.6927	1183.0948	1220.0074
1345.1	827.517	1332.1956	830.0114
1359.1692	1610.006	1360.0535	1584.9666
1422.785	1284.8994	1418.048	1295.0225
1505.633	1506.0061	1505.5172	1479.9977
1652.0725	1138.735	1610.0865	1142.8773
1629.0204	773.0916	1671.1632	763.73535
1825.3213	1070.9911	1828.3448	1179.9626
1903.3146	1111.9166	1906.8086	1208.9348
1933.9924	1535.307	1945.035	1535.5798
2044.876	695.42334	2096.0872	684.4047
2081.868	1090.9089	2085.0886	1156.9957
2135.392	1151.0337	2133.728	1121.0151
2236.01	1617.0552	2080.0051	1618.5348
2313.0881	184.99612	2312.0767	161.95274
2606.1248	663.1774	2603.7537	638.1179
2604.4778	598.0522	2606.951	622.80505
2608.9058	692.1677	2606.9705	668.0024
2734.5696	1021.6836	2738.7532	1055.661
2847.6353	1516.1633	2858.8132	1472.6948
74.17877	715.3942	96.045105	721.84717
123.058586	1764.1082	72.93434	1766.758
673.58887	1187.0387	671.81683	1213.9879
729.0556	862.79193	741.2535	866.05145
719.9916	800.02234	749.335	811.1136
752.8763	815.9924	746.54535	918.97205
1116.8702	1196.9723	1114.7875	1282.0193
1134.5072	1196.9979	1134.4	1222.006
1182.6202	1249.0155	1181.9937	1274.0249
1316.8997	1164.4255	1331.9639	1161.7935
1379.5847	1578.011	1377.8704	1513.0034
1424.0492	1624.937	1406.9388	1625.8357
1575.3309	1076.997	1575.7228	1249.0006
1682.9131	844.00214	1683.6711	875.00806
1935.9801	1568.5695	1948.0703	1568.9932
2341.629	736.0942	2339.9785	712.0702
2355.9358	428.7066	2369.9216	425.64203
2453.2642	1052.8053	2456.01	1084.7412
2613.5374	1035.8696	2616.3438	1068.9708
2633.983	618.13855	2632.1233	591.06024
2690.0244	582.9979	2692.05	606.9958
2733.1326	1056.1847	2729.8608	1023.1127
2741.381	1132.1772	2737.8586	1100.0155
175.67796	1010.96515	158.90286	1165.9895
420.86688	795.06726	419.09866	817.8524
488.22113	726.0118	487.09488	747.1118
636.13446	1267.1284	767.1036	1287.3282
966.311	413.04132	969.1219	391.88333
1056.2267	1484.0022	1056.4736	1459.0046
1063.9619	1212.0502	1069.3871	1107.968
1092.8551	929.99554	1091.076	988.03296
1142.6321	939.98193	1141.7421	958.08563
1433.9233	927.55707	1536.1509	909.8725
1855.1091	1075.8313	1836.1731	1078.3179
1970.5322	850.02277	1962.3176	681.03314
1991.3606	1840.1676	1979.2887	1866.1343
2042.0488	784.9967	2044.073	815.06244
2077.2583	728.9975	2077.482	751.9953
2132.9185	1470.3529	2143.9949	1468.9586
2149.1646	743.9227	2150.6926	766.95404
2203.332	813.0437	2191.6838	635.0207
2307.6497	679.9867	2368.0825	669.47424
2419.8645	724.10266	2417.6965	700.1178
2422.3308	699.8289	2424.094	723.84625
2646.243	1031.7651	2649.7158	1064.925
2664.901	658.00836	2667.0974	683.99176
2823.0132	1778.8925	2801.841	1776.2976
192.16881	730.9067	190.14873	748.9045
699.33936	1127.0966	690.19305	1253.9418
791.97095	1540.7454	801.2672	1576.1921
802.4241	1581.417	790.02594	1594.0255
1024.493	1190.0719	1025.0741	1178.0035
1054.084	335.94336	1065.7201	353.18887
1084.8663	1363.0219	1083.8267	1309.0226
1159.0171	443.0062	1154.3965	455.78174
1336.4891	1136.0065	1336.3795	1161.0061
1450.711	1582.0002	1450.6558	1525.9994
1447.0231	1689.5747	1476.0155	1690.0428
1675.189	797.08124	1633.077	804.44055
1607.9514	1419.1418	1720.0452	1412.7987
2110.034	1448.98	2100.9775	1448.6788
2182.7285	1080.8848	2184.7283	1110.8848
2403.8066	1126.0919	2401.4148	1095.045
2419.077	1009.07434	2421.6375	1040.8682
2458.9263	1125.803	2462.1152	1156.9883
2721.132	616.7735	2693.095	621.55707
61.30478	1035.1571	57.35883	1067.9227
417.16266	748.35016	400.94562	755.88293
741.76385	1167.226	714.98694	1162.0677
965.89575	728.38605	1066.8275	755.63873
985.4082	1167.007	985.33923	1180.9967
1002.3494	1118.9774	1000.82306	1162.9939
1017.8796	1366.0092	1017.77264	1352.9937
1249.6832	1730.0419	1304.134	1735.7126
1261.9651	954.7807	1363.2667	938.678
1466.0865	1276.1729	1536.0746	1271.0104
1574.9307	1619.8497	1622.4934	1597.9021
1615.977	1791.6356	1651.1766	1739.4447
2075.5908	780.0809	2074.2715	757.09924
2024.6368	1693.5687	2088.0154	1684.1031
2125.0322	1448.9722	2115.9783	1448.6873
2155.146	1082.8789	2157.011	1115.943
2184.7932	1115.8817	2186.7769	1145.9487
2298.9646	987.9347	2313.3923	1200.9734
2389.9653	674.82263	2394.8481	728.92346
2456.2725	1089.7911	2459.132	1120.8959
2488.008	1154.1299	2485.978	1123.0015
360.69992	1214.9634	485.00574	1233.9625
620.7	1640.9761	618.4588	1669.0366
655.7716	1183.0479	654.0301	1211.1259
655.4473	1568.034	659.947	1508.996
753.3114	888.9604	757.9115	808.93744
999.71655	836.99115	999.3403	849.0419
1082.3944	847.0566	1077.2023	975.04877
1151.2169	958.036	1151.811	937.9648
1183.4121	1619.1708	1185.4823	1602.0583
1195.6469	1394.9296	1198.2561	1381.8516
1248.8162	815.9777	1246.011	965.01904
1312.1147	864.72784	1280.1216	869.771
1736.1953	1253.0267	1729.7067	1058.0098
1727.9174	1842.957	1739.8744	1819.9348
1814.6901	1542.0557	1816.773	1591.0521
1861.7258	1149.9326	1862.8604	1179.0055
2112.2476	1157.8601	2114.0603	1186.9962
2345.142	246.99448	2346.8538	291.00568
2401.0132	1091.0664	2398.8555	1059.0098
2615.3135	1577.9705	2617.4885	1601.0482
2610.0269	1166.3384	2787.0989	1152.2407
2672.3376	1013.13934	2669.5564	979.95337
2681.9417	1100.1138	2674.29	1028.9688
55.430435	1767.9152	42.13523	1857.1691
155.63359	1789.9	147.89975	1818.2455
265.96872	1496.82	251.0711	1499.4092
490.05594	1754.0045	512.31085	1480.2692
979.05707	1256.801	942.8777	1246.4265
987.61127	1114.0363	986.7221	1129.0427
1033.5054	971.00146	1033.5369	959.99585
1030.4265	807.4833	1052.1172	813.5833
1053.902	1735.997	1056.0052	1668.9688
1283.3954	1209.9795	1282.5448	1235.0186
1471.1367	1222.0105	1468.836	1252.064
1546.7539	1249.701	1560.203	1254.4215
1570.0376	1592.0354	1570.6805	1554.9945
1687.7943	760.91583	1732.0966	752.50867
1771.9347	1556.9325	1763.8044	1564.798
1808.8513	724.0038	1812.147	852.9707
1879.5316	811.00073	1879.5613	788.99805
1883.0684	1144.018	1882.4893	1114.0099
1825.0018	1408.0349	1985.9863	1399.7357
2308.1787	638.03046	2361.9482	628.7014
2422.357	1055.8069	2428.1025	1125.9097
2614.3054	1108.9703	2607.2988	1036.971
135.68352	1087.1947	131.99152	1119.1146
674.001	1485.9814	739.028	1489.4792
745.98206	1128.0974	718.79895	1123.0917
722.63367	1227.0442	720.8176	1253.0571
847.94086	474.78915	968.0297	441.10593
1109.4893	1282.0448	1113.0127	1165.0004
1146.4983	1520.9866	1144.3516	1601.0094
1180.0464	1220.2974	1169.1555	1221.9966
1209.4884	1200.0205	1210.2445	1182.0103
1257.7283	1272.012	1259.7803	1146.98
1509.4143	1523.9906	1509.0789	1545.0172
1857.9078	768.03156	1858.5422	789.9843
1913.3529	1606.9719	1901.9167	1463.086
2182.099	1149.799	2163.883	1152.0575
2523.3545	1186.0555	2504.0967	962.07764
2616.859	1072.8141	2620.177	1105.9823
2661.8962	627.84894	2664.0525	654.91614
2701.3389	1026.0558	2704.1995	1059.9832
2817.8457	1163.0173	2791.4045	927.0667
2875.9128	1747.2999	2858.6277	1742.2827
182.22162	687.2633	203.13405	693.5544
423.70145	768.06177	421.7551	790.1546
483.64218	787.05475	481.751	809.23456
619.9558	1483.4368	651.0187	1484.3927
748.3505	1141.0895	740.40704	1260.9607
879.0087	1510.8431	808.94763	1506.9401
974.4754	1336.015	974.88763	1322.9648
1082.102	719.0725	1063.8824	717.0688
1075.7881	1493.9921	1072.0889	1593.078
1624.1755	847.9804	1623.3441	883.0082
1707.9882	1485.8044	1739.0559	1483.9215
1822.0332	864.2091	1951.1079	843.67816
1928.3524	1110.9099	1929.428	1138.9836
2013.006	1647.2664	1980.0018	1647.1935
2097.3086	1683.0997	2094.5317	1636.0276
2106.0562	1119.1013	2104.4922	1089.0785
2112.527	683.62335	2165.997	672.9853
2186.6543	1151.0262	2188.3872	1173.8949
2330.5405	1488.9266	2308.902	1478.1975
2321.5554	1529.8923	2331.5452	1488.6476
2338.025	1190.2958	2496.0813	1176.9636
2457.1042	1157.1515	2454.6963	1127.0243
2485.4058	1119.1337	2482.6316	1086.0309
2641.0728	983.7374	2645.1418	1015.85535
2681.8423	1554.7736	2694.1462	1557.2834
73.9895	1808.5967	139.97086	1806.8799
675.5432	1156.0278	674.1631	1182.9572
966.669	1515.0327	967.99304	1487.9508
964.9222	1545.453	985.18335	1548.9325
1063.9343	1626.9962	1062.5167	1651.9725
1159.9204	931.9535	1158.7544	959.0325
1188.2502	856.50574	1175.1145	858.6888
1541.5165	1597.9999	1541.4905	1435.9998
1714.0707	1131.6328	1671.1597	1136.429
1757.3661	883.9883	1752.0985	719.0288
1927.1664	1509.9597	1928.0325	1534.9989
2150.0305	1600.0675	2147.7937	1567.9447
2415.948	1043.086	2413.5652	1013.9538
2635.0383	1584.2621	2623.9644	1583.6877
3024.3848	897.8096	3057.83	1141.0233
458.47098	1071.0364	456.37997	1098.1066
484.2815	1075.0244	471.93878	1217.0815
976.7034	1107.2158	994.84375	1111.6405
993.2628	999.98914	993.37506	1013.014
1022.6007	655.8152	1026.7367	646.8782
1058.2188	1563.0114	1056.9226	1588.0477
1135.5254	418.36066	1129.8224	395.04343
1165.1417	1415.5935	1142.9736	1420.8895
1096.9597	1307.5245	1207.9244	1298.1095
1204.1918	927.0503	1205.969	884.9565
1283.5881	1141.9911	1283.9648	1166.9855
1509.0721	1582.9891	1509.2644	1601.9973
1600.6807	1098.0018	1601.2617	1197.0103
1798.629	711.96436	1802.194	874.9957
1976.4342	1601.0258	1975.1565	1572.9929
1978.0668	1233.9968	1968.5476	1031.9742
2078.07	755.9973	2078.9937	779.96173
2107.8904	1153.0491	2106.5654	1123.0634
2153.0388	1039.9409	2154.7444	1069.9006
657.4894	1152.9691	655.8451	1180.1118
1044.5332	1147.9808	1043.3784	1176.0566
1143.5787	896.97565	1143.2869	914.02203
1264.2484	1144.9916	1263.9684	1169.9996
2081.1868	1194.0454	2075.3806	1090.0345
2303.9543	1478.9291	2286.6853	1490.0629
2373.4321	1129.1049	2371.422	1099.0386
2738.7656	1060.7919	2742.6707	1093.9209
728.8508	866.0334	728.06433	886.081
932.28253	1441.9415	928.5037	1552.9832
992.1305	1451.3851	972.93384	1447.3119
994.48236	966.9953	994.37354	979.00336
1008.7141	1296.0181	1006.9649	1364.9991
1035.6781	1011.9809	1035.49	1024.9927
1046.9092	314.98978	1045.9655	230.98915
1052.9965	1540.9999	1054.7607	1493.9535
1080.755	1429.0393	1082.7849	1390.0409
1175.9928	1500.838	1128.9973	1502.9391
1165.2478	1192.0244	1163.6033	1276.0314
1165.4779	1157.0609	1166.4744	1181.9811
1282.6506	1238.998	1282.5193	1263.0083
1283.4695	1181.001	1283.4204	1205.0029
1952.797	1543.947	1953.9364	1561.0708
2075.881	1084.9324	2073.4275	1052.9672
2110.5198	1122.9158	2112.235	1153.8762
2370.869	1093.0605	2369.2092	1062.0424
2704.897	1063.8201	2708.3179	1099.875
671.0588	1214.4983	684.11395	1216.0272
754.9721	1270.168	655.71796	1253.7
1120.0104	1358.0007	1118.9626	1373.0669
1183.0137	1490.3893	1142.9927	1491.7925
1256.499	831.9918	1255.073	919.0176
1297.0029	1207.0359	1283.0167	1208.2014
1436.9681	1516.9983	1436.8059	1615.0013
1522.0016	1153.0203	1483.0154	1156.1898
1491.0142	1450.9833	1491.9553	1508.0007
1507.051	1605.1655	1523.0709	1600.2303
1540.857	1599.6729	1511.7383	1612.4014
1727.3816	1549.9766	1726.3654	1489.9938
1825.0023	1236.0273	1955.0825	1224.9708
1905.1019	1447.0753	1894.878	1460.9099
1966.1578	1595.0533	1965.1398	1578.9911
2040.1304	1017.9445	2050.294	1224.9856
2112.4756	771.95746	2115.4333	805.05066
2271.5408	621.96313	2283.6838	800.02155
2451.0786	1085.0688	2448.7566	1054.0182
2614.0283	1737.5916	2642.012	1736.2484
2858.0144	1473.001	2830.7244	1459.5596
34.867348	1857.9814	47.053844	1771.0076
808.0906	1654.8785	856.0885	1656.9281
1022.4431	1335.0168	1021.87384	1349.9952
1051.1931	1581.006	1051.751	1562.9923
1117.8898	1162.9845	1117.5549	1186.9938
1135.5278	1161.9966	1135.361	1185.0099
1157.7188	1282.0162	1160.5061	1158.9662
1206.2551	576.2517	1191.8805	571.35046
1293.9893	1263.0	1294.1206	1238.9952
1349.0281	1231.8833	1335.0105	1232.3292
1349.9412	1712.9963	1350.8126	1698.9265
1824.9006	806.00006	1824.9314	851.00073
1888.9232	1467.982	1889.5074	1498.0096
1900.9084	1213.0032	1896.1205	1072.9958
1949.0187	1573.3312	1937.0001	1572.9954
2602.693	623.166	2599.7544	600.0312
2644.6587	1065.1256	2641.57	1032.1339
2648.4077	1103.0629	2645.0068	1070.9993
2737.4294	1094.168	2734.0002	1062.1069
2827.1626	1460.2798	2804.7537	1473.2976
102.38614	1599.9333	96.51372	1654.0558
620.37744	1579.948	615.5955	1637.1334
677.08484	1640.0049	675.17126	1673.0099
1001.9476	1495.9856	1002.11475	1507.0134
1009.71155	956.96545	1008.71857	993.99243
1032.4347	1005.0071	1032.6304	992.99396
1041.6741	848.98114	1040.9716	861.11414
1110.965	1387.9857	1105.1943	1402.0796
1278.9222	1234.9711	1279.5928	1209.989
1319.9932	1385.9973	1323.966	1375.6047
1520.7677	1134.9622	1527.4604	1093.912
1517.954	1669.955	1568.9459	1617.9064
1586.8339	1483.982	1574.702	1596.1841
1601.286	1581.9573	1603.6267	1487.9658
2008.9979	1621.0564	1944.9731	1618.7457
1943.0258	1835.4595	1989.0166	1837.6505
2011.8711	669.9647	2018.8429	842.00635
2071.9878	714.05133	2071.171	697.9406
2081.8882	1196.7788	2135.9844	1191.8293
2155.5105	1187.0299	2148.9663	1080.0021
2428.2454	1126.901	2430.4563	1154.7253
2810.3184	1760.7572	2797.669	1749.3676
433.00314	1211.9812	466.89114	1217.6506
0.6427611	424.9267	621.51105	664.26843
1070.0216	1105.9226	951.48676	1072.839
1036.7297	976.99365	1036.4233	990.03345
1379.0161	1499.9288	1381.5999	1427.914
1565.6687	1416.9581	1566.951	1468.0012
1741.5399	1482.96	1748.3529	1574.9739
1815.4835	1404.0127	1816.341	1438.9917
2108.5999	1089.0851	2110.4133	1118.9141
2073.9165	1213.03	2218.14	1200.6257
2157.4158	1118.9236	2159.0378	1148.9979
2414.9585	1165.4695	2344.9944	1170.9292
2675.9429	1566.0841	2672.9922	1529.0006
446.13083	1051.3634	498.95483	1062.2197
598.99316	1700.5784	724.009	1698.5555
674.06885	1183.5106	686.1118	1185.2058
717.9423	1138.0248	723.4378	1150.8119
1021.5288	1354.9952	1021.3982	1367.9939
1040.8916	864.9963	1040.4414	878.0497
1142.5743	917.9875	1142.4159	936.01245
1158.1932	1656.1031	1154.8181	1695.1571
1208.6091	1291.0143	1210.4583	1211.964
1274.052	1462.9905	1273.529	1515.0054
1288.2751	1575.028	1288.5823	1560.9908
1365.5641	1237.0112	1366.1593	1207.0032
1737.076	836.00085	1737.3098	814.9923
2335.1191	1579.9916	2332.0818	1536.9943
139.68008	1051.0775	136.13913	1082.1299
661.0979	1141.5634	695.39154	1149.254
666.4077	1124.8113	673.53876	1140.2135
805.13367	1545.0061	804.27423	1564.0125
1055.774	1402.0593	1058.6956	1363.9767
1317.4916	905.99335	1317.1105	935.00146
1954.0532	1577.9457	1954.9358	1595.0549
2120.3516	1503.8596	2121.9253	1519.0078
2127.1973	1893.8588	2100.291	1867.762
2149.5278	1077.9614	2146.9736	1043.002
2485.1538	770.0799	2467.6987	585.1228
2770.014	725.12146	2746.2405	532.0935
726.204	910.3415	738.2839	914.0836
1037.6559	960.97675	1036.8405	973.05676
1278.4286	1263.014	1279.2133	1238.9744
1329.4777	1458.9958	1329.9641	1515.0004
1349.996	1804.2717	1436.9932	1803.7832
1433.2401	1851.9691	1452.5419	1847.1869
1602.0996	1599.2628	1580.5438	1607.4344
1735.8851	786.3269	1694.079	793.4624
1858.2665	793.91693	1859.6462	814.95764
1883.658	1884.4054	1892.7412	1909.7341
1900.0894	1742.9774	1905.3214	1763.6658
1964.982	1560.0007	1964.3772	1543.9857
2141.4158	1691.063	2097.17	1684.799
2821.9543	1481.0101	2828.2246	1509.1726
3070.5093	1141.0	3070.504	1524.0
638.1872	1582.9486	637.2267	1598.1407
677.2036	1580.9523	673.7868	1637.9872
668.1673	1245.1306	684.1527	1248.2064
747.4153	1226.9667	753.2188	1124.9556
1011.54175	1527.0356	1012.33954	1514.8909
1029.8643	1144.9685	1029.031	1175.0286
1060.8013	1445.0593	1062.234	1473.9884
1117.9337	1280.56	1128.984	1278.8939
1205.9059	883.3984	1174.2125	888.3579
1206.429	1620.7311	1197.4723	1639.7515
1798.5851	1557.9012	1803.394	1489.0275
636.6909	669.801	914.9386	777.15924
1017.1594	1118.4521	1042.0859	1125.7047
1133.6436	1224.9838	1133.3431	1250.0161
1231.9692	1166.9996	1231.1982	1238.0022
1242.3469	1387.0055	1242.6832	1365.9949
1289.834	1312.9303	1291.2579	1329.9785
1308.7114	1330.054	1311.1296	1342.9757
1392.8867	1097.9987	1391.368	1226.9808
1436.0797	1358.6112	1421.9658	1383.5466
1576.0059	1421.1005	1602.973	1419.5359
1900.4254	1445.9736	1901.7565	1416.943
1907.1356	1466.9906	1910.3063	1512.9098
2146.5278	1530.0201	2145.29	1501.0303
2619.2593	1671.8481	2629.4788	1689.3052
2713.4424	1560.0564	2710.5989	1531.9395
659.2495	904.53876	757.8016	933.67114
713.16455	1152.2963	745.0573	1159.755
999.31964	853.0039	999.15955	866.0143
1032.0984	1378.5608	1005.84814	1372.6775
1086.1057	1174.0066	1084.0328	1206.9391
1343.8032	1604.0431	1344.6632	1588.0356
1413.4666	1351.8936	1416.075	1338.8156
1425.0835	1735.0016	1424.9938	1685.0018
2314.9736	241.0001	2314.9016	222.00037
2344.8687	1170.9437	2337.9387	1063.9392
658.9147	1261.5354	751.9427	1276.3597
829.60046	1565.979	827.8027	1600.095
937.156	1372.3655	955.0573	1376.7668
957.8326	1198.6517	1027.8378	1216.6315
1012.115	1509.0057	1012.6128	1499.0306
1016.48535	811.97375	1013.52936	869.976
1023.4865	1299.0151	1023.0208	1314.0006
1052.1772	1613.9766	1051.8336	1626.0238
1192.3865	1273.0048	1192.6826	1248.9838
1351.9742	1170.72	1316.0938	1174.019
1333.9974	1627.4402	1311.9982	1627.3123
1472.0315	1280.9875	1471.8766	1292.9984
2212.9775	1578.0001	2213.0156	1589.0
623.89844	664.9234	614.02026	678.01526
1056.2446	1654.0073	1056.7517	1636.9629
1084.1771	1244.0612	1080.278	1319.0664
1329.2699	1738.0051	1330.0573	1696.9819
1366.1909	1266.0062	1367.0123	1241.0004
1557.6029	1556.0148	1558.7911	1588.0078
1566.9905	1479.9934	1567.4647	1550.997
1870.3464	1862.73	1875.0132	1885.9973
2164.9912	1570.033	2166.2314	1607.9924
2188.9983	1447.3191	2177.9985	1447.2571
2382.8643	175.89644	2386.5408	242.08105
2704.9075	1133.0094	2694.0393	1025.996
2717.0605	1635.0099	2716.4417	1576.0059
2753.5278	1807.9774	2773.0574	1798.9586
107.70177	1084.9583	103.46682	1115.2053
221.03181	1496.8752	204.11172	1492.5618
690.0917	1569.1023	691.503	1554.0471
1029.9004	1218.5814	1045.9435	1221.3301
1118.5165	1548.0499	1116.4877	1569.0471
1198.0504	1189.5465	1165.0548	1192.5939
1216.3413	1634.1542	1226.1184	1612.5051
1242.6292	1427.9515	1241.0701	1472.0024
1465.5985	1614.0133	1464.5717	1582.9811
1919.3269	1765.9801	1920.1802	1779.989
2142.039	1448.6859	2127.992	1448.2693
2162.4514	1433.0848	2164.763	1448.0366
2454.1323	1121.1654	2451.3772	1090.0552
65.331474	1712.7054	70.20351	1701.649
1276.7562	1395.9642	1277.5154	1412.023
1436.7319	1463.0017	1437.0303	1509.9998
1454.5748	1526.9915	1454.2119	1545.0244
1699.8657	1191.6322	1713.8712	1194.6064
645.2714	909.05774	773.03973	945.86206
973.79584	1435.7339	935.6851	1425.1318
1056.2139	1112.214	961.8515	1086.5459
1252.3624	1396.9695	1251.5945	1413.0284
1265.7788	1619.0875	1266.8026	1609.9778
1344.7754	1550.0212	1344.497	1533.9913
1509.2194	1553.0072	1509.0957	1574.0065
1951.03	1508.9967	1952.9797	1527.0022
468.09778	1215.3741	431.8879	1209.7175
685.08966	1125.9663	692.995	1147.0018
727.65753	890.0419	726.3807	910.08795
975.0131	774.9935	983.68365	792.66455
978.17053	1342.9716	977.7242	1355.9906
1016.8761	1498.985	1015.42676	1510.9304
1287.6882	1605.011	1287.8641	1593.9819
2315.014	1515.9724	2315.5745	1495.9601
2438.909	1790.5413	2460.591	1804.0513
455.21677	1113.0189	452.7654	1141.1538
1021.71436	665.99084	1019.82153	725.02637
1307.7961	1197.2405	1302.2166	1262.1046
1828.6964	736.71	1875.1812	725.7696
2018.6798	1874.6372	2022.6245	1903.7802
2757.993	1822.4135	2857.0027	1821.2234
657.174	1211.2637	667.0927	1213.6075
1048.19	686.9444	1047.4293	698.0295
1203.142	1504.9645	1202.3962	1522.975
1275.2411	1415.9603	1274.6624	1427.0347
1273.0021	1640.7242	1308.0001	1640.9849
1329.4299	1527.9955	1328.7443	1613.9979
1364.3055	1577.0033	1364.5123	1557.9948
1491.6	1521.9948	1491.2208	1551.0029
1509.05	1490.9694	1509.4594	1505.0157
1496.9795	1264.7806	1518.9745	1262.7272
1648.0034	1452.588	1630.9962	1452.4448
1975.1934	1534.9952	1974.4716	1506.0132
2131.7117	1722.0973	2126.8586	1707.7103
2565.3184	954.8831	2585.1821	1178.9839
2717.0012	1573.9949	2681.8772	1565.5079
480.94357	813.06335	479.4728	834.9646
635.93585	1614.9382	635.06146	1630.0035
687.7019	1142.1293	681.64026	1128.156
1034.5782	1432.8665	1037.8512	1447.0344
1039.6592	1306.9799	1035.3945	1379.0233
1061.3995	716.9548	1062.7657	729.0265
1072.1641	1160.9506	1069.4375	1207.0259
1454.4249	1557.001	1454.4135	1574.001
1882.7717	722.0594	1885.0638	808.02496
2424.9346	1162.0847	2416.4294	1055.0453
1011.4114	1163.9835	1012.05585	1140.9735
1161.6918	1572.9679	1161.3472	1587.0085
1296.9884	1176.8716	1264.0757	1179.8394
1290.1454	1695.9387	1298.1527	1714.9357
1302.5887	1609.0273	1303.6117	1586.9819
2299.879	1496.0255	2305.994	1525.0012
2700.668	1541.9528	2701.6633	1556.0238
2750.805	1507.1802	2704.62	1461.3748
2773.4905	1800.1154	2770.5044	1761.0378
1085.7072	761.9865	1082.9388	821.9972
1453.5897	1313.0785	1457.6084	1334.075
1500.7926	1383.9822	1501.9941	1369.9995
1945.3639	748.99786	1898.1102	757.6049
2119.0093	1535.773	2102.0027	1535.6458
2106.0083	1600.2617	2120.026	1599.8157
2174.3955	1802.0226	2173.9446	1769.9867
2207.0037	1076.0337	2155.0735	1081.6758
2682.9888	1530.2192	2698.0002	1530.9944
940.3369	1295.0117	938.83374	1338.0292
1037.7336	1283.9656	955.8929	1261.3884
1030.8585	1425.0376	1028.426	1415.8867
1232.0675	1380.0133	1229.715	1391.9438
1456.0806	1363.0236	1450.49	1382.1433
1774.7799	1484.0056	1776.6605	1557.0088
2142.8188	1438.0087	2142.5757	1405.0032
2222.003	1463.0966	2208.9998	1463.0542
982.0732	831.00336	983.0868	809.004
1003.5443	1345.0176	1004.9064	1302.9646
1163.1158	1519.9758	1162.1036	1557.0028
1861.7579	1817.7621	1875.1025	1860.2816
1976.1185	1563.019	1975.6426	1540.9861
2119.5305	1555.9932	2119.3115	1539.0089
2210.7866	1543.0172	2211.5955	1553.0327
2314.0034	249.4385	2320.5989	261.2245
2845.2812	1482.8907	2842.22	1503.0334
150.97244	1704.334	143.88693	1724.9612
642.15924	1536.927	639.6292	1566.0547
1047.4573	701.9877	1047.1832	714.0269
1106.1582	1530.8903	1102.7572	1556.9684
1197.9047	1214.9951	1199.1368	1191.0071
1233.0356	1123.058	1230.9066	1161.0508
1236.7311	664.1472	1233.0913	682.2198
1248.9569	1495.9935	1246.5496	1511.932
1288.4275	1363.8561	1292.2119	1348.8019
1784.9497	1441.5049	1708.9604	1443.0371
1869.7123	1857.3513	1856.0447	1807.2606
1927.8838	1544.0076	1929.368	1566.9762
1960.5132	1867.4255	1936.244	1839.6608
2084.008	1626.1047	2233.0002	1625.0322
2630.7207	1651.0249	2626.6006	1604.8572
131.71172	1125.1926	128.229	1156.1383
697.46954	1522.963	696.4922	1536.9646
817.6631	1583.9747	815.9341	1607.07
847.68695	1601.9865	846.95026	1618.9978
1240.3042	1473.9767	1238.4302	1530.0144
1297.995	1741.1655	1243.984	1739.5273
1400.8038	1491.0017	1400.6378	1570.0034
1491.755	1578.0017	1491.9272	1603.0005
1692.9999	1739.0001	1729.6376	1767.4664
625.08606	1495.057	621.30426	1567.0685
724.5116	1196.0887	722.98395	1222.1165
1036.4976	995.9733	1035.9125	1006.99536
1063.7672	669.78076	1074.4296	658.46265
1184.7916	1422.9763	1183.4059	1435.1599
1272.7471	1580.9976	1272.4725	1610.0045
1351.334	1189.9935	1351.0457	1174.9991
1947.0858	1489.0037	1947.5532	1477.9811
2174.084	1484.1663	2162.995	1483.0486
1157.7427	1585.0067	1157.8522	1572.9987
1888.7782	810.9546	1890.4745	840.03064
2164.2554	1538.0651	2166.2588	1560.9774
2775.101	1727.9869	2786.6145	1817.0498
99.86683	1734.5509	115.936584	1729.7861
997.11255	1192.6387	972.9642	1185.115
1155.8555	891.9986	1126.1848	896.2805
1474.968	1406.0088	1478.7814	1419.7837
1756.0005	1484.007	1772.9974	1482.958
1950.1079	1106.0369	1903.0968	1110.9297
1085.2738	1215.0046	1084.82	1242.0138
1119.1663	1598.0172	1121.3544	1576.933
1377.3229	1431.9751	1376.842	1445.031
1382.3193	1599.9736	1381.3076	1626.0508
1465.3762	1366.0271	1465.9373	1378.9594
1481.217	1552.01	1479.4087	1591.0652
1856.1171	1439.5583	1882.1439	1446.4572
2321.8267	1537.0099	2322.8506	1555.0085
2450.3347	669.0567	2453.6633	708.1139
2691.4004	1695.0686	2693.459	1713.0619
452.09473	1150.0078	450.09363	1174.0908
1077.1538	978.98584	1078.7198	996.02576
1240.0698	1557.0143	1235.537	1579.1101
1298.0009	1749.0018	1249.0	1748.961
1419.56	1370.0481	1420.6039	1357.8802
1878.4255	761.5855	1833.0099	769.06006
2132.03	1084.2853	2081.9543	1089.5671
2121.6304	1592.0764	2120.62	1573.9655
688.6383	1598.0416	689.48596	1585.0316
849.38776	1566.9828	848.51404	1598.0145
1062.9534	1302.0107	1063.1667	1283.0018
1134.102	862.6641	1148.0793	860.51587
1323.8115	1329.3103	1328.9125	1315.9666
1524.5264	1576.0212	1525.4155	1554.0168
1797.9028	1482.2129	1811.0725	1480.5875
1273.4451	1529.9933	1272.8555	1578.9983
1524.2966	1545.0331	1526.88	1521.875
1880.999	1625.0095	1893.0786	1626.2063
2119.011	1569.9052	2106.9885	1570.051
2222.071	1435.9996	2221.9243	1411.0005
968.5648	922.2404	977.2072	937.88556
1108.0928	979.5909	1198.0729	965.464
1357.4769	1365.0991	1355.1783	1352.9662
1402.6844	1241.9639	1401.527	1252.0604
1882.1075	1112.9496	1836.131	1118.1565
1917.814	1524.9756	1919.1946	1570.9941
2099.997	1437.1648	2141.9966	1437.0145
2204.9985	1464.0359	2194.9739	1463.5977
2624.0288	1690.2886	2610.9692	1689.7609
2614.9592	1565.1145	2635.2031	1541.322
936.02893	1556.8771	1023.87054	1577.55
1306.4572	1662.2006	1322.1204	1704.5859
1682.236	1578.018	1680.8256	1517.9806
1879.6179	1606.019	1876.6704	1546.9666
2468.7869	1155.0114	2467.825	1136.956
2727.1245	615.0958	2733.4678	673.0582
2838.93	1472.8737	2825.9333	1471.8297
392.54776	1101.0547	389.65085	1130.065
1230.378	1512.9612	1231.5011	1494.9689
1416.9717	1662.8011	1420.0266	1647.0051
1777.2207	1560.9961	1777.4357	1573.0101
1764.2078	1610.261	1796.6692	1651.4729
2040.3208	689.01263	2039.5319	709.021
634.69434	1639.974	632.7385	1662.9778
1307.0059	1431.2567	1265.9816	1432.1975
1377.6003	1634.9984	1377.7953	1583.9954
1450.6198	1507.0001	1450.6132	1480.9999
1098.2678	1576.9711	1097.3983	1599.0157
1499.5583	1313.947	1497.8462	1295.9197
1717.2128	1584.6963	1685.4097	1562.4152
1835.3313	1840.6615	1858.2189	1836.0977
2381.9612	244.96075	2379.3914	182.02486
389.5048	1135.0491	386.67773	1164.163
971.34766	1381.4807	1003.2776	1388.787
1015.70514	1514.9778	1015.24194	1542.0042
1101.0198	1492.5902	1081.9741	1493.2283
1121.5315	420.75613	1118.041	398.83423
1357.76	1688.0105	1358.2845	1700.0312
1405.7322	1365.1832	1402.6561	1343.9052
1422.5018	1318.9244	1420.9736	1328.996
1473.0833	1306.0242	1469.5576	1318.162
2829.971	1503.8243	2825.8157	1480.8524
2860.49	1570.0555	2855.562	1524.8298
56.32494	1074.0272	53.630035	1106.1368
1091.5963	1130.0026	1091.3075	1084.0044
1344.8773	1713.9944	1345.0001	1733.0
1737.2981	1529.0345	1736.0269	1540.0032
2690.9907	1738.1868	2705.006	1738.8776
2724.073	581.9962	2725.1697	603.0433
2769.9692	1020.00336	2776.6309	1081.0403
1059.3033	1336.0073	1059.5945	1323.9902
1068.1552	1216.9896	1069.9562	1243.936
2319.9287	1495.877	2317.5093	1516.9436
1238.3354	1582.9625	1237.6548	1595.0369
1354.1078	1155.0016	1354.4066	1134.9911
1968.9628	1869.0836	1961.6345	1865.8208
2093.7473	1505.0265	2095.3137	1519.9672
2812.6604	1763.1809	2824.3303	1772.5903
93.36986	1745.7141	62.174465	1734.2455
1018.9008	985.0105	1019.14557	963.99005
1197.5995	1244.0044	1197.3358	1219.9963
2123.7307	1542.9983	2123.654	1554.9978
1215.8044	1356.039	1212.8185	1341.0361
1733.6481	757.58417	1740.8027	734.32416
2100.3586	1465.9917	2100.5142	1453.9937
1235.9475	1615.9226	1237.7539	1638.0201
2617.2812	1140.9745	2614.8318	1113.9247
1156.8245	1708.0632	1154.2996	1780.941
1311.3962	1615.995	1311.045	1587.9869
1675.6112	1874.7826	1619.294	1830.9062
135.43121	1702.0413	136.57652	1690.055
815.0137	1512.7678	869.00336	1515.943
952.6969	737.28864	957.81744	724.9244
1124.0205	1318.7821	1114.0153	1317.8384
1466.4668	1132.9595	1468.6333	1157.9451
2376.684	189.00858	2377.3088	212.01877
1097.5199	1314.8989	1095.3766	1325.0792
1267.5624	1404.0366	1268.4144	1390.9618
2659.9216	1711.1593	2657.4004	1694.0885
2850.634	1813.0491	2838.972	1726.138
2633.9219	1565.6582	2621.8662	1568.4155
2630.7324	1605.8312	2635.2395	1652.0741
1056.9365	1635.2001	1028.9043	1626.3015
1326.2236	1717.9406	1324.8413	1735.9878
1404.9237	1369.9844	1405.2799	1391.0122
2844.3662	1525.8743	2845.4868	1538.0472
1063.176	1368.9924	1062.8168	1407.9891
1351.3281	1226.8987	1352.7775	1202.9866
1490.2926	1381.2356	1478.5023	1345.8326
1493.3087	1402.0122	1493.0248	1385.9995
2171.4397	1503.959	2172.8423	1519.0146
1880.8236	1544.0217	1883.5306	1565.9344
2842.0	1510.0065	2828.9902	1510.158
619.00073	1692.1265	717.00323	1691.5762
1073.5818	1424.9045	1070.1473	1403.9758
1537.2996	1263.0323	1538.9264	1247.9921
2618.9106	1571.8165	2634.9702	1570.6052
686.30975	1630.0331	686.5631	1620.0143
1134.7367	1426.7288	1119.0017	1442.0018
1410.1213	1341.9958	1410.0259	1362.0001
1861.4553	1836.0155	1860.7051	1858.024
2715.5955	1530.9259	2718.3547	1553.0803
856.97986	638.90704	858.87744	618.07996
991.0493	1368.869	970.89325	1361.2836
1146.001	425.99878	1136.3748	418.51773
1193.6879	1675.5125	1205.2499	1691.8229
1003.21277	1472.9576	1002.5132	1485.9739
1393.9738	1299.0325	1385.1177	1291.8549
2605.9058	1600.9324	2608.6738	1638.0243
1386.2017	1270.7411	1374.9922	1262.0101
2674.2507	977.03046	2675.9558	962.9946
967.0185	1445.9421	945.93115	1439.216
1256.2362	1139.0293	1254.2478	1155.0308
1426.9987	1639.963	1462.9862	1638.6274
2146.9182	1884.8617	2135.401	1891.6772
2169.897	1910.0015	2169.671	1893.9905
2653.5571	1693.9519	2654.8572	1709.0123
1145.2515	455.61893	1156.5929	463.1014
1920.3558	1511.0265	1919.7775	1496.968
2356.8474	381.95142	2351.757	397.92255
2764.7122	1703.026	2759.387	1643.9651
1206.9165	1481.0059	1206.0748	1468.9948
970.9129	1504.9633	970.606	1514.0542
989.993	1778.8816	976.9795	1779.6543
1319.0122	1681.0381	1318.4329	1666.0219
1407.3997	1641.9626	1408.6204	1655.0354
1055.7268	1595.0825	1061.7621	1615.0719
2110.1936	1707.4513	2093.1921	1701.4553
52.939865	1111.9941	50.13605	1141.0132
1302.6559	1651.8739	1296.7769	1667.9182
2610.1428	1651.9932	2611.0037	1669.9999
957.9078	1460.9974	957.5485	1474.0151
