3071.4841	208.84894	2676.1016	352.25153
3075.743	257.4375	2856.5789	322.1902
3021.958	291.21487	2882.9565	322.8084
2801.758	280.53143	2902.0488	250.50299
2998.3074	336.1663	2747.5425	402.26376
2941.6921	324.9355	2750.8752	380.10992
2943.1516	317.5269	2895.0989	331.3442
2818.3376	349.43674	2622.1284	395.54648
2892.9092	331.68143	2814.7048	353.9638
2988.0657	255.2286	2963.1104	262.38474
276.93237	428.384	331.35794	437.96722
3054.205	243.70041	3027.18	251.61421
-0.24588491	381.06506	72.38677	395.98526
241.16432	398.63547	335.26437	428.4736
2929.1443	333.5155	2865.7898	351.24902
3048.5613	315.35992	2891.309	357.4169
196.10335	414.08792	372.5543	469.06012
307.03085	487.1219	483.76254	541.98615
2647.448	399.51007	2593.727	415.4502
2987.1484	309.53406	2887.0972	337.3496
2920.0225	340.07986	2854.1616	358.57526
2925.213	342.7642	2844.1006	365.3608
2877.3628	380.27936	2792.2495	404.40747
3056.9197	289.7193	3006.9988	303.9957
2899.0537	354.19238	2870.074	362.26532
3049.9138	287.70654	3034.1033	292.3513
3069.913	541.555	3031.454	549.2653
2696.2727	423.51166	2631.2727	442.51205
2954.0342	297.11792	3001.1287	283.44324
-1.7600478	291.79422	83.605705	315.85062
177.29517	474.2227	481.7114	570.75665
415.89047	526.3349	460.6784	540.9833
2798.951	381.8299	2769.1194	390.41504
401.2266	528.324	450.09906	544.70447
2591.0674	451.24057	2556.9478	460.81403
2970.068	326.24048	2921.9578	339.85114
3024.943	302.80093	2996.943	310.80106
-0.41945636	328.19006	124.779305	370.60333
177.39476	464.9265	477.5574	559.2257
2712.0273	414.0992	2682.1025	422.37085
2821.0115	337.03284	2808.1863	341.53104
2964.2117	323.7327	2934.1218	332.4215
3017.0183	336.06738	3068.0667	322.24655
13.92539	366.21564	79.97653	389.06784
128.01447	721.94293	89.92569	712.29333
239.0037	442.9889	264.8133	451.5621
175.19174	481.56415	486.75592	579.77435
2696.455	332.34735	2630.8337	354.5075
66.29576	361.0356	112.33873	375.15622
182.03033	446.904	311.09906	487.68652
174.49963	488.53436	427.94034	571.1829
596.5831	598.81964	709.15686	640.57715
2665.1797	415.62137	2639.0525	423.18173
0.6665191	395.11356	47.920673	409.2649
206.07886	450.75275	266.04013	469.87415
176.8016	495.6164	346.5932	550.2639
2437.9993	441.99728	2462.0264	435.0914
2743.092	382.32034	2700.1833	394.63892
3009.4695	163.75986	3067.9675	153.80974
3010.0347	342.1282	3068.11	326.40668
324.0459	499.85593	377.98776	517.0384
346.90125	541.3181	407.0072	559.97675
0.907757	391.30502	52.983906	407.05322
0.99459684	347.0157	97.85834	380.4109
178.90031	457.31512	304.94183	497.18384
3010.1958	334.61935	3068.959	316.03162
58.871704	443.41068	0.90580064	425.3015
0.59515417	339.5531	101.436806	379.42444
74.05798	353.82285	120.04091	368.87503
185.14363	451.5494	324.96136	496.12115
424.92783	573.2262	475.8489	589.4736
0.9179375	423.262	58.244896	441.21814
0.9287529	350.19528	25.889858	359.3019
179.77234	453.7207	295.87506	490.3955
3070.0066	526.02783	3013.891	539.54785
307.9415	498.17996	399.06335	527.8051
2502.8755	496.53162	3069.6736	345.7728
456.10608	557.6726	478.0687	564.78796
1.0523021	435.8316	76.25208	459.18842
203.06558	740.7401	146.39406	726.43854
349.13705	549.5511	396.95486	564.1478
0.6425995	407.19907	43.321823	419.9203
0.88075566	427.3816	60.04097	445.8689
44.99238	423.02383	1.0141387	408.9558
2516.1206	430.3294	2452.2546	453.69604
3032.592	553.00385	3068.7778	545.8731
3070.3035	550.2303	3046.7627	556.0381
0.73923516	402.8513	39.12012	414.60785
0.7906483	431.6794	58.826664	449.56253
642.80273	602.1413	597.7656	594.3556
0.982709	399.0574	43.99499	412.01663
69.91721	709.31793	128.1362	724.4769
409.16708	560.5107	434.89874	569.2965
475.20255	558.392	443.10068	547.69775
2639.7192	729.624	2693.7153	718.6047
2703.4758	265.24347	2744.685	252.94461
0.5231935	412.43185	50.62817	429.11664
1535.0726	962.005	1535.0309	945.99994
0.9512918	419.1543	56.421825	436.66364
147.8555	729.58417	203.18063	743.2698
450.2487	802.9931	401.2724	790.8971
32.852535	367.4135	0.98270285	356.0485
162.06781	681.73553	198.0127	690.9505
1888.6191	665.6137	2363.7449	535.0714
3069.5627	130.61359	2536.6047	298.74692
2478.4304	438.82596	2508.5486	423.13358
48.861683	428.43637	0.923572	413.24112
202.74088	748.0907	145.41302	734.47064
2737.5706	259.51553	2707.122	270.9801
49.79832	432.63376	0.9697371	417.0951
2642.869	758.3557	2696.8694	747.3585
3037.9817	740.9101	3069.5066	734.48596
57.910442	451.29453	0.7244171	433.90634
2723.784	741.9652	2780.803	730.0565
3006.946	315.8207	2975.1165	325.38754
3058.0332	169.12167	3030.968	169.92168
78.96541	462.12158	0.22647996	439.71866
38.79442	416.6771	0.6658683	405.1005
59.729248	447.8668	0.85144025	429.47562
56.09541	438.69867	0.926819	421.23114
2720.7222	712.7057	2776.9226	700.6391
3070.2073	348.77768	2376.6274	533.6022
3070.868	137.99942	3070.547	211.99803
1486.8428	776.4281	1847.1108	677.403
2592.845	304.55545	2628.0916	292.2622
358.06094	1171.5587	405.13007	1178.0581
2216.741	816.7762	2261.8372	807.23035
0.84572625	443.50253	46.178383	457.4189
127.67154	474.80103	130.96027	452.84427
1402.9723	960.028	1403.2003	943.98865
2150.447	797.6093	2193.462	785.6631
2464.852	766.29846	2515.6995	755.5746
2724.7761	771.8307	2784.87	760.32184
127.63786	729.45966	68.786964	714.85864
191.06558	802.71533	139.06111	790.7347
675.34015	1177.943	677.4139	1153.9493
3071.065	243.00113	3070.2158	292.00375
233.18234	699.94525	67.46211	653.93744
420.2914	826.93475	422.13394	806.9203
513.09784	818.6116	467.23688	807.05963
697.172	918.92236	698.9638	899.80914
1491.0062	1014.00006	1491.1256	996.99384
1491.832	941.0297	1492.4408	923.98004
1546.2305	903.9464	1515.3568	911.46533
2643.824	788.10114	2700.7947	776.9506
442.16763	836.31134	397.87128	825.5288
439.93396	861.283	395.77164	850.9787
694.89984	942.8979	696.66534	923.8761
1854.1486	679.5459	1381.3408	808.25195
2507.7295	232.03462	2456.5447	246.37476
2635.722	690.7073	2691.9177	678.61743
115.70033	785.26636	62.09881	772.58246
92.17345	747.8902	95.09803	725.8801
119.00406	757.98346	65.52063	744.8757
194.99864	776.0058	142.82463	763.74634
217.80374	703.76245	153.91806	687.31836
386.6508	1132.8577	389.39603	1106.8308
484.46548	841.95	486.25278	822.8366
934.2097	975.931	935.7837	957.89386
2153.7615	829.82587	2194.8923	821.4699
2673.878	1124.9415	2729.9397	1118.4766
12.009457	1120.9349	67.15325	1128.945
142.05531	683.7868	84.06733	668.7405
174.8161	746.78424	196.05515	751.7649
502.99042	876.0421	462.7928	866.91235
2262.2683	810.2384	2216.2615	820.2071
2393.864	780.328	2441.724	770.63696
2466.8235	794.1016	2517.6294	784.1142
2620.2307	303.777	2588.0945	313.31805
3019.1946	542.8057	3068.4595	530.90186
120.60271	753.7456	124.60827	731.7466
466.15024	809.3889	513.25305	820.9707
506.14474	851.372	462.1757	841.2377
152.91919	684.31366	224.7859	702.83093
400.88715	793.4553	450.0869	805.6493
511.27502	815.8113	513.341	796.9279
731.646	1185.9816	732.8456	1162.94
117.01766	780.8542	120.276985	758.8927
1.3567282	463.84283	885.4935	736.3991
398.53622	749.0203	463.70242	768.0206
2199.2998	745.32794	2260.1338	731.5921
2467.9194	822.5831	2518.947	812.7256
2758.8687	1114.8683	2785.8538	1111.739
3070.8442	287.99924	3070.6145	334.00308
3070.5059	440.0	3070.505	525.0
112.60044	808.93463	116.37048	785.897
138.83748	793.7052	161.04103	798.82196
145.61334	739.46094	168.15187	745.4262
167.87013	800.5772	188.92902	805.3155
571.1861	616.1214	575.402	574.9388
753.4964	908.96045	754.99866	889.8427
932.84326	996.9887	934.1338	979.0817
984.40326	934.9522	985.69	918.895
2129.0593	761.2585	2190.0625	747.2721
2457.204	249.73335	2508.4136	235.48613
2509.4932	263.15698	2457.57	277.4367
2787.9453	1111.5835	2816.8403	1107.7848
148.1422	481.71118	154.48346	440.9197
168.81322	766.85986	171.51947	743.94324
422.8057	774.8632	420.74536	792.8563
2196.293	824.42395	2153.2634	833.2796
2418.8967	1155.1259	2471.867	1148.8722
2462.9868	487.9538	2431.5732	496.99265
2437.5586	478.78958	2472.0112	468.03574
2814.135	1010.004	2736.9175	1020.3868
94.69497	755.27203	117.80487	760.8137
671.911	1219.775	653.91864	1217.7086
1401.4003	1011.06555	1402.2013	993.9626
1406.4819	942.99567	1406.5314	959.9985
2218.8325	843.1925	2261.65	834.31244
2451.8218	510.3258	2493.7964	499.22968
2495.8918	1146.0924	2545.897	1140.1356
2686.0881	638.38135	2618.241	654.04376
2762.8442	1152.6415	2820.8838	1145.9857
66.89881	1131.7313	8.7664175	1123.6882
142.80057	766.81836	164.94753	772.21533
424.40143	793.1317	426.1974	774.01855
672.12836	1216.9265	674.3259	1190.8589
1361.5981	1019.0195	1362.7717	982.96
1643.3354	881.43823	1612.3865	888.65717
2212.9583	781.8157	2259.0833	771.3671
2394.8115	835.9904	2444.9324	826.6378
2675.905	1162.1398	2735.8374	1155.5261
2977.7107	166.06125	2928.7397	181.15569
3050.9224	1824.7554	2900.9941	1818.1311
90.84406	1132.0256	119.10305	1136.3223
98.76887	727.9247	121.82794	733.68835
104.28866	676.85156	140.98131	686.0744
154.13892	485.54648	109.358154	471.83066
356.15463	1203.9355	379.10608	1207.2698
405.97226	1181.1996	357.92746	1174.5219
938.18713	922.96	938.9775	906.90045
1617.9072	1214.0414	1617.4524	1191.0109
2051.1577	787.6756	2005.8275	798.26117
2370.4114	536.4928	1884.1394	670.5059
2723.1262	1021.90515	2652.114	1031.8165
164.97577	791.8496	167.89296	771.98425
375.05817	1237.8939	378.09933	1210.8986
724.16846	872.34076	686.7981	862.79
728.90753	1227.8182	711.89874	1225.8964
1425.3436	910.45856	1329.982	932.92395
1833.6664	865.53076	1869.845	857.317
2017.7633	858.86365	2055.78	850.9446
2272.9155	1205.2789	2293.9783	1202.8146
2293.522	383.46063	2356.0176	364.057
2357.339	527.28754	2293.7456	544.0335
2388.9985	743.9934	2438.7937	733.06055
2394.7666	807.82697	2415.924	803.6185
2782.0605	605.2593	2604.193	646.8262
2817.982	1060.86	2747.9807	1069.85
3047.1533	558.6727	3069.1506	553.6615
60.917015	1166.598	16.795267	1160.4753
68.71931	720.0581	92.18984	726.28436
88.161766	773.87256	91.35081	752.9013
144.05827	1177.5651	89.95777	1170.3151
170.88097	773.49866	192.82414	778.7367
539.62897	779.4626	399.27542	743.85614
471.93185	1190.4631	426.87723	1183.8345
787.82007	694.5588	708.9491	669.15796
717.70496	904.0917	702.7186	900.04114
929.37286	1308.9604	930.75995	1286.9849
1535.4102	931.0242	1535.7196	912.978
1534.3998	984.0378	1534.9141	964.9707
1669.8405	932.9836	1679.9065	931.40393
2256.9211	500.85565	2276.6006	490.0989
2519.0535	666.2398	2361.3066	701.37634
2421.8733	802.32117	2442.7073	798.43164
2484.4966	333.2269	2445.9324	348.83304
118.146255	1170.9438	143.0835	1174.3971
901.3646	744.8188	1.0356423	466.88455
399.76016	802.988	419.07822	807.6778
438.58618	884.9521	447.04965	811.8899
469.00558	1221.9579	423.87064	1215.976
688.8239	1252.403	650.919	1247.6453
1416.563	711.5272	1461.2233	670.2415
2248.8813	1174.0062	2294.8232	1168.5205
2823.075	998.5472	2637.004	1024.028
2777.0002	662.00165	2712.8577	676.36475
122.190346	1136.775	144.12685	1140.1837
366.85123	1085.9153	430.78726	1096.3086
411.8816	1136.8751	414.89667	1109.8768
479.4497	892.0341	480.81805	873.9862
595.2999	577.61115	618.5963	566.1775
697.01355	1182.0015	699.5255	1157.8467
1402.3793	991.0076	1402.7218	973.9743
1491.4341	992.9968	1491.6483	954.9924
1835.7727	945.91406	1867.8331	939.2028
2154.824	856.15796	2195.9106	847.5726
2189.3425	755.45337	2141.4128	766.7513
2180.886	1182.0452	2225.8425	1176.6802
2217.8816	870.41486	2261.9016	861.513
2508.5925	201.60583	2452.3076	218.05263
2516.9385	758.70325	2464.139	769.6687
2605.1118	459.39642	2517.0686	484.24292
2732.0234	1072.1898	2663.9487	1080.5847
2606.6833	823.33966	2817.0413	783.21594
2827.041	1187.4194	2759.006	1194.0615
61.896614	775.42725	84.05122	780.7883
83.55329	800.9187	87.17144	781.0312
114.99367	814.0274	57.80752	800.8343
192.71161	797.9511	196.28206	776.87836
425.6792	809.27655	443.08765	813.65125
427.17023	1180.8375	472.08575	1187.4143
488.1716	809.0159	489.94608	789.90216
691.8871	1222.8125	675.9176	1220.5928
722.7269	870.88153	724.57166	851.05316
2061.0928	1201.8822	2041.9886	1203.892
2182.917	1215.2468	2226.9336	1210.3967
2646.8516	1029.9371	2726.965	1018.7504
2788.6519	408.75098	2707.8003	431.2834
414.27	877.0374	417.0629	856.87024
422.88907	834.43866	440.99545	839.01794
578.1858	500.3204	476.24695	559.4259
715.6868	947.9699	722.2383	879.8306
720.82434	851.83344	718.56274	867.7964
728.53644	1224.8777	730.6254	1199.8851
980.26697	1007.953	981.3524	991.0226
1978.8721	867.4511	1997.0496	863.2128
2057.1804	853.84656	2017.2878	862.3502
2041.9347	1200.4233	2059.8184	1198.3965
2255.1448	740.63153	2203.345	752.5048
2289.157	545.60175	2142.2375	583.91144
2423.9368	1189.3964	2473.913	1184.1686
2509.1128	678.50555	2448.2415	692.08215
2497.8418	1181.593	2549.8594	1175.7483
2459.1572	280.5755	2509.244	266.89252
3070.48	557.4063	3054.3247	560.62836
43.066273	460.9261	0.27521092	447.27133
65.946495	748.22253	88.10802	753.5507
135.11276	490.63434	86.77553	475.7279
130.7266	453.869	114.736305	448.83813
150.64857	702.25366	172.86505	708.48145
161.55489	817.9398	164.2471	798.03345
196.3571	770.8998	199.64697	749.7891
506.75558	1103.4213	362.71603	1078.6512
382.21936	1173.7988	385.26904	1146.8044
459.66708	772.2888	405.89664	758.40015
802.59717	849.4948	683.6144	817.4311
751.51996	931.95325	753.3816	912.84235
832.67554	653.6683	893.4318	629.06647
935.9526	954.92706	937.20996	936.8753
1285.2183	368.92105	1277.629	444.06354
1524.1346	1224.0133	1524.3812	1202.9928
1666.9305	979.6246	1694.899	974.4539
1785.7875	908.02783	1796.9116	905.59595
1976.1969	870.80597	1959.9452	874.7759
1963.9098	1240.967	1978.9696	1239.652
2153.7927	882.97925	2195.8848	874.43195
2701.154	433.57962	2610.8894	457.58395
2791.9915	769.9566	2622.845	803.211
2625.8125	1016.6342	2832.0435	988.3174
390.88568	1105.6711	369.8157	1102.082
453.48138	1141.8519	455.81882	1117.8848
481.833	866.9844	483.61398	847.96387
666.99164	1274.9994	668.84265	1251.9072
698.9673	899.1221	681.8558	894.5385
1305.3362	993.98065	1308.4264	887.95416
1396.8497	1242.0105	1397.098	1221.9888
1654.8436	1246.4269	1665.9329	1245.3248
2447.8716	354.62567	2479.2927	343.85422
2695.1138	721.5492	2640.191	732.92194
2693.9473	680.75256	2631.9922	693.96326
2714.8792	673.46735	2773.7937	660.09125
89.70551	782.2214	113.0369	787.8469
397.8891	828.44116	416.00153	832.9939
502.58524	898.9539	510.59317	826.84375
465.14526	764.8992	529.7234	783.93823
676.03906	1217.6769	692.1661	1219.6261
1363.0079	969.04974	1363.8031	952.9409
1680.5259	976.0036	1680.6499	957.9907
1783.8059	955.98914	1814.8151	950.0366
1959.8182	871.0677	1975.7958	867.9526
1998.1101	866.52496	1979.107	870.5103
2249.865	1207.8347	2269.9429	1205.5074
2368.947	706.75977	2436.9424	691.73883
2442.931	773.6597	2393.1545	783.7613
2416.8596	1109.9092	2468.899	1103.2139
2545.1458	1096.1273	2485.9714	1103.7782
2699.2654	750.3313	2642.144	761.72253
2652.1033	638.4427	2773.0542	610.2328
1898.9163	730.67053	3069.8186	433.2857
65.199615	799.16693	113.086075	810.64075
100.83858	689.5901	127.06446	696.76434
137.09023	815.6157	189.04367	827.814
379.8286	1210.3197	354.8601	1207.0774
378.64664	1205.8461	381.7283	1178.7417
424.16272	1212.8153	468.15692	1218.8575
908.8648	721.99054	911.4636	684.96234
1534.6228	1005.0032	1534.7091	987.99347
1539.2322	912.9903	1539.374	930.9892
2445.157	689.7177	2515.0906	674.4142
2474.082	1054.5802	2544.0962	1044.681
2771.1213	618.522	2701.1838	634.7904
1361.5072	1039.0013	1361.5204	1023.9987
1401.429	1031.0182	1401.6328	1014.9953
1617.6272	1249.9994	1617.637	1225.9994
1767.9861	687.9493	1480.0217	767.07916
1960.7886	920.90967	1995.8285	914.1153
2042.9426	1232.2126	2061.9146	1230.8291
2262.0762	837.3556	2218.368	846.7179
2522.0337	822.17883	2377.8894	849.41504
2668.902	1077.2009	2727.8733	1069.9677
2595.885	640.515	2790.1016	594.42834
2793.9543	588.80646	2589.025	637.10596
520.8384	913.7136	388.81497	883.8171
688.75684	1279.9781	696.5781	1192.8723
702.1438	863.09326	703.4594	846.95593
703.0012	896.9958	718.1681	901.4243
931.1876	1281.9498	932.54846	1259.9104
979.4207	1289.0256	980.76904	1266.9249
1492.4214	1265.0061	1492.7582	1241.9818
1521.8198	1009.2205	1537.8857	1005.5058
1667.075	1248.8844	1655.0763	1249.9009
1811.1196	842.5203	1775.1805	850.7851
1834.8973	1225.2378	1849.8944	1223.2168
1991.3354	801.4201	1947.4238	811.79395
2021.8604	1202.9803	2037.969	1200.774
2022.8588	1234.7876	2039.9758	1232.7931
2118.8337	915.13104	2283.9167	883.56415
2467.1663	318.5208	1438.3472	646.95514
2517.0852	787.42804	2465.3452	797.7329
2784.1135	763.6009	2718.981	775.89923
449.53925	809.9516	400.6136	798.401
462.90848	768.34015	405.06097	752.77344
521.8616	788.53424	472.78824	775.8172
715.9152	927.3366	682.04895	918.8056
1373.7919	967.0585	1374.773	936.9926
1619.8633	989.3776	1636.9193	985.6325
1870.0032	947.0158	1765.2869	968.4045
1982.903	1239.1306	1999.8041	1237.2445
1981.9287	1207.2869	1999.8497	1205.496
2440.1055	735.5021	2387.8875	746.46436
2456.2515	220.8324	2507.1401	205.46425
2782.994	732.9707	2724.0874	745.41406
2763.9893	1190.8955	2826.9463	1184.4728
144.97607	1143.1661	90.803825	1135.3617
64.71463	275.79694	162.11624	310.67538
188.76704	826.113	192.18861	802.8805
550.56226	771.6057	388.34988	727.3848
477.63522	1146.9614	480.3871	1120.9352
669.6231	1246.8956	671.5949	1220.8934
1345.1688	1047.031	1347.6122	954.93665
1560.4294	878.854	1451.264	904.13983
1523.5394	1260.9971	1523.6792	1238.9916
1990.0378	1131.2753	1954.877	1136.1044
2137.0962	585.3407	1955.1857	636.6583
2016.7825	909.8916	2054.885	902.41364
2359.915	868.5416	2544.866	834.2768
2734.1304	1017.9677	2819.2034	1006.5109
247.29782	690.53107	55.366184	637.28467
355.0568	1237.5476	399.11572	1243.078
414.94595	1109.3607	392.9894	1106.0706
511.48975	825.1754	465.22058	814.3231
733.6308	844.40094	689.77734	832.84485
726.39	1253.883	728.2071	1228.8698
981.5076	987.0387	982.8183	969.8338
1548.0511	1011.2506	1460.8087	1029.0634
1652.8694	1210.1045	1683.9376	1205.5723
1827.155	664.5375	1754.1676	685.5813
1836.8046	897.0263	1849.8801	894.40247
2014.777	826.03394	2055.1646	816.71277
2264.144	723.6332	2123.89	755.51556
2265.0056	870.02826	2134.7869	895.929
2195.9734	850.8735	2154.146	859.6925
2836.9368	981.5649	2621.1357	1012.9344
2779.1262	703.5944	2721.1887	715.8895
2751.9395	1066.5336	2814.9187	1058.3732
3070.848	538.99744	3070.93	566.0002
28.906288	1194.9877	31.93838	1171.9918
44.43644	1078.0686	48.719402	1050.7988
35.065098	1160.378	60.104794	1162.9988
134.58914	698.8011	118.06462	816.0091
653.27026	1214.1881	672.14856	1217.0042
699.2521	894.93835	700.7323	876.97797
685.3118	864.76605	725.28625	874.86707
724.0203	1282.9174	726.052	1258.8357
1282.5846	970.8128	1287.7871	903.6735
1495.6105	954.95795	1495.124	971.034
1781.8453	877.3615	1816.0206	869.08496
1819.8975	1256.8766	1830.8971	1255.8727
1864.2534	830.08826	1827.6757	838.60767
1854.8586	893.4026	1869.7355	889.882
1956.7012	838.6488	1995.2482	830.12213
2459.09	1798.8567	2035.9966	1781.0823
2529.1677	650.7197	2348.204	692.8766
2550.1323	1036.9169	2387.204	1060.4154
123.90957	1089.8447	127.61902	1063.8033
443.35458	1246.9417	445.70898	1220.8833
703.3574	668.0785	630.16943	645.45197
749.82416	953.98663	751.19916	935.86334
756.43713	876.98737	756.83984	859.0188
776.2635	883.01904	777.6445	863.9021
1279.3838	1105.0403	1281.1357	1044.9457
1420.0825	921.35144	1332.0106	942.0454
1355.5867	1282.0082	1355.88	1260.9844
1633.2577	1248.004	1633.6183	1224.994
1665.7295	903.81683	1697.8778	896.46545
1693.2196	869.9438	1660.8767	877.4704
1680.4935	898.99445	1680.7012	879.9858
2522.1208	309.4676	2493.694	316.81674
2551.1218	1179.073	2497.1367	1185.2037
2636.5564	704.8748	2638.733	731.94104
2721.1265	1037.1053	2697.0977	1039.8536
2808.1096	1024.9492	2782.11	1027.9532
437.88715	1097.6841	498.06396	1107.6123
651.07434	1244.4552	670.12897	1247.0547
745.0034	1259.9744	708.84503	1255.1654
1478.7474	1018.03625	1492.8286	1014.34607
1504.7067	939.00836	1504.4996	906.99677
1700.2745	855.1628	1598.2936	879.2435
1766.9282	1262.6614	1778.9473	1262.0167
1962.844	1209.6503	1979.962	1207.6718
2548.152	1143.2482	2495.0864	1149.7097
2679.9429	1199.4325	2739.9385	1193.3894
2639.9148	1236.0315	2860.8755	1216.5857
139.73068	689.0406	74.68774	672.2065
83.95933	666.1604	142.96902	681.12213
453.74298	440.48837	433.17636	429.6649
449.60208	1181.8616	452.1703	1155.9178
682.7541	920.06433	681.0378	940.1739
688.11176	521.38556	675.96783	519.1768
752.9471	912.23145	736.87286	908.556
752.4766	1189.9547	754.5531	1165.9613
956.1347	929.9486	957.26294	910.95624
982.85626	964.99115	983.78357	949.9251
1479.6552	1267.0042	1479.5878	1245.0012
1492.8613	1229.0331	1493.431	1196.9899
1697.2834	981.3635	1600.8763	1001.4054
1666.645	1274.002	1666.6091	1249.0006
2018.7904	883.9653	2034.9381	880.6943
2061.1094	1233.9792	2023.026	1238.2329
2444.256	801.2598	2395.2495	811.2266
2551.0994	1215.0029	2493.9666	1220.6632
2538.1265	1062.0043	2516.0977	1064.7758
2611.9355	652.7264	2686.794	635.1238
90.184814	1167.5055	116.1586	1170.7174
213.95573	708.17334	153.7925	692.81274
400.57013	1242.9532	410.69098	1149.8577
455.5547	780.0591	443.83398	890.08887
786.7027	858.16364	744.8779	847.4778
985.9976	1703.997	883.99817	1703.7516
933.02545	1254.9492	934.2272	1231.9076
1125.2623	1757.0582	1134.8691	1548.9478
1271.1466	951.0397	1272.6012	909.0208
1321.3888	1117.0518	1326.9738	1075.1298
1395.9816	1276.9996	1396.3921	1256.9875
1433.6876	705.7697	1480.2538	664.16486
1479.9591	1230.0112	1480.2046	1208.979
1633.5424	909.0026	1633.6294	890.99335
1684.3081	912.99365	1684.3909	929.9981
1818.8954	1226.8427	1831.9692	1225.6603
1826.8499	1557.0253	1826.5198	1541.9886
2058.0818	910.4058	1940.2352	934.16656
2036.8643	880.4081	2055.0542	876.2367
2396.8328	1065.8236	2465.998	1055.9856
2444.9106	343.86392	2482.368	324.76044
2472.1577	469.09363	2461.6506	486.79266
2695.0068	686.02576	2630.7888	702.9869
2740.0151	1196.1519	2674.9604	1202.6012
38.37278	1122.9082	42.630802	1093.7997
148.73174	459.7388	136.84634	455.42316
440.0089	887.9605	393.1416	877.3732
437.8504	425.41504	457.1292	435.7592
673.0819	1247.9427	688.0694	1249.1038
745.2378	1287.0186	751.9636	1200.9191
1666.4607	1206.9961	1666.6278	1183.99
1946.8153	638.3421	1773.7052	686.9501
1851.1201	897.57336	1837.1069	900.5103
2058.1084	771.4593	1932.2656	801.1265
2363.0	1542.9241	2378.001	1542.9071
2432.1367	695.6183	2376.2166	707.9798
2489.949	1100.62	2544.8987	1093.2451
1098.8702	646.3579	0.26499307	248.02716
503.9931	902.03204	458.7226	892.2889
593.395	609.0419	596.6772	578.0718
663.7792	1147.2128	704.43427	1154.615
746.8756	1230.7643	732.91974	1228.4933
927.9043	732.93445	930.7659	685.10565
1413.2026	1038.0287	1331.8142	1054.0564
1666.5045	1301.9856	1666.7357	1277.9878
2055.1519	1130.2883	2040.1246	1132.0583
2274.9822	708.9237	2112.177	746.7619
2227.0852	1213.7626	2182.199	1218.7793
2472.1545	1152.2893	2420.1816	1158.5156
2451.2285	694.04767	2509.8384	681.2596
2630.726	696.7303	2693.0618	683.28595
2720.1233	1027.8492	2657.1438	1036.9913
2736.1055	1158.9601	2676.1687	1165.5367
2823.1353	1149.1982	2762.1226	1156.0864
2802.8489	1005.8845	2748.891	1013.19574
33.841114	1158.844	37.89531	1128.7168
160.18459	438.02356	154.30952	484.03952
153.85089	689.5745	215.37796	705.54376
189.95914	403.0282	159.3792	358.7382
423.9123	1102.5491	369.8538	1093.9154
446.4377	1213.947	448.79846	1188.8868
485.12482	1266.0175	349.15903	1248.7479
673.56537	803.9595	659.1809	958.11017
700.34247	845.8121	698.41394	862.8202
700.3672	920.4623	716.18176	924.2388
770.1262	961.0099	775.45	892.8789
1304.9753	1017.1072	1198.1051	992.54254
1437.1306	649.03674	1447.1398	613.47644
1473.7489	1022.00757	1474.6954	927.9768
1538.4291	944.98676	1538.5775	961.0039
1619.7986	914.1127	1648.8892	907.51135
1684.5659	956.98584	1684.3877	975.01373
1851.381	941.0384	1850.9303	922.0253
2066.9763	759.8961	1922.9734	792.88403
2212.1663	873.9914	2206.3547	761.92975
2217.0735	1106.1525	2201.0115	1107.178
2270.993	1208.9384	2250.1533	1211.3334
2285.1062	1097.1163	2270.0522	1098.5483
2296.1187	1205.9606	2274.0845	1208.6842
2461.9504	1072.6082	2443.1257	1074.9926
2733.076	1121.6675	2674.1565	1128.3739
2697.6997	632.7083	2777.0605	614.2602
2747.1736	1072.4406	2817.1216	1064.0077
2819.132	1111.0801	2758.1868	1118.5284
2757.9932	1196.9288	2828.018	1190.1873
63.271526	746.0348	66.74271	718.967
63.711586	1165.0939	72.58732	1097.8136
561.5085	625.61774	533.6496	617.1533
535.8552	931.98615	551.2918	770.9321
628.04675	642.80914	572.9232	629.3135
779.7638	1150.4318	655.8371	1129.9874
902.71625	1630.9097	904.0507	1611.9332
930.2162	684.4918	950.7629	675.4606
1468.5944	669.5462	1418.8807	713.98535
1707.2606	843.1001	1590.4204	870.7751
1633.4768	1212.0071	1633.3508	1185.003
2469.9836	1105.8705	2412.021	1113.1672
2512.0774	1065.5723	2488.1094	1068.8092
2692.1018	1040.8634	2666.1094	1043.9276
2710.8333	679.24316	2777.141	664.64075
2849.0	1530.9922	2874.997	1531.2708
31.055775	1195.5399	58.889248	1198.9137
97.71505	1087.4363	125.02872	1092.8552
152.32263	1095.0543	156.90398	1067.8157
478.9611	1120.1987	460.87143	1116.6567
467.85034	1250.9855	476.77527	1158.8813
460.2435	889.8767	499.14954	898.3101
499.3471	880.92834	497.58887	896.9549
900.7898	1657.911	902.1121	1639.9347
1325.2094	929.97205	1320.3684	1067.0131
1391.7446	964.7974	1416.8849	959.458
1406.6166	973.93365	1405.8922	989.0428
1553.0734	890.3161	1459.2521	912.0863
1495.9518	922.9612	1495.3186	940.0489
1633.4818	941.006	1633.6934	923.98376
1653.9514	1304.4529	1680.0125	1302.1401
1680.524	931.0025	1680.6093	912.9934
1684.6115	878.9911	1684.1528	899.02637
1683.9823	1270.9995	1684.6421	1247.9897
1751.9413	984.68427	1885.7804	959.8179
1765.8906	1233.1569	1776.9637	1231.7207
2283.0935	1088.6787	2234.906	1095.3175
2231.911	1088.3901	2292.087	1079.594
2474.1704	1187.6088	2422.224	1193.1152
2369.7532	691.88885	2527.2039	656.91797
2621.2449	656.05524	2685.787	641.08264
2763.1265	614.5376	2696.0752	630.3199
118.2332	1134.8937	122.27207	1105.7605
150.9879	1109.0621	96.31074	1098.4056
423.89304	1245.8276	466.09286	1251.2815
769.11316	939.518	755.90216	936.4168
1020.78784	768.62646	931.81616	738.4956
978.18005	1315.9515	979.4835	1293.9103
1042.7037	1634.7937	1056.3279	1615.2283
1114.6445	1683.9872	1110.7578	1791.9913
1211.9437	505.72665	1201.8567	544.70416
1241.186	1096.005	1242.8131	1035.9949
1405.042	1014.99585	1404.9725	1031.0043
1405.653	992.974	1405.3235	1010.0256
1538.5215	987.993	1538.4457	1004.00684
1666.5565	1245.0006	1666.5825	1220.9984
1881.2437	802.03143	1749.2859	833.2101
1798.5035	952.0061	1798.7336	932.9847
1850.1012	1226.948	1835.0591	1228.5535
2226.1345	1180.1147	2181.0662	1185.5488
2434.2944	701.34735	2379.2976	713.3624
2493.0156	1223.1644	2552.053	1217.558
2672.3872	757.1367	2674.484	781.8742
3071.0151	1835.5986	2886.9758	1828.639
184.61847	1065.0939	187.20958	1048.0319
280.84567	354.41553	398.90283	398.26163
402.84427	1213.2942	381.90677	1210.7747
656.97174	1176.1792	696.10266	1182.3488
731.08167	1188.8308	751.05334	1189.5825
770.9019	916.428	757.89734	913.44806
951.49304	1003.03204	955.65643	938.9128
1250.2906	825.0114	1252.571	766.9439
1299.012	489.96048	1298.1698	511.0068
1307.1533	884.41	1203.8511	857.5731
1411.9578	1200.7135	1328.0138	1213.0934
1387.95	1218.5066	1402.1085	1217.0687
1523.5955	1288.9984	1523.6907	1264.9948
1522.759	935.9271	1550.9113	929.605
1621.4773	1225.998	1621.3856	1250.0052
1980.0328	1211.275	1962.1688	1213.4117
2216.047	1834.1226	2257.0366	1836.3182
2249.932	1242.3138	2295.974	1237.7396
2498.9873	1217.888	2552.9758	1211.7863
2562.1128	1020.7535	2373.1533	1049.0245
2633.563	666.096	2635.2256	690.9849
2751.4163	710.7559	2753.9463	735.8034
49.06906	1049.5328	22.901741	1045.6647
152.89711	1066.5831	130.87688	1062.6978
469.83212	1835.0901	477.21515	1766.915
579.0155	575.2086	574.7747	616.18365
646.0649	1117.0057	630.1017	1299.0966
652.9386	1280.5182	690.0106	1284.9102
1220.3936	1030.0364	1218.8025	1091.021
1234.9476	1249.9698	1236.7249	1187.9635
1274.0897	1260.0308	1275.8123	1198.9666
1287.6155	825.04004	1291.0121	772.8057
1416.1058	1189.6814	1321.3711	1204.3904
1324.9486	878.79913	1887.0233	735.0914
1693.3364	1148.2249	1579.0757	1165.5007
1778.3663	1232.0667	1777.3466	1207.0675
1850.421	894.0399	1849.9407	875.0268
1979.1127	1242.9276	1963.2257	1244.8579
2322.0405	1432.9432	2146.0208	1440.4866
2295.1057	1171.8518	2248.0862	1177.6936
2639.0442	733.8144	2643.9563	787.91315
2729.0854	1084.7644	2670.1504	1091.3457
2706.8018	636.1498	2769.1414	621.606
2710.923	644.66235	2768.1467	631.6451
2741.0542	1022.40234	2814.078	1012.5796
350.69226	1064.9644	327.7287	1263.2002
402.12997	1245.9358	353.87277	1240.0417
388.3944	888.65906	517.9617	918.16833
420.4043	1111.9377	405.97513	1250.1018
738.182	932.1012	736.4679	952.1257
1365.5197	1000.99396	1365.3059	1018.0164
1367.859	1248.0187	1368.623	1212.9918
1504.2767	969.0433	1504.8899	950.96234
1682.9208	1312.2849	1583.9178	1323.2588
1687.0773	1160.5292	1584.9187	1175.4427
1680.5326	953.9963	1680.684	934.9895
1787.8475	930.8267	1796.9536	929.6431
2213.3726	793.9174	2218.0044	870.8794
2509.209	684.9536	2450.941	697.7302
2687.273	644.18726	2623.2107	658.91644
2777.03	1029.2247	2750.1118	1032.8346
74.84535	1095.4207	17.86738	1089.2183
99.2592	380.8874	55.625645	409.93967
423.3041	412.17508	458.0111	424.96985
787.753	974.0754	676.3484	948.48346
793.1061	1761.0073	811.08997	1502.563
956.7954	910.6712	941.9551	906.14746
1190.4105	522.7181	1185.3826	551.0679
1373.2334	996.0384	1373.7336	979.96063
1549.0813	1169.5287	1441.0233	1186.1512
1670.3816	1248.9966	1670.4424	1273.9989
1779.0292	1235.236	1764.8746	1236.9856
1830.5957	1186.0007	1830.5486	1161.0009
1978.8423	892.3463	1996.7638	888.02124
1959.8431	1169.7549	1998.9781	1164.8262
2297.0518	1072.3627	2150.1956	1093.3677
2461.9614	826.00287	2453.1763	707.06085
2423.944	1225.4165	2475.9465	1220.4408
2531.5327	295.04486	2503.2693	0.6861004
2747.907	680.7734	2750.8926	705.8939
2626.1458	808.7424	2792.2246	776.14453
417.56296	850.13824	419.07837	833.00696
420.81686	859.7979	437.8383	863.7045
723.935	878.2475	684.30536	867.83746
812.5638	842.5644	674.4292	804.0472
715.0912	1185.3785	732.1638	1187.8834
782.0125	966.0477	783.2868	939.01355
1223.1499	883.8434	1224.9867	955.97485
1284.9868	977.0581	1263.9406	972.2607
1479.6921	945.67456	1504.9553	939.8076
1621.3082	1188.9976	1621.4937	1212.9962
1680.9878	956.9415	1669.0859	959.41394
1669.8324	1244.7834	1683.8422	1242.8539
1960.7373	895.67255	1975.7433	892.7027
2018.9253	1162.4518	2058.9988	1156.9902
2214.0515	1098.366	2168.9607	1104.7206
2236.2156	756.049	2237.4014	775.03735
2778.049	668.2267	2710.1956	682.90424
3070.4902	404.00552	3070.815	434.002
369.0305	893.86676	535.0356	931.84436
388.01428	727.1196	368.54678	892.18243
432.1276	1139.4137	478.33295	1149.4702
620.3989	564.73444	578.59503	501.93527
698.2358	944.06805	715.16425	948.3508
1230.2588	762.0059	1228.9374	820.02136
1633.4142	985.02374	1633.7001	967.9782
1670.7429	955.4318	1679.8267	953.9426
1684.1405	1246.5806	1670.0739	1247.8307
1798.1761	908.7891	1785.1554	911.69617
2039.858	1264.0321	2039.4673	1238.008
2212.2144	762.04156	2213.2173	780.98846
2378.805	1053.7053	2561.1846	1026.2241
2655.124	1033.8939	2719.986	1024.8998
2664.0457	1083.3617	2732.097	1074.7672
2723.1252	745.88837	2725.62	771.0377
2810.1638	1016.19684	2741.09	1025.6584
116.621086	421.1272	158.88728	435.3353
438.79996	1109.1206	482.37503	1116.899
729.0293	852.0023	721.00085	953.92126
1048.1249	1662.9083	1043.6198	1755.0303
1247.9386	968.2477	1223.9261	962.2983
1542.0945	1181.6342	1448.9272	1195.5111
1510.798	1237.0015	1510.7297	1319.0015
1669.8625	1273.9215	1684.0151	1272.1184
1846.0166	1576.5337	1736.0292	1579.9431
2094.0295	1444.5854	1938.0242	1452.4789
2063.014	1587.9371	2063.9524	1603.065
2148.5632	886.06573	2143.4785	774.9324
2310.024	1446.5625	2159.0425	1452.9988
2438.097	1075.879	2416.0344	1078.3113
3066.8086	644.8822	3061.9976	611.8547
64.985886	1235.9438	51.10927	1239.4344
76.15259	773.32153	115.20162	782.10345
185.804	1048.1239	65.960686	1027.2255
427.92242	1098.4763	367.88614	1088.6992
369.18356	1097.8947	416.3767	1105.7316
702.42596	901.0431	700.4935	920.15106
940.66736	938.0452	938.01776	977.1368
998.38245	1013.0211	1001.8149	950.9345
1176.2668	518.37634	1167.481	556.8816
1220.8634	930.9964	1221.4679	908.0123
1457.7994	920.9811	1456.617	996.0097
1527.6385	1201.9944	1527.7167	1224.9976
1637.4348	923.0009	1637.3967	941.0029
1648.8104	907.0332	1647.8591	872.976
1762.8395	1195.7915	1796.0503	1191.3788
2055.1252	879.5928	2019.047	887.2224
2307.1543	1058.0446	2138.1504	1083.018
2151.994	1445.8577	2318.028	1438.6434
67.16132	994.54	28.065674	1006.21985
185.26132	1021.8517	145.24646	1005.889
518.74634	1093.462	351.74222	1064.4857
381.875	1730.5015	403.9893	1724.9573
435.91803	865.84406	433.33606	883.7602
681.17725	916.1358	696.1622	919.2093
718.9209	1145.9924	715.246	1184.1201
741.0809	874.69006	775.11206	883.57056
904.89465	1597.0679	906.65326	1573.8978
923.59216	977.0309	922.5989	996.0834
980.8712	1261.9362	982.1755	1238.8967
1002.32837	942.0095	1002.8818	922.9675
1233.042	954.9875	1233.1594	946.0021
1637.6063	889.9933	1637.283	909.0218
1670.3883	1182.9995	1670.4221	1206.998
1670.3872	1220.997	1670.4395	1244.999
1872.1996	814.8567	1759.0511	841.21954
2063.0032	1275.0299	1942.8302	1287.342
2072.0703	1094.4824	1922.7493	1116.2822
2702.1567	779.82404	2638.0068	792.0355
3070.0066	353.99985	3071.1018	402.99774
23.206913	1041.6697	81.20364	1050.6907
53.622524	636.94165	50.058647	660.00903
114.02933	1167.8682	117.834885	1139.8418
395.78503	853.90063	413.94397	858.23474
680.19696	940.1011	695.1371	943.3742
700.19336	924.0977	698.63434	943.13385
703.9223	1158.078	693.1863	1285.0157
721.8707	1156.7378	756.21796	1162.7559
937.82416	981.06824	936.4119	998.11694
996.17633	1320.0093	1000.3948	1239.9154
1245.6736	960.9878	1247.8763	901.95807
1366.5635	981.97894	1365.789	998.038
1384.9469	1040.0233	1387.2352	946.9812
1871.2101	892.9166	1853.2374	897.0358
1957.2786	627.959	1864.2809	654.96716
2299.1143	1250.0605	2163.0762	1264.7075
2119.7886	750.09216	2267.9043	715.58954
2393.5195	810.9146	2394.9817	836.9448
2381.6575	718.58954	2434.2021	705.83234
2666.73	698.82983	2669.1067	722.9895
49.102108	1363.0583	0.8756397	1367.7109
74.7166	1081.9583	78.423325	1056.768
86.843925	1202.1537	133.08002	1208.4086
209.26161	717.16516	193.96603	833.99554
291.00604	1695.0125	267.6869	1706.3564
509.93417	796.83386	507.58038	811.9346
763.0376	1300.7035	647.9853	1286.116
1027.0182	1040.001	1034.1937	902.90546
1156.7577	526.52185	1148.6155	564.7048
1263.5721	906.0201	1261.4692	965.9814
1356.5887	1249.0026	1356.5483	1227.0027
1390.6238	972.02484	1389.6444	1036.0251
1400.5532	1220.9985	1400.4814	1242.005
1670.3884	1277.9921	1670.5261	1302.0027
1672.2635	1639.018	1671.7872	1592.9918
1684.4109	933.99945	1684.3927	953.00134
2164.991	1097.9363	2216.0938	1090.6583
2244.958	1131.6997	2291.8792	1125.1359
2147.8804	1282.7594	2320.91	1266.067
2411.8354	737.1196	2410.672	716.0734
2457.9734	276.96576	2457.023	249.964
354.9016	1242.8607	401.9725	1248.2406
409.1437	1717.5372	387.11487	1723.4294
486.92154	789.84717	484.38113	807.77057
651.965	1275.2603	687.1364	1279.9841
800.5439	989.96295	812.5615	841.88324
916.44275	1697.1125	923.159	1611.0125
923.4629	1600.0303	926.92804	1546.9952
1165.2449	1664.0492	1161.6134	1756.0242
1534.1235	965.5663	1524.6993	967.62115
1637.5005	966.99365	1637.2715	985.0162
1648.4061	938.0219	1648.6874	919.97955
1651.7709	1219.9913	1652.1876	1305.004
1802.5167	932.99725	1802.4098	952.00793
1852.0309	1295.2738	1745.9136	1307.2328
1858.0673	1456.3232	1721.0149	1463.2925
1831.7515	1256.0022	1831.5227	1230.0042
2177.9539	1139.6357	2222.99	1133.9209
2437.0356	500.12933	2462.9907	492.9661
2674.9302	1205.3086	2740.0728	1198.7192
2709.8503	677.0176	2706.8118	651.1395
109.41576	1202.9225	113.13518	1174.8853
35.016697	819.9283	223.79373	863.8858
142.0056	1011.9797	127.71291	1008.0421
225.10374	860.881	247.8125	689.84235
392.60797	1651.0991	396.54834	1626.9264
518.1525	795.81464	507.2069	904.9204
681.60333	1155.9432	678.4204	1178.2031
758.0643	910.7035	771.10187	913.5303
989.35254	919.09296	988.18036	936.14984
1248.1565	518.0265	1245.0815	536.18317
1440.2832	665.0666	1455.9988	652.9984
1854.1228	1137.8503	1739.2092	1154.4487
1861.1287	1124.8864	1729.1526	1144.0505
1782.9252	1231.3342	1796.8615	1229.7675
1798.6903	929.01965	1798.39	909.00916
2063.1082	1107.7472	1934.8967	1126.2861
2000.103	1209.0385	1982.082	1210.8267
2085.002	1660.1493	1959.9989	1660.3726
2043.3287	1236.9158	2044.3079	1263.9889
2059.3582	1262.02	2059.7566	1234.9817
2742.106	666.3371	2739.2942	642.19867
142.48103	1172.9287	151.13512	1109.8812
737.25446	905.8189	753.16235	909.24634
973.6825	1602.0426	976.99115	1549.0619
1031.0045	1607.9484	1029.3402	1640.0177
1391.9634	945.9431	1390.9174	964.9955
1395.614	1303.9991	1395.662	1281.9971
1410.8535	1276.0286	1411.6254	1252.9874
1409.0975	1476.033	1416.5865	1453.8604
1479.0796	954.02765	1478.2279	1018.01636
1492.4536	1293.0037	1492.641	1269.9889
1538.4941	965.0028	1538.4606	983.00275
1606.8944	1251.9321	1617.9838	1250.836
1617.556	1306.0024	1617.6533	1283.994
1623.9832	942.8784	1631.9688	941.7737
1633.1621	944.75745	1622.2346	947.0964
1798.4371	905.0712	1797.6143	887.0176
1832.466	1285.0186	1832.163	1259.998
2013.3326	805.9286	2014.4071	825.9782
2148.9854	776.96954	2149.5417	794.9833
2241.0466	843.87177	2242.3105	864.0432
2389.8784	839.94495	2382.6104	724.0244
2486.1416	736.65533	2462.179	741.8288
2537.1504	1054.0758	2480.9905	1061.932
2700.7302	776.1966	2698.5583	751.1249
2780.2485	729.186	2777.6948	705.1386
3070.5007	740.0	3070.5024	1525.0
44.179363	811.55566	203.68402	848.3691
141.8032	1212.6497	77.877884	1205.0237
186.8802	808.8264	184.26	825.7303
381.1085	1207.8597	402.10867	1209.8579
414.85852	1723.2465	432.00507	1720.027
477.89697	1157.6898	431.0458	1150.6932
658.0651	608.8252	647.648	604.94495
1121.0331	1650.8638	1069.0482	1649.348
1122.4075	771.0139	1123.7711	632.99774
1213.8186	1181.9958	1212.357	1245.0083
1229.2917	1060.0007	1229.3177	1049.9982
1290.0126	447.04813	1288.0979	367.97342
1399.72	1255.9802	1399.3942	1277.0216
1479.9371	925.96216	1479.5696	946.01044
1479.5093	1293.9958	1479.7128	1269.9891
1494.5757	996.98206	1494.3612	1014.01715
1799.0612	932.2816	1786.2318	935.0677
1795.8785	1190.0344	1795.26	1151.9795
1850.7505	918.0259	1850.5319	899.0054
2035.439	800.996	2035.6134	820.00354
2182.9246	1249.2599	2226.9758	1244.7633
2429.3882	494.20163	2437.6316	478.32794
2493.5874	793.12976	2495.774	816.9289
79.65293	1096.2684	64.10394	1192.0168
310.14288	1687.3279	296.17993	1693.4128
393.06168	1107.0061	390.4583	1133.1453
484.84903	874.6696	500.93332	878.2958
656.3625	1130.8405	658.45526	1174.9309
716.0906	885.29407	706.11346	888.3682
1281.0854	1045.9131	1293.7833	1030.8177
1289.1835	923.00824	1286.7996	975.99097
1351.6893	953.9981	1351.5688	974.00946
1389.85	1035.4506	1402.9645	1031.8698
1407.3943	642.98895	1405.4641	748.99023
1522.9746	915.99884	1522.0701	936.0483
1527.4685	1264.9983	1527.3889	1289.0046
1447.0085	1507.1816	1565.0061	1508.4089
1560.8468	1022.005	1560.221	878.00336
1633.5103	964.0041	1633.6628	944.9973
1651.9004	1185.9697	1652.2827	1210.0114
1854.5519	921.9252	1855.4708	940.9773
1938.1024	1453.9697	1944.1749	1674.9952
1962.0297	1274.2451	1998.9736	1269.7819
2011.7405	913.9754	2008.1567	806.0612
2040.0032	1204.0232	2022.0618	1206.4558
2007.4888	802.9788	2050.0535	792.21136
2226.1873	1244.0531	2225.3376	1215.0487
2388.3162	721.0369	2389.552	743.9162
2386.9392	1259.2971	2580.054	1242.6245
2451.719	219.9644	2456.1274	308.99368
2456.712	245.96382	2455.541	222.92169
2660.8904	684.1925	2658.6936	660.1192
2663.3984	659.8681	2665.6682	683.937
2693.9868	691.9385	2666.203	697.9391
2690.2502	678.0105	2690.094	637.0035
2777.191	701.18036	2774.5852	675.0413
2856.028	1829.7638	2834.8516	1827.2506
411.46143	1147.6686	362.9204	1140.5421
737.13617	910.00574	736.3769	928.0579
761.17426	860.93634	759.8484	878.14246
744.0206	850.92365	780.33997	860.7424
1008.967	1525.5884	883.9676	1518.5778
1234.6855	911.00995	1234.5944	898.9955
1271.0273	966.0203	1270.8176	955.9829
1343.6399	949.9919	1343.233	968.02783
1354.3224	1334.0055	1354.6643	1313.9772
1355.049	1308.0017	1355.0116	1286.9982
1370.3478	1039.0144	1371.1378	1019.96423
1416.6182	958.87964	1419.7534	922.8914
1535.8276	1326.4481	1445.9366	1336.4292
1471.5802	919.9796	1466.6244	1022.03033
1495.0669	898.2855	1554.1086	884.464
1603.2297	1226.9998	1603.1981	1310.0005
1778.1216	960.99805	1776.5005	859.9759
1852.0648	921.2809	1837.3855	924.66974
2149.7236	806.90845	2153.766	883.0124
2486.3083	699.05585	2488.1606	721.987
2452.8848	703.5426	2506.9785	689.91455
2491.079	1105.6257	2545.1013	1098.802
2630.1558	694.9843	2627.5308	668.9465
2627.5288	664.0627	2685.0193	650.07935
2769.251	625.0818	2703.321	640.3829
2748.05	1011.3653	2801.9946	1003.9606
43.13435	1078.4988	76.67297	1087.4895
327.99182	1264.0708	501.11313	1284.0182
739.2864	887.0137	738.4261	905.06793
756.0419	933.80023	768.13916	936.33606
1024.8407	909.58997	921.79315	881.7661
942.7046	907.0428	941.6681	924.1014
1229.1492	1410.0283	1230.7012	1346.968
1407.0669	1339.586	1324.8812	1348.959
1451.8604	1043.2793	1559.8748	1022.35345
1522.1053	946.0059	1521.768	1009.00946
1546.1433	1004.07117	1546.81	983.9937
1610.347	1408.1708	1597.91	1433.4478
1633.2041	1277.004	1633.6549	1253.9736
1633.1512	1667.9255	1779.1423	1675.1051
1646.3068	984.0617	1646.8442	963.9691
1816.0677	905.4392	1802.0922	907.59674
1831.7471	1225.066	1830.4806	1201.0273
1954.2473	925.0224	1951.0941	819.027
1995.1967	891.94727	1960.2501	899.20447
2038.8368	1232.0474	2038.2659	1205.9941
2489.2542	736.9101	2490.9097	760.0065
2731.9255	1078.4126	2664.0044	1087.0349
2694.437	719.0888	2692.9583	693.05914
164.87401	1031.6921	105.0364	1020.80005
424.86438	1251.0686	469.90045	1256.7843
898.88873	1683.9012	900.21985	1668.9307
1255.9152	1036.4418	1282.8802	1041.6232
1461.385	1328.0046	1462.7819	1211.9854
1494.9791	973.9753	1495.2041	991.99744
1517.2831	1013.00446	1517.6089	918.99866
1527.4747	1238.9983	1527.4055	1261.0044
1598.5795	1317.0028	1599.1688	1193.996
1617.6997	1280.0007	1617.6404	1255.0009
1665.7257	912.9827	1666.3971	979.99603
1680.0684	934.2991	1669.1802	936.78815
1683.9043	1647.9984	1684.4241	1615.9906
1772.2943	850.98804	1773.035	930.9904
2084.0386	1457.7471	1949.9823	1464.6567
2441.4749	770.1042	2439.965	748.0024
655.55743	1188.9626	654.0362	1207.003
907.3964	1611.961	905.9098	1634.9941
922.76843	881.9573	924.93414	920.8924
934.65436	1287.9746	932.9572	1311.0703
922.18396	996.1731	950.3475	1002.43787
975.0772	903.0066	972.4969	933.12823
1061.5525	1616.9658	1058.4066	1658.1075
1238.1381	821.0376	1237.6552	809.97144
1267.7997	770.9947	1266.2687	829.0071
1268.5609	1418.9882	1270.2251	1356.9792
1326.2533	545.00995	1327.0391	524.96234
1618.021	1254.1565	1606.1013	1255.7552
1684.8109	930.3312	1694.8562	927.4912
1694.4299	974.0025	1694.5475	953.9973
1814.3037	1162.9895	1814.5122	1188.9958
1832.0194	1259.1482	1819.1091	1260.8353
1834.4946	1160.0006	1834.5265	1185.9982
1979.7374	896.9148	1980.672	915.96704
2014.47	837.94684	2017.0767	909.99725
2034.5438	905.0017	2034.6078	884.99554
2011.8983	776.5339	2064.0364	765.1667
2057.9988	1828.0419	2094.0261	1829.1656
2176.338	856.92804	2177.4165	876.9776
2237.5674	789.88617	2239.1729	811.9874
2437.9326	732.02496	2437.462	693.0065
2496.6282	1.0325481	2521.8352	289.0144
2637.903	790.9251	2630.6055	702.94977
2677.4375	1166.0555	2680.6711	1198.8352
2790.6016	1116.729	2793.8604	1148.0145
14.242287	257.3487	52.19785	271.46814
19.035114	1391.3702	41.026962	1389.2843
466.88675	819.453	482.88684	823.4527
501.9749	1283.9072	519.17053	1093.9249
734.24524	1200.1086	732.0652	1225.0929
922.71594	932.98694	920.879	972.99445
936.04114	1260.0018	935.0132	1283.0896
946.7852	1538.9213	942.69434	1602.045
973.18616	1190.0146	970.3344	1226.1055
1182.4283	1680.9791	1177.9407	1803.9978
1229.9568	497.432	1222.1919	539.0358
1246.3358	1868.0793	1278.9757	1857.9219
1364.2462	1335.0641	1368.155	1259.0079
1454.5366	1415.9447	1452.0076	1437.1204
1483.6333	1208.987	1483.4252	1231.004
1503.9457	989.9974	1504.7635	972.94073
1612.0106	888.96173	1607.9491	994.0367
1618.0021	1283.029	1607.0581	1283.812
1637.429	943.9913	1637.3679	962.00464
1655.9458	1274.9402	1666.9681	1274.3771
1666.6664	883.9437	1665.82	903.9924
1778.5526	1290.0012	1778.6073	1265.9968
1797.014	1233.1224	1782.0963	1234.838
1956.4678	849.94525	1959.1562	921.99414
2093.834	1829.0258	2093.2148	1801.0394
2236.753	839.01385	2235.5234	817.08276
2306.0403	1530.2457	2252.9985	1531.9584
2271.4216	1238.0895	2269.8289	1210.0098
2761.4065	1156.8539	2764.9216	1190.6965
47.065845	1228.4463	179.73546	1244.2244
445.95312	1147.3203	462.88324	1149.7979
660.1656	958.2924	799.99634	991.0157
971.557	946.0142	971.12213	963.0287
989.1391	658.6163	1027.2107	672.41876
1294.7341	1274.0457	1299.2765	1200.9551
1329.1238	932.03925	1329.956	886.9992
1372.5895	1017.0396	1373.7355	999.98224
1411.089	1031.0033	1411.798	1011.9925
1483.5112	1269.9952	1483.2896	1293.0125
1647.2859	1310.0002	1647.2511	1186.9999
1684.1315	1242.0057	1683.9801	1219.0067
1782.9377	1261.5537	1795.8264	1259.756
1854.2244	897.9564	1854.5978	917.0079
1980.2703	1139.9963	1980.6326	1166.978
1995.8828	862.038	1995.2698	844.02484
2038.406	884.98846	2038.5703	904.9953
2060.7231	1638.0027	2060.5142	1615.9951
2172.5469	770.9979	2172.4646	789.00665
2415.2927	1078.9364	2416.8162	1109.9106
2442.9856	798.05334	2441.7766	775.06433
2474.2993	1219.0823	2472.847	1189.0558
2486.5198	760.0765	2485.332	737.0862
2515.4712	727.9858	2456.7249	737.25555
2664.372	724.20245	2662.4338	699.0436
2744.2068	680.9675	2718.1162	686.5436
65.02004	1202.7622	24.058178	1199.3097
367.43222	1096.9369	363.85898	1129.0955
389.01254	1147.1044	386.22696	1174.1265
491.086	1797.0089	509.2963	1620.8239
759.4944	1166.9596	749.5001	1291.9601
782.31433	864.947	774.5811	965.0449
777.019	1316.9269	790.1272	1140.9349
1101.1577	1641.0079	1104.7681	1568.9884
1194.8568	813.94116	1122.7269	771.4636
1258.6954	1040.0167	1257.2526	1100.0302
1294.0508	518.015	1282.0311	517.39526
1365.0613	1022.98914	1364.8757	1039.0101
1367.3077	951.95953	1366.3108	969.0182
1483.5316	1243.9867	1483.3317	1266.0121
1511.1996	1203.9889	1510.8508	1229.0118
1590.4763	872.00464	1589.107	1012.0108
1630.0338	1469.9006	1605.0315	1470.839
1781.639	858.9833	1782.1105	876.99713
1781.925	886.9506	1783.6946	955.9822
1848.0284	1468.5413	1733.0303	1474.5774
1814.6658	868.01373	1814.3252	834.9863
1831.9886	1228.9192	1817.8462	1230.9033
1853.4417	874.0531	1854.1198	893.96185
1925.9468	951.7195	2073.9314	923.6379
1955.7239	819.0468	1956.4552	838.9833
1976.6708	916.02716	1976.2821	897.01465
1976.7109	1166.0248	1976.2294	1141.0149
2034.2361	880.0776	2033.3562	860.0723
2181.5615	1218.902	2183.4453	1248.9093
2258.014	1845.5977	2212.0002	1843.9927
2514.1406	287.04684	2510.0476	211.9429
2670.5483	1091.8542	2673.7556	1125.9288
2754.4956	740.8445	2756.9968	764.89636
2794.384	1153.7446	2797.84	1186.0171
814.58594	1811.6971	883.59357	805.9035
914.1106	869.00714	904.86676	1012.056
950.2073	983.1205	937.9456	980.2308
1243.0795	766.00354	1242.5428	777.9795
1273.7789	507.9689	1269.6996	536.9577
1351.3081	982.0321	1349.8103	1043.0444
1615.0913	993.9997	1615.0657	895.9997
1621.5535	1282.9973	1621.4073	1307.0085
1672.0077	1548.0208	1671.149	1506.9968
1781.0823	1680.0336	1636.0275	1676.0083
1795.4161	1290.0007	1795.4567	1264.9991
1797.1696	1260.0116	1796.8075	1234.0027
1801.5844	854.99225	1801.2672	872.0236
1802.042	908.9353	1802.6464	928.0112
1829.9097	842.5705	1861.9646	835.8318
2016.8478	1544.005	2014.3098	1466.0225
2143.8882	1087.224	2305.145	1064.0079
2237.9807	865.03284	2237.3357	845.0214
2459.4478	705.0268	2460.6074	728.922
2467.7793	1103.079	2466.1062	1056.0317
2380.9976	854.9877	2522.1868	827.97656
2784.1648	759.1942	2781.6199	735.14606
2817.7048	1108.1237	2814.453	1074.0522
2839.9834	1873.1442	2895.9817	1872.059
789.8733	1140.7605	646.6835	1116.8997
905.4248	1639.9595	901.47015	1696.0332
934.92737	957.2671	923.92523	954.275
947.9011	1313.9935	953.22314	1232.949
1001.8272	950.727	971.85645	943.604
1198.5496	969.7322	1305.1418	997.45483
1423.9358	1049.0162	1426.3461	910.006
1467.2303	1242.0337	1466.0074	1323.0303
1621.4861	1254.9978	1621.3837	1279.0059
1590.6299	1016.06024	1709.6847	993.3474
1749.2938	834.9866	1750.841	984.00165
1833.9551	1186.7228	1850.019	1184.1173
1853.42	841.9979	1853.3563	860.0048
1958.6145	1142.9501	1959.4498	1169.9552
1998.751	1164.0548	1996.9484	1122.9584
2173.197	878.0283	2172.4578	857.0544
2175.7551	1464.897	2182.822	1653.9319
2197.808	1135.0443	2197.2815	1109.0145
2239.6643	816.9107	2240.7964	838.0109
2295.1526	1237.0487	2294.3623	1207.0431
2413.8901	775.05084	2413.359	753.01544
2422.5286	1193.8986	2424.5847	1224.8949
2450.15	1191.9183	2452.219	1221.0554
2461.6328	741.8957	2463.295	767.9173
2666.2104	1044.0702	2669.1233	1076.8112
2744.5144	641.03925	2746.455	665.04407
385.35046	1180.0323	382.84686	1207.1704
348.59952	1255.2611	481.058	1271.5275
469.10318	1254.1997	422.9676	1248.2513
946.91907	1288.4976	933.9374	1286.3849
969.0283	1687.0588	973.26465	1612.958
998.0975	1716.0056	1009.1275	1525.9493
1233.9298	926.95026	1234.4845	915.0225
1253.1161	1193.0033	1251.3601	1255.0103
1300.5898	535.0012	1300.6351	512.99927
1486.7931	667.52844	1437.1803	708.2199
1446.3607	1433.0153	1447.0396	1416.9594
1657.9747	1805.3812	1637.9673	1806.1992
1648.3469	961.00586	1648.6688	941.9775
1661.5355	983.99994	1661.5247	884.99994
1693.3059	931.46893	1684.2809	933.3486
1778.9974	1264.9818	1765.837	1266.8562
1833.0934	845.9982	1833.1255	865.9998
1835.6714	1259.9335	1836.6675	1284.9734
1953.6636	815.7326	1991.2037	805.76746
2033.8837	855.08044	2032.4445	835.1121
2060.1882	1612.9941	2059.3726	1586.9883
2231.7979	1487.0325	2230.9587	1455.9741
2420.437	807.05255	2422.5732	829.94653
2386.8071	749.09283	2440.1584	737.7449
2514.855	755.0845	2513.156	732.06226
2522.5525	1147.8661	2525.1519	1177.9869
487.75415	850.0679	504.04196	853.8177
730.1703	1254.8132	745.14886	1256.9628
919.99225	1285.9996	918.85284	1309.0914
940.9375	1611.0	940.9671	1690.0
955.6708	939.3179	922.9633	931.14685
967.89813	1263.046	966.5146	1290.0264
985.70953	1239.9873	984.6664	1263.9419
1185.6593	833.12445	928.62555	755.2358
1222.7882	1027.8066	1243.4636	1033.2335
1276.3633	517.04755	1277.2373	491.97342
1399.6033	1280.9939	1399.2493	1304.0192
1603.5994	1193.9966	1603.5427	1217.0013
1619.8091	924.0095	1619.4622	990.00244
1653.964	1181.6982	1678.0978	1178.8206
1711.0135	994.0198	1707.9845	843.0003
1833.4155	876.95575	1835.572	945.9821
1849.5868	860.0066	1849.5073	842.9976
1974.8926	868.0234	1974.4711	848.0322
2036.3759	834.92474	2037.4695	854.9196
2037.6991	1200.016	2037.3784	1174.0077
2233.0122	1532.0743	2184.9956	1532.6202
2223.3096	1133.0865	2221.0508	1088.9463
2225.3767	1176.0737	2224.1045	1148.0406
2157.0088	1677.171	2335.01	1679.0334
2669.6648	781.13995	2667.2478	758.0788
359.8393	1176.0925	356.84888	1203.204
736.27704	952.7837	768.2146	960.05786
911.3707	1163.0248	900.11884	1331.075
999.01373	1534.7273	891.9832	1529.3329
1025.0781	1347.0037	1032.7122	1184.9393
1084.1759	1631.0088	1085.8881	1596.9441
1207.7397	722.99133	1204.0742	833.03577
1229.4216	1045.0082	1229.6371	1033.9734
1471.2008	1819.8739	1432.4802	1873.0773
1505.9664	1324.0054	1506.6229	1205.9923
1551.0094	939.0422	1523.2758	945.23486
1656.9392	1158.6302	1690.0311	1153.1891
1830.5321	949.9892	1828.4185	846.03217
1838.7623	920.6147	1850.9193	918.52936
1974.3993	834.12427	1973.0697	816.99457
1977.8949	1207.0416	1977.3999	1181.9921
2194.3667	795.7937	2149.014	805.06824
2196.371	847.0237	2195.5808	826.01575
2205.2234	758.903	2253.0183	747.0736
2314.0005	1661.0269	2173.0005	1661.0773
2257.3892	1836.0217	2256.4258	1808.9849
2447.804	1221.146	2445.8013	1191.0132
2491.3245	1114.8333	2496.2087	1182.9133
2663.5535	1079.9432	2660.272	1047.972
2695.6396	1072.2253	2692.7556	1042.0233
2780.085	1061.1973	2776.8735	1030.0131
2781.9558	1028.8918	2785.5942	1061.0459
45.021717	655.874	32.865765	653.7788
485.79416	1122.0789	472.48376	1256.0481
490.0734	1113.5406	439.2523	1105.4209
630.0503	1299.5818	777.0896	1317.2546
675.2936	1221.1134	673.01605	1247.0891
677.75183	1191.0646	675.5111	1217.1299
883.3875	1519.957	869.6821	1715.048
906.996	1569.9998	908.0963	1547.9548
971.60175	988.02203	970.9043	1007.0697
1035.8105	1637.0541	1037.752	1607.9834
1104.9833	605.9532	1202.9932	570.98096
1225.1072	893.51733	1244.0604	897.7279
1261.3293	1239.9781	1262.799	1194.9934
1291.7981	1595.9879	1290.3646	1620.0217
1310.9249	803.9434	1311.3971	820.0177
1437.8582	1230.0056	1437.4159	1298.0027
1700.502	1654.0009	1700.328	1559.0012
1834.4294	1199.9312	1835.6335	1224.9213
1835.3722	1229.9926	1835.5077	1254.9972
1979.659	1270.0084	1979.4945	1244.0032
2170.951	825.05994	2170.3647	805.0186
2176.6465	1111.9258	2177.868	1139.006
2200.2498	1179.0801	2198.9673	1151.0472
2235.4553	812.12915	2233.6152	790.1158
2249.1052	1211.8784	2250.8384	1241.8938
2271.2861	1150.0166	2271.7527	1170.029
2417.361	752.93176	2418.4666	774.9766
2444.5208	826.11334	2442.6814	802.101
2463.3872	770.8805	2465.4617	794.9602
2412.202	1115.6353	2470.0605	1108.4894
2465.3591	797.8843	2467.4934	822.958
2517.734	1143.094	2515.4329	1112.1165
2666.8118	753.07513	2665.229	728.04877
2713.658	648.0275	2715.6624	672.9467
2746.0952	706.21454	2743.2773	681.194
2748.641	736.1725	2746.8066	711.0873
2771.2478	659.0148	2773.5784	619.8559
2871.0168	1789.2205	2818.9763	1788.0984
33.882233	891.397	18.868975	894.3291
72.5014	1199.6387	83.89079	1183.9209
358.51315	1211.2107	354.88507	1237.2626
937.70667	1232.025	936.8591	1255.995
1204.1212	576.3454	1106.8198	610.48663
1221.4885	1568.8169	1228.1565	1513.7766
1480.3218	1356.604	1473.2372	1372.1084
1502.3275	1013.02386	1502.6876	992.9944
1722.9504	1595.194	1772.011	1592.1779
1761.4797	1206.9723	1763.1105	1293.9792
1763.9387	1293.262	1794.9739	1290.6854
1816.922	1288.2153	1849.0028	1285.0282
1959.1609	1180.9264	1962.2954	1272.99
2036.92	1159.1022	2035.6411	1133.0668
1928.9485	1304.4116	2081.0098	1291.1113
2203.6104	1245.0713	2202.2227	1218.0399
2210.9968	1574.0001	2210.1567	1550.0295
2264.0862	1099.7749	2243.1228	1102.1055
2441.054	830.2803	2390.982	839.9061
2418.2268	1123.8927	2419.7268	1155.0132
2473.6194	1183.0908	2471.7065	1154.0193
2776.0498	674.2505	2747.1936	679.97565
2786.5305	1077.7147	2790.2546	1110.7458
690.0462	1282.6125	652.1086	1278.0894
940.00366	905.986	928.98114	903.0713
1008.73956	980.9865	1012.06116	916.9513
1133.9995	1548.0107	1066.9619	1544.7938
1222.9276	1196.9958	1223.6069	1184.9778
1240.8604	1102.5692	1220.839	1097.6564
1312.2532	797.01434	1312.745	753.98566
1317.9557	1204.9984	1315.6069	1269.9858
1395.3004	1330.0367	1395.6373	1308.9781
1511.8734	1228.225	1539.9414	1223.6415
1550.004	929.84753	1552.9016	891.9161
1680.2172	1301.0038	1680.637	1276.9762
1728.7118	1144.9907	1729.5901	1306.9968
1777.6189	1193.0033	1777.5598	1168.0011
1778.9025	1262.0365	1778.0388	1236.032
1787.6536	1563.0441	1789.9755	1475.9994
1733.9822	1148.8755	1860.1182	1130.8256
1842.5414	1561.0039	1842.687	1540.9977
1999.0112	1241.1666	1983.0168	1242.2487
2032.1283	820.09576	2031.2504	802.93604
2391.1416	783.75903	2393.9692	808.8909
2433.5952	469.27286	2419.0378	476.08084
2496.6514	1185.8787	2499.0017	1217.8528
2509.8882	266.02	2510.2476	286.01352
2514.2185	1096.1113	2512.3386	1066.0414
2520.4778	1178.1233	2518.0452	1148.0773
2718.9736	775.0025	2710.6582	686.84357
2720.383	716.8883	2722.489	742.9605
84.49418	1055.923	80.043236	1085.1588
436.31857	1097.9427	432.85367	1139.1559
889.81824	1662.9852	887.78015	1688.0634
914.96234	686.9975	912.5667	723.03766
948.8202	1261.0168	935.8714	1258.7273
969.0674	1292.0032	967.9486	1316.0905
1086.0747	595.6321	1102.9799	645.0069
1191.2789	828.0716	1194.9592	813.73285
1293.6455	1030.5099	1209.5831	1010.7759
1353.7684	1812.8431	1375.5532	1780.6973
1527.2434	1292.9747	1527.503	1315.9944
1550.9546	1323.0004	1550.559	1267.996
1581.0791	1195.9932	1580.9531	1212.9996
1597.7194	879.9988	1597.2737	980.0057
1636.8123	1805.9514	1635.9744	1791.9418
1696.6239	1300.0046	1694.7375	1147.9784
1767.9153	973.5576	1868.0709	954.3704
1796.5582	1229.0013	1796.5361	1205.0004
1849.2551	1284.0159	1849.5721	1258.9819
2018.8062	1174.9397	2021.8799	1267.004
2039.771	1132.9313	2040.7446	1158.0099
2059.1877	1579.9934	2058.268	1554.0259
2272.2798	1175.8711	2273.9207	1204.8914
2520.168	1111.8217	2522.715	1142.7766
2709.4363	1163.7708	2712.3723	1194.965
2833.106	1796.0874	2854.0557	1798.5212
2872.2534	1562.0226	2874.9453	1531.9058
0.61312574	540.3252	878.7951	796.7018
380.9982	1799.2002	434.0029	1799.6758
461.97363	844.1145	479.9424	848.2502
675.65436	953.507	783.9222	978.3393
774.8881	892.5012	739.8484	884.67926
1014.87616	1025.5471	919.7695	1004.0184
1312.8809	751.42584	1208.6447	722.2702
1238.6357	1839.8679	1236.6904	1859.9701
1255.7782	781.0605	1254.1456	829.039
1269.1036	1804.0035	1273.2615	1681.9749
1320.653	1426.9935	1319.771	1474.0332
1451.6434	904.9938	1449.2228	1043.0215
1498.9608	1181.694	1528.9805	1177.8479
1569.9956	1878.8096	1624.0132	1877.5742
1630.6975	1306.0144	1631.1732	1282.9829
1607.3788	1217.7731	1633.0612	1212.2865
1781.0634	1671.126	1654.0056	1661.9225
1730.9565	1323.5463	1866.9542	1310.5215
1994.8267	829.03485	1993.7864	794.00635
2035.1263	1133.5085	2018.0784	1134.9359
2138.0815	901.4275	2264.0767	877.40204
2473.002	1811.9492	2098.9463	1797.382
2483.647	722.1564	2482.2397	700.9841
2460.2231	303.77505	2503.1218	291.4228
2511.0078	716.00006	2511.25	681.98755
2543.5955	293.9671	2540.275	233.8743
2697.5715	747.1344	2695.1206	721.08276
2752.2734	765.20984	2749.4604	742.0656
2811.7302	1057.0074	2811.635	1015.0099
3013.7488	540.90735	3038.3699	739.83044
58.26299	1195.8823	62.59319	1168.7753
1033.7448	902.9035	914.6461	869.25256
924.0833	951.6786	935.1194	954.5395
987.557	950.10266	986.502	966.09906
1297.8562	897.54895	1213.8562	875.549
1239.1566	793.0208	1238.8345	779.9794
1338.306	1342.0295	1340.8438	1229.9738
1359.5457	1259.993	1359.2095	1282.0184
1384.1115	1255.0155	1383.0256	1333.0282
1396.9996	583.0	1394.4586	534.8702
1438.5928	1193.0309	1436.8232	1227.0428
1478.9121	1319.998	1479.3843	1298.9862
1633.0573	967.3286	1622.2117	969.2161
1758.145	845.99854	1759.3441	962.99646
1927.7498	1120.215	2070.175	1100.2479
2017.8707	1135.9325	2018.8114	1162.0068
2146.0776	1441.9115	2156.0857	1676.9963
2274.1992	1209.8743	2275.858	1238.8938
2536.0894	1048.6171	2477.1653	1057.143
358.93854	1070.3546	512.0196	1096.887
737.11584	929.4223	751.153	932.23694
769.62616	1762.046	787.3456	1521.1726
1226.1353	1218.0558	1225.4962	1231.0735
1266.3153	1197.012	1264.6537	1240.9869
1467.0952	1210.99	1466.9746	1234.0051
1523.4485	1316.0096	1523.5958	1293.9906
1550.1937	981.017	1550.7787	939.9826
1721.2595	1464.9861	1722.6304	1589.004
1782.3805	1265.9913	1782.5314	1290.0029
1965.3794	1475.97	1967.6238	1653.9922
1979.0017	1239.0498	1978.353	1213.0161
2173.785	803.9094	2174.8557	825.0073
2178.671	1152.9332	2179.9104	1183.9636
2277.9995	1516.9937	2305.9573	1515.2963
2335.5532	1679.0239	2322.4148	1434.0314
2488.3389	1069.0444	2490.475	1100.8336
2536.468	232.97372	2539.6147	289.02164
2821.936	1146.1132	2818.3147	1112.0729
365.24936	1764.0336	354.98947	1840.1334
459.71722	1118.0731	457.16306	1143.1187
737.2896	1163.2332	734.8608	1187.0876
752.01697	1199.8815	714.9179	1194.574
923.2065	921.2689	955.19635	930.3048
1002.82275	922.7382	989.8503	919.62366
1302.5952	764.383	1219.6741	740.11365
1322.8763	1660.8629	1383.6731	1639.0873
1482.861	1297.9974	1482.4442	1321.008
1509.7423	987.99335	1509.0457	1015.027
1620.1161	893.99255	1619.9473	914.0164
1814.3649	1198.9506	1816.2253	1287.9952
1982.4675	1211.9349	1983.1814	1238.9952
1999.7007	1205.0203	1999.28	1178.0112
2016.7362	1645.0101	2018.021	1552.0002
2058.6528	1155.9775	2061.644	1109.7827
2267.8667	1171.0808	2266.2249	1148.0553
2293.743	1168.0599	2292.9707	1139.0007
2390.5334	756.9001	2391.483	780.98096
2508.3203	234.99336	2508.9016	263.0228
2523.2354	1213.1381	2521.0405	1185.0751
2702.1714	1088.7936	2705.2314	1120.978
126.29718	1106.182	121.93584	1137.2716
128.03653	1092.7633	152.08125	1096.4734
758.6201	891.05115	756.96783	911.07983
950.99927	675.0004	916.362	620.4047
1005.1254	1232.9038	1000.4024	1324.9694
1207.6866	1358.0237	1206.0664	1405.0023
1275.4586	1361.0361	1272.4658	1399.0367
1308.7798	1533.9355	1306.1328	1625.033
1344.4127	1259.967	1342.7903	1338.0372
1385.195	1222.9913	1385.0842	1246.0052
1447.3593	613.3189	1411.9451	596.113
1815.1149	901.00214	1815.4471	882.9898
1860.9218	1591.0166	1858.8461	1456.0177
1898.0021	741.9009	1919.7233	1837.8866
1977.489	815.0024	1977.5726	833.002
2054.6409	901.0334	2054.1497	881.0209
2056.7922	851.0573	2055.7937	830.00977
2089.0464	1811.2094	2057.9773	1809.3889
2103.115	1675.0316	2094.911	1445.0388
2227.141	1210.0917	2225.7063	1181.0145
2305.026	1495.2743	2293.9688	1494.8817
2442.5378	1075.872	2444.9644	1105.0029
2490.9976	817.1389	2489.3953	794.04193
2673.9236	1128.8196	2677.0354	1161.9967
180.05981	445.5355	204.07562	430.1178
636.4417	496.22812	653.12756	505.7771
648.912	1292.7225	758.98456	1306.1268
951.1936	961.12946	943.88776	959.5048
961.74286	911.9851	956.13727	1008.95013
894.62976	801.26514	1163.0526	879.8201
1228.0369	1076.0454	1228.4775	1065.9772
1242.199	795.9482	1241.4775	807.09564
1247.0837	1352.0018	1245.6954	1414.9933
1285.1245	1613.0042	1285.7197	1594.9907
1310.1755	937.031	1306.2986	1083.9551
1342.8068	980.9693	1341.8783	1017.02264
1394.3789	1594.0582	1401.4635	1547.9176
1578.04	1508.2996	1620.0742	1510.6998
2058.0762	1615.6697	2047.9948	1615.0922
2062.039	1554.9524	2062.5762	1577.9633
2213.566	1550.8556	2215.0625	1567.0864
2285.3062	883.04175	2274.8994	710.0662
2491.5369	765.91266	2492.8462	788.9519
2517.3667	784.1096	2515.7542	760.0836
2516.4111	1065.0505	2519.0583	1095.9092
2697.0493	1040.7491	2700.9685	1072.759
2878.3638	1569.0931	2889.197	1526.7943
984.9856	992.04285	984.2462	1009.05414
1007.7591	924.98706	1002.8196	1017.04395
1177.4607	1484.9851	1174.6533	1587.018
1222.2156	1245.0325	1221.7993	1234.9669
1378.5878	1009.977	1376.9108	1039.995
1761.107	1170.0505	1762.5739	1195.9675
1998.8779	1269.0364	1998.4312	1243.0098
2037.369	859.017	2037.9354	879.97473
2268.4648	1098.9381	2269.6492	1126.9725
2377.817	1543.9563	2376.7786	1572.0288
2525.3638	1183.774	2528.1655	1213.0798
2669.3252	727.7764	2671.6484	751.9377
2663.018	1222.2024	2832.0918	1207.0228
2725.616	1069.0054	2726.0405	1019.9917
2784.8296	1111.2094	2781.6387	1078.1313
24.08656	823.0344	8.93935	821.6765
672.3373	1252.0272	670.47064	1275.1189
930.7964	899.70654	958.65283	907.7349
960.98065	1527.3042	984.0148	1528.7681
982.8254	1294.0332	981.8993	1317.0363
1226.9408	1185.9976	1226.4441	1198.0594
1256.008	1399.9912	1256.1321	1386.0012
1399.0327	1308.0001	1398.9148	1330.0103
1444.2659	1867.1866	1467.3813	1834.2678
1550.3386	1254.9968	1550.0131	1219.9906
1764.045	834.19183	1870.795	809.1269
1978.5157	846.9975	1978.4069	868.0073
1981.2106	1180.9106	1982.2653	1206.9893
1983.4344	1243.9404	1984.0713	1269.9738
2201.2874	1108.9093	2202.3594	1135.946
2214.3237	1636.0424	2213.26	1619.0463
2418.4622	779.8581	2420.7014	802.93195
2674.0369	1202.9968	2664.4443	1092.0481
2861.812	1217.0199	2837.0706	983.0983
134.59203	452.94244	131.35269	475.9087
182.12639	1244.2157	176.37169	1274.2627
380.94028	1758.5941	423.03424	1756.8064
455.92392	1157.0914	453.3463	1183.1333
1191.4698	1163.98	1188.1378	1252.0431
1216.3462	1389.0084	1217.0299	1360.952
1358.2126	1313.9812	1357.7341	1334.0414
1416.9418	968.7096	1392.3301	973.646
1654.0052	956.9999	1654.0011	986.0
1752.2638	1165.0055	1752.9904	1262.9927
1814.5885	950.0048	1814.5171	929.00165
2419.5283	1157.8602	2422.4634	1189.9576
2484.648	1103.087	2482.7134	1073.0184
2518.1604	811.1263	2516.6433	789.0245
2546.1226	834.0762	2530.328	652.0583
2549.7742	1175.1572	2547.575	1144.03
2731.6846	1118.1279	2728.5642	1086.0424
2746.6707	1069.929	2743.2837	1037.97
240.90071	1528.117	210.3831	1763.0498
919.8478	1229.9907	916.69025	1281.8594
999.8525	1240.133	969.9685	1236.2418
1428.1464	1625.0085	1432.7097	1547.0415
1502.8636	1255.2344	1497.5592	1320.0458
1697.7246	950.0281	1698.4095	907.99036
1830.321	1542.9829	1830.5023	1557.0065
1866.9634	1801.09	1861.4363	1675.8925
1947.9974	1675.3586	2102.004	1676.442
2179.871	1185.8772	2181.8445	1215.9446
2202.7576	1150.8827	2204.6318	1178.9579
2204.5657	1184.0261	2206.2468	1211.9851
2247.1636	1177.8733	2248.9832	1208.9424
2261.5125	860.0667	2260.526	838.0661
2265.5867	1127.0721	2264.2048	1099.9895
2269.7441	1205.0818	2267.8545	1176.0746
2717.64	687.87225	2719.6707	713.94775
35.02331	1210.6611	12.989991	1209.1455
452.64682	1189.0577	450.24042	1216.0215
895.8165	737.34485	879.6144	728.7248
920.98114	762.0562	905.68994	756.9237
1299.0851	1278.993	1301.0438	1302.9965
1316.3668	1274.0159	1312.1207	1372.0486
1447.4586	654.5309	1432.4382	667.50726
1444.2727	1547.9436	1445.2058	1568.9908
1502.4708	1382.9423	1504.0708	1395.9913
1478.0233	1347.2438	1544.9861	1340.8544
1758.2467	1299.9965	1756.4231	1172.9796
1998.9186	1589.0099	2001.3303	1608.9601
1988.96	1455.2166	2090.0024	1450.0494
2172.501	1147.9672	2170.3374	1114.9779
2177.5361	1252.9724	2172.241	1149.9875
2237.2542	1644.0109	2235.8408	1546.9731
2414.9346	715.91205	2415.8938	737.0048
2417.9834	830.13275	2416.533	808.09656
2735.703	1155.1306	2732.4727	1123.0531
2816.5615	782.16547	2794.4802	590.1748
2920.7676	1800.849	2899.7039	1795.0812
289.42377	1685.0756	291.59067	1672.927
709.1546	1282.1652	743.8892	1288.5981
911.4071	1549.0858	908.48083	1597.0902
958.16833	1222.0098	952.52295	1319.0304
970.4755	966.01135	970.02246	985.02435
1183.6353	1350.0128	1182.8097	1391.0164
1251.8053	925.98596	1249.2839	961.02045
1811.0919	1291.9985	1809.1367	1165.9979
1851.0299	1195.2296	1815.1185	1199.9097
2137.6465	1083.9233	2146.874	1282.0059
2195.7913	873.0217	2195.4138	852.01056
2206.2825	1217.8787	2207.725	1245.0146
2440.0125	1105.1146	2438.3896	1076.9775
2506.6814	207.0123	2507.6472	232.05219
2546.751	1140.0736	2544.864	1108.067
2754.5142	1081.8834	2757.1414	1115.9891
2870.6917	1533.8792	2868.6423	1556.0593
161.74467	1069.0887	156.87143	1109.9846
176.6249	1234.9705	177.88885	1218.9126
754.7385	937.04376	753.6788	954.9217
954.74646	1629.028	955.27423	1614.9354
1012.1034	1332.2164	917.89636	1319.7852
1242.1763	1404.9824	1243.2444	1354.9839
1648.7646	917.89264	1621.1616	923.7603
1633.2587	1654.0583	1634.9315	1617.9968
1683.9938	1216.936	1652.1045	1220.0652
1801.4972	885.9945	1801.567	904.9979
1814.862	1188.9185	1831.9664	1186.7369
1956.9994	1278.0	1952.8971	1145.9722
2471.0017	1148.1082	2469.3748	1118.0338
2856.1501	1514.2632	2835.141	1526.2472
2887.4304	1527.1077	2860.789	1513.4104
349.43823	1839.0533	358.09174	1768.0112
422.0217	1763.9851	380.02005	1764.9103
527.1146	1536.5615	513.7227	1533.0607
952.897	1232.6904	921.0103	1227.931
969.6963	1237.9827	968.37683	1261.0786
1032.7054	1184.6016	912.71783	1162.5343
1125.0005	1557.9884	1073.9688	1555.6956
1238.461	900.00995	1238.1798	913.0255
1256.2313	1384.0051	1256.8737	1354.9751
1258.6697	942.98773	1259.8585	910.95764
1302.7649	1227.9839	1300.2312	1264.9473
1549.5839	1669.2981	1569.9045	1715.156
1815.9365	925.0139	1815.7012	907.0039
1947.2108	811.9812	1948.405	888.9937
1946.9412	899.0001	1946.9861	927.00165
2041.1382	1173.9248	2042.0897	1200.9617
2172.281	852.0799	2171.3052	831.0788
2201.8315	1212.0492	2200.653	1184.0568
2245.4512	1144.0256	2246.939	1175.9563
2295.7214	1203.0536	2294.463	1173.0225
2393.0789	1538.8525	2370.652	1527.6997
2384.3914	1578.1006	2394.477	1538.8656
2487.0144	304.99924	2489.307	348.03693
2589.6033	638.8594	2605.745	822.93463
2700.2969	1122.1506	2697.3765	1089.1437
2703.635	1158.1274	2700.7307	1127.0251
2705.5632	1125.8507	2708.627	1157.9402
2738.9817	1193.1866	2735.921	1160.0999
2826.1055	1183.1981	2822.6377	1150.0378
2899.9534	1800.5001	2924.0242	1802.7406
92.85362	1351.9752	96.20063	1332.2032
268.5638	1718.1141	279.79504	1712.5837
709.17084	1251.9263	725.0861	1254.4586
831.2162	565.6366	846.2495	574.5806
889.1553	1608.9436	885.7399	1660.0494
956.0784	1218.0035	956.9955	1197.9541
957.83484	1571.9928	958.80066	1549.9475
986.40674	971.0252	985.3497	988.0836
1089.5455	1596.9762	1087.8071	1630.0948
1105.4125	780.0688	1102.8455	758.13513
1231.8934	1495.3893	1190.9495	1484.1847
1309.025	820.1094	1293.0095	819.66016
1369.7225	1558.9656	1367.7532	1632.0203
1697.2238	896.015	1699.6484	859.90924
1745.5621	1485.9951	1746.1011	1547.9905
1770.5204	933.9994	1770.486	961.0006
1781.3649	1167.9957	1781.4431	1192.9955
1754.9972	1312.975	1849.0602	1302.5424
1773.0001	1466.0024	1841.9733	1462.4768
1995.6611	914.02124	1995.3279	893.0107
1995.5226	1570.9951	1995.3837	1556.0057
1996.4005	1604.9882	1995.9259	1589.0022
2139.6067	766.98914	2138.8591	794.02374
2410.0288	1247.3014	2556.0354	1233.3713
2418.9521	1230.5055	2476.9897	1224.8927
2707.1514	1195.1532	2704.4976	1163.1245
2749.7036	1033.8273	2752.956	1065.9031
696.97406	1191.2086	655.9867	1186.107
757.30383	909.9387	755.2651	933.1113
972.1695	934.32416	1001.105	941.58154
1632.046	1332.5875	1696.0449	1327.5736
1691.9347	1500.052	1692.9938	1480.9996
1850.5862	1183.893	1853.9203	1139.8425
2112.1997	748.9558	2118.317	914.98834
2233.4917	776.1117	2232.2231	758.98346
2251.0066	1815.8783	2217.9404	1814.1158
2252.7876	1582.997	2251.8096	1651.9973
2443.1853	1151.1122	2441.33	1121.1033
2788.952	1149.107	2785.6768	1117.033
2792.6716	1186.262	2789.1772	1155.2051
213.86935	1053.7706	225.51108	1047.1414
681.0904	896.00446	680.1062	916.00525
1044.893	1575.757	1053.1182	1605.9679
1415.6965	1008.0223	1416.9138	969.9653
1698.1105	906.4893	1667.3257	913.4421
1797.6381	872.0118	1797.5085	857.0129
1867.3539	938.01874	1867.6172	918.9947
2412.1055	1112.8867	2409.044	1082.9955
2445.5413	1187.1006	2443.4736	1157.1052
402.25955	1624.0254	397.66815	1670.9675
983.1492	1009.49194	997.11957	1013.5928
1003.10803	1227.003	1003.66266	1206.9906
1204.9825	834.0766	1289.9144	853.37646
1201.8103	1578.93	1226.0269	1583.8685
1246.6798	895.12164	1225.6782	889.1275
1241.7169	1547.9899	1240.7462	1574.9908
1275.9514	1111.2155	1258.9149	1107.3778
1369.1239	978.73755	1353.073	981.43414
1358.4692	1285.9999	1358.4717	1308.0
1467.8386	1233.9377	1483.9232	1231.4949
1539.9774	1234.7412	1511.1104	1237.2633
1667.05	674.2355	1657.0756	676.35547
1732.7133	1731.3052	1816.7201	1722.3684
1819.7395	1908.6438	1789.6039	1896.4504
1886.6476	960.0107	1881.8888	803.0337
2000.781	1237.0314	2000.0865	1209.9978
2053.8086	815.7897	2056.5771	773.7745
2075.182	923.0383	2067.5881	761.06616
2309.0464	1575.9979	2307.7275	1545.968
2348.3594	694.91644	2358.9995	868.0
10.745325	1231.345	43.7336	1226.2688
118.86129	1354.9503	127.59287	1330.5704
136.8428	1308.9506	132.67126	1322.2112
650.83716	1121.9171	712.0381	1132.7856
740.9422	1265.992	738.8269	1281.1156
952.94855	1657.9482	953.6885	1642.9353
1116.6475	771.0461	1119.5087	792.9335
1276.1802	910.0119	1275.3154	923.087
1193.0051	1105.9789	1300.784	1131.8981
1289.076	1525.002	1289.6002	1503.99
1325.9003	1361.9424	1416.9393	1353.3563
1378.2634	1338.0219	1380.2146	1224.9692
1405.4918	1330.0026	1405.3864	1308.993
1612.5963	1642.0406	1605.0497	1567.0957
1659.4298	1496.9907	1660.549	1549.0098
1622.9517	867.79694	1701.0471	849.19775
1789.2246	1897.8239	1769.4661	1855.2478
1826.8396	1535.0043	1825.7876	1495.0056
2321.989	1266.0007	2308.4521	1059.9703
2381.5781	809.97375	2382.9873	841.0459
2488.8054	789.08325	2487.2004	766.0557
934.0544	1258.6136	919.9123	1256.6233
1316.1265	1410.0167	1315.266	1364.9758
1560.2996	1720.2992	1539.1017	1670.6649
2174.974	829.9511	2176.0781	851.9459
2243.3677	1102.0323	2244.848	1131.0078
2310.6482	1609.9747	2309.4421	1579.0217
2418.764	1228.0148	2412.1802	1122.926
462.8228	869.78595	478.90717	873.41187
956.9958	1642.9998	954.91437	1682.1019
1210.065	1553.0026	1211.0073	1528.961
1237.953	916.06	1237.2593	927.0793
1490.2534	1320.9868	1490.6757	1296.9943
1641.1862	1854.0304	1638.2462	1872.0402
1737.6763	1161.0104	1738.5134	1268.0038
1795.0365	1263.2637	1782.1445	1265.0457
1829.3091	1495.0125	1829.9907	1533.0181
1945.995	1293.9471	2061.0935	1282.9823
1977.1843	1556.046	1978.648	1582.0199
2189.8062	1552.0154	2190.9932	1567.0005
2215.232	1584.9768	2217.534	1608.0465
2448.5737	1156.8826	2449.9028	1186.0044
2492.9553	1221.93	2485.0432	1113.9236
46.877167	1093.2831	42.195217	1124.331
70.90168	662.393	81.96014	665.15936
102.03787	1290.1067	91.89613	1293.7075
733.244	1225.5261	746.2195	1227.6744
956.06445	1600.0548	957.2526	1576.9615
1262.885	757.02	1262.4327	777.03235
1288.1818	1183.2946	1202.6752	1161.2607
1345.1287	1228.0015	1344.8574	1251.0219
1360.2897	1227.004	1359.9966	1248.0139
1375.9885	1216.9973	1376.0924	1255.0024
1546.0627	1697.4452	1562.9585	1733.0197
1870.3123	889.995	1870.4583	869.99603
2244.737	1247.0143	2236.9917	1105.0005
2683.7917	633.0966	2652.8242	640.2373
984.5138	1267.0288	983.2196	1290.1244
1194.1625	521.4107	1202.459	509.61935
1239.3752	774.9904	1239.5288	764.9774
1293.0587	1489.995	1295.1743	1514.9852
1408.7167	1442.0626	1409.513	1432.9574
1640.5005	1280.9647	1638.4486	1310.0316
1659.7924	1614.97	1660.6656	1638.0127
2140.0522	857.99756	2141.4487	888.02563
2365.96	1528.9355	2348.202	1539.9396
2757.6418	1118.836	2761.1404	1153.8862
41.735558	1130.1157	37.006664	1160.1584
1286.8356	1579.0182	1287.8151	1533.9742
1403.9086	594.21686	1335.7981	565.47845
1922.9156	794.98004	1926.2338	946.9949
2016.3328	1273.9889	2011.8038	1137.9733
2061.0857	1199.0233	2060.3474	1170.0166
2082.3137	1291.0305	2073.6582	1096.0151
2143.6335	772.57117	2188.0469	761.1824
2309.054	1640.0214	2308.4229	1612.0131
2373.2585	1050.9205	2386.3389	1257.9786
2481.898	1222.7684	2419.9917	1227.8989
4.4225926	1290.116	9.692755	1270.9156
131.31859	1064.1522	128.10205	1092.0118
187.88422	1133.9471	197.17142	1113.6215
729.7483	1260.0712	727.5531	1283.1477
1385.5839	1627.0427	1386.7577	1610.9823
1572.9648	1165.9907	1571.878	1286.9899
1609.1105	1846.9822	1612.9868	1871.0021
1641.4065	1360.8446	1638.2094	1373.0548
1728.9786	1468.5131	1756.0143	1467.3267
1781.3604	1206.9519	1782.2462	1231.9913
1946.0751	939.3867	2054.2683	918.3822
2039.9241	1555.0046	2041.3439	1577.9788
2056.4004	1809.9633	2057.9558	1826.9124
2211.0122	1842.999	2208.9253	1817.006
2385.6846	1601.1818	2377.6348	1587.2103
2415.7893	803.1084	2414.6592	780.06573
445.1686	1769.0353	436.82288	1808.963
892.33203	1531.0598	890.6136	1598.0157
920.1977	1174.953	921.88403	1217.926
1023.7261	1193.5297	919.834	1174.9271
1226.7462	1202.9528	1226.2906	1215.0486
1382.0583	1462.2483	1364.1101	1466.4685
1608.103	1649.9901	1605.1244	1619.0844
1660.0455	1561.0004	1659.8578	1589.0057
1671.8904	1582.0046	1671.9784	1564.9999
1684.4789	1205.8903	1687.6484	1161.9746
1979.1244	871.9542	1979.556	891.98804
1998.5121	1556.869	1999.6525	1570.0302
2062.1055	1231.0219	2061.3225	1198.9921
2064.3516	1619.9763	2064.6323	1636.0239
2501.3262	1834.2385	2523.5342	1843.7534
2843.1013	1811.9207	2830.9463	1800.055
731.46674	1229.0244	730.10974	1255.0057
1181.8617	1422.5042	1197.0875	1426.6808
1187.5994	1260.5496	1259.9344	1279.2537
1438.3534	1429.0602	1435.8147	1443.9684
1492.8882	1240.084	1467.1499	1243.2274
1484.5464	1435.869	1487.3651	1426.1055
1486.9987	1366.9941	1487.0875	1381.9995
1624.3608	1367.1277	1628.55	1388.09
1747.029	1691.0062	1715.9972	1690.0979
1741.7117	1552.9601	1742.8407	1573.0651
1781.725	1235.9341	1782.7194	1261.9725
1869.9434	867.73914	1834.8615	875.3625
1977.793	1589.0192	1979.2689	1604.9751
1997.3795	1637.0294	1996.6184	1620.9707
2003.4983	886.987	2004.2543	916.0194
2040.9618	1587.0024	2042.279	1607.9824
2445.7253	1120.8724	2448.0164	1151.851
2459.1023	300.93604	2457.9998	281.942
2621.3606	1014.88696	2639.6382	1234.947
490.08966	870.5657	503.15228	873.2623
900.10266	1332.1759	1025.0322	1347.7412
1263.9946	1577.0228	1264.8225	1540.9729
1312.8152	1473.9894	1315.125	1434.0072
1350.1127	1608.0178	1350.9801	1553.9836
1504.8926	949.4726	1480.3015	954.4807
1567.9004	1853.0159	1553.6366	1763.7385
1612.7827	1571.008	1615.4526	1643.0203
1868.8195	1310.006	1862.7458	1125.0083
1878.2959	1856.705	1885.7573	1838.8983
1948.7057	1135.9856	1950.786	1237.984
2096.9526	1797.8796	1938.0376	1789.3038
2055.0613	827.29596	2014.1599	835.7719
2252.9385	1482.0023	2254.1177	1514.0325
184.33966	1168.2471	176.68547	1178.7712
245.99176	1521.9188	232.92343	1523.2461
1007.97705	1247.9377	1010.5912	1204.9751
1107.9005	1613.997	1106.9092	1645.9972
1221.0752	1345.0028	1219.9604	1375.0356
1574.6215	1830.0448	1577.4603	1854.0638
1625.329	1876.0905	1611.746	1775.3037
1674.8535	1619.9431	1676.0577	1637.9961
1796.9336	1202.3561	1761.996	1205.9604
2380.1587	1570.1348	2383.311	1543.0361
16.881979	1002.0307	11.871201	982.7733
156.66565	1114.952	150.03712	1161.1488
201.04126	1520.7767	184.85486	1517.7854
1280.5724	774.97235	1280.3583	786.0263
1334.0114	1638.2544	1312.0105	1639.2365
1522.0674	1568.0002	1521.861	1625.9995
2757.8252	1193.9226	2747.2217	1080.8854
101.37695	1057.8684	99.505005	1080.9598
127.056854	1030.676	151.02084	1034.8812
220.23033	1042.6323	205.05788	1048.1589
905.15424	1013.3006	1026.0093	1039.9581
1248.229	1232.9739	1249.38	1198.979
1255.3959	764.7451	1258.7145	756.8795
1274.2927	956.99817	1274.3081	968.0024
1540.8158	1222.99	1541.905	1202.9949
1809.9933	1488.9744	1811.2576	1538.0192
1932.0225	806.9995	1934.4836	923.9898
2167.9878	1270.8746	2298.1204	1258.2384
2405.7495	1626.0155	2403.2024	1584.9874
144.25029	1385.08	96.94255	1372.2112
137.9593	1224.3306	94.99499	1219.0406
1103.1302	648.72186	1120.9653	657.07404
1221.9229	1772.9785	1233.0106	1772.1407
1269.0889	1428.6437	1243.9098	1422.3613
1260.5189	1354.992	1260.2843	1369.0215
1275.9891	800.0475	1276.4702	790.0226
1699.1528	1555.0032	1700.6299	1485.0133
1995.8163	841.0069	1957.0334	848.1811
2041.7417	1618.0177	2043.2485	1639.9829
2056.8616	875.9983	2057.1191	854.9892
2217.0479	1619.8982	2218.7112	1637.0281
164.09262	1312.0151	155.95447	1361.9926
979.1733	1686.914	985.6717	1548.9374
1601.5719	1847.0613	1595.8374	1807.0233
1622.0013	1518.0171	1602.9615	1519.509
1810.9712	1541.0013	1811.7958	1558.0099
1975.789	893.0023	1975.5603	872.00476
2246.9739	1247.7428	2294.0989	1242.9786
2845.178	1813.7988	2857.3643	1824.5886
382.10117	1212.0109	379.17374	1239.1267
956.96405	1197.2086	926.9922	1192.0453
1181.994	1591.0248	1260.0221	1609.9086
1561.2014	1503.033	1565.8257	1474.8076
1604.9712	1309.7588	1620.9819	1307.8484
1297.0663	1175.7385	1193.6127	1149.5289
1217.3365	1354.0321	1217.5778	1343.9899
1254.6799	1553.9521	1253.701	1580.9891
1271.4543	1045.0176	1271.7772	1055.0394
1264.9741	1281.1355	1283.0771	1284.5966
1447.057	1475.979	1446.367	1507.0082
1463.0999	1034.5221	1547.0889	1018.46454
1822.1498	923.9979	1822.5201	951.0066
1852.5323	1244.0105	1851.4493	1196.0125
2799.449	1857.9319	2816.5422	1849.1127
179.99753	1026.8772	168.00241	1027.1194
188.08942	1035.5317	175.95892	1033.2151
1225.3378	1235.9536	1225.7225	1247.0443
1275.7478	1341.9532	1198.8389	1321.6091
1267.3054	1070.0111	1267.7062	1058.9893
1485.2325	1420.0347	1488.2626	1399.7406
1755.6716	1543.0188	1757.2805	1571.0413
2260.2693	1550.9827	2261.3013	1566.9806
2282.1143	1565.9926	2281.1306	1550.9261
71.05437	1286.4169	56.048767	1288.3739
114.601166	1334.99	113.750435	1368.9436
872.00006	1716.0935	992.0009	1715.9812
1275.527	925.98456	1275.1665	937.038
1321.5527	1197.0015	1321.4077	1154.002
1361.981	1632.1332	1363.0831	1624.0112
1372.5079	1479.124	1369.5742	1491.1403
1770.586	1527.9954	1770.892	1500.9874
2488.3274	1648.9867	2494.6858	1804.972
203.95306	1498.4106	247.07555	1503.339
1650.4393	1592.0317	1647.9098	1627.0657
1634.9059	1000.5173	1693.9994	988.9969
2214.1704	1814.8992	2215.809	1833.9303
1383.1466	1569.0046	1382.4233	1591.9818
1904.9719	1841.5002	1928.0115	1840.2034
2195.0037	1845.9249	2056.004	1838.9235
2453.4314	795.9703	2455.5703	827.0296
2457.321	308.63913	2466.875	317.14035
2816.6965	1850.1127	2813.656	1814.9432
1237.1721	932.9511	1236.6317	942.09644
1322.2748	518.9955	1322.684	544.02155
19.980824	935.53644	37.034374	934.831
445.81277	1713.2576	440.4617	1730.1462
1337.3699	1436.118	1333.5249	1448.1675
1503.429	1430.8923	1507.7379	1448.0658
1534.752	1313.0195	1535.2458	1293.9805
1540.056	1285.9822	1540.4512	1264.9896
1577.9563	1857.6884	1601.063	1854.449
1643.032	1453.992	1646.5028	1467.8743
2581.4395	1241.0457	2563.6902	1023.0252
108.87759	1412.3107	86.765144	1403.596
449.87115	1221.0922	447.22144	1246.1293
1475.396	1443.9728	1476.3645	1458.0437
1543.0001	1857.07	1564.0018	1857.0315
1627.6257	1344.9315	1624.6656	1361.1217
2212.5513	1601.9723	2211.6477	1584.0177
2857.8625	1562.0323	2850.971	1532.7712
86.11073	1369.351	55.964535	1364.2079
83.8318	1292.9729	87.04929	1273.0079
1069.0714	1678.3684	1114.1165	1680.3403
1253.8196	1077.993	1255.0256	1046.9622
1816.1792	879.9171	1783.075	886.38354
2179.956	1254.5852	2226.0745	1249.7032
2223.9639	1145.7036	2179.0205	1151.168
2203.6394	843.9564	2205.8918	877.0074
169.83585	1176.9762	171.88814	1162.8386
1269.2758	1476.9335	1272.688	1491.0753
1297.8077	1655.9741	1298.1621	1667.0269
1405.1167	1253.057	1385.1394	1255.2623
1429.6619	664.8025	1436.6688	652.8065
2368.1287	1570.9707	2361.9963	1544.0009
2397.184	705.8489	2426.1238	699.57074
2884.9592	1578.0054	2889.061	1609.1238
176.8571	316.4054	211.17554	328.502
566.01904	1537.1047	555.98706	1538.9288
1220.1761	1377.9625	1219.6256	1390.0739
1236.8617	1258.4586	1211.0944	1250.6873
1259.4132	1388.9905	1259.4939	1401.0034
1596.4557	1420.0432	1597.5088	1408.9534
1603.0443	1806.992	1606.5054	1825.9076
1615.9935	1772.0006	1623.8457	1850.0155
1754.8328	1491.0039	1755.9928	1540.0238
1966.0021	1666.7659	2080.993	1667.7886
1498.7595	1656.8646	1539.5143	1720.0228
1558.1909	1358.006	1557.6216	1376.0197
1648.3557	1874.6663	1654.2699	1898.6874
1845.1644	1535.0076	1848.1326	1470.8673
2007.6316	1244.9927	2007.9677	1274.012
2179.9988	1668.1833	2313.006	1669.0321
121.48233	1141.2136	117.16643	1171.1681
194.47177	1098.0555	197.89694	1068.9879
962.4436	1548.9692	959.61536	1600.0894
1004.03925	1204.7559	977.9107	1200.5557
1171.8422	557.1902	1174.019	536.1052
1447.3674	754.0845	1445.8212	779.1125
1467.9459	1452.998	1468.4565	1438.9802
1600.9512	1167.7086	1621.0569	1164.3398
1212.0603	1430.73	1241.1714	1437.2329
1285.9232	1644.0016	1286.1245	1654.0176
1424.9229	1764.0968	1459.8511	1791.932
1627.807	889.2812	1643.0507	885.1886
1774.319	1514.9803	1774.4829	1526.0077
2519.1406	815.7487	2464.0173	826.0929
2901.5017	1623.0508	2896.9053	1577.9078
14.020845	910.78345	0.85406524	909.5159
1310.4624	1664.9363	1309.0315	1677.0038
1345.0042	1629.8582	1347.6957	1610.9567
1583.9176	1419.9929	1584.0577	1437.9995
1771.4265	1556.065	1770.889	1543.0459
2483.041	326.1037	2480.9756	307.00266
1216.9253	1316.2587	1191.063	1308.7821
1233.1913	1035.0032	1233.0093	1046.0167
1235.7096	760.17413	1249.8348	763.6677
1999.0144	1176.1227	1959.0972	1180.8246
2830.7732	1525.6442	2850.3923	1568.2797
1241.0112	1320.2041	1225.0046	1321.0852
1418.4307	1346.0402	1419.7422	1331.976
1421.2631	731.0223	1421.7765	748.0068
1675.7936	1523.9768	1675.3496	1547.026
3.0176122	1362.0676	27.20057	1355.7703
1206.8156	543.9763	1209.2633	524.90546
1234.2963	1355.0083	1233.1162	1397.0314
1288.985	1448.0613	1291.0475	1414.9407
1292.968	1364.0955	1295.4396	1339.0433
1458.3928	1205.9153	1457.3335	1226.0176
1568.853	1545.9904	1569.4746	1600.9946
1591.1538	1786.0314	1590.7448	1775.0095
1665.9796	1321.832	1681.0007	1320.0062
1978.5061	1622.0421	1979.6134	1635.033
2191.7954	1587.0132	2192.7646	1602.0153
3064.1792	948.9866	3066.6555	981.95074
6.729916	1340.9238	2.7790985	1354.9377
52.273685	1052.0338	48.91701	1079.2366
1241.41	813.01526	1241.3127	822.0142
1270.4183	1076.9529	1270.7526	1087.0082
1279.7205	807.9841	1279.2598	816.0718
1337.5957	1567.9485	1333.1252	1603.016
1796.0072	1592.3634	1859.9822	1591.0983
1874.4355	1888.0986	1886.4441	1867.2559
1418.1003	1314.0057	1420.5076	1271.9718
1505.841	1684.7357	1467.0461	1658.9305
252.98175	1502.7615	248.61969	1521.3795
1192.6938	843.2812	1197.5767	831.2337
1232.3121	1051.9504	1232.6918	1062.0116
1235.9572	947.91547	1236.8567	958.10095
1241.182	1338.8994	1241.8654	1346.9263
1699.9978	1466.5675	1666.0039	1466.7441
1975.8811	1494.0125	1977.2365	1506.9753
1230.8876	1419.2979	1211.9454	1412.1444
1362.4624	1853.6553	1388.3005	1874.8527
1591.6584	1402.9524	1593.2023	1391.8887
1075.0525	1615.0004	1074.9298	1635.0057
1869.1168	856.9186	1870.7173	819.9013
1270.2839	1093.9912	1270.3385	1102.0114
1419.0364	1209.0039	1420.6392	1194.0686
163.08662	1036.4758	177.03622	1038.7808
1291.4692	1389.0321	1290.7433	1377.0155
1323.9979	1958.917	1552.0062	1953.253
1869.963	914.99774	1871.255	893.9543
2000.2827	1621.9417	2000.9703	1637.0469
2060.0476	1168.4006	2019.0312	1173.264
395.27072	1746.791	370.33356	1736.6366
1584.1359	1413.9796	1581.5792	1396.9132
1846.2592	1936.3761	1863.3928	1924.5701
197.475	1067.0859	198.93958	1058.989
1788.3577	854.10614	1810.0315	847.0975
2193.3872	1621.9728	2194.3083	1635.0487
1213.6274	1480.2368	1180.6113	1470.29
1326.6207	1368.9156	1324.3599	1379.0801
1267.0662	1083.0253	1266.8484	1074.977
1633.0214	1223.5549	1620.0022	1224.0565
923.9375	1327.496	1007.98926	1338.0853
1086.7552	1583.011	1086.641	1569.9944
1295.2368	1418.9937	1294.9448	1453.9912
2304.128	1485.0061	2305.2268	1461.9631
362.01157	1844.2297	416.97314	1841.4658
1250.7915	1547.0616	1251.5007	1537.961
1449.4066	1456.061	1451.3606	1443.0542
2539.3655	233.64053	2531.8281	226.17342
1425.2898	1408.1642	1421.5746	1392.0984
1435.763	1425.1305	1428.411	1411.7738
1845.377	1892.5624	1822.5703	1907.8507
2846.8494	1533.5311	2853.8872	1562.0278
199.72531	1322.2064	189.03029	1307.9772
1405.2289	1878.979	1354.4414	1838.9789
1550.2158	1214.9828	1548.6262	1195.0298
1405.2585	1902.213	1371.0753	1890.7599
1219.7043	1396.9972	1219.6088	1406.9962
1834.7117	1718.929	1835.1713	1729.9929
44.239395	1305.1304	50.651012	1293.3545
1073.3826	1596.957	1072.5426	1609.0377
1306.0072	1472.9989	1302.8055	1451.8779
47.93303	1283.111	27.231922	1270.6157
1581.774	1453.9626	1582.3091	1465.0334
1289.9961	1663.0117	1267.7869	1655.6422
1637.1781	1204.9839	1638.5292	1219.9523
2263.4895	1621.942	2264.9177	1634.0098
1242.7921	1513.9856	1241.9591	1525.9972
1656.1945	1430.2544	1646.2933	1398.9073
1977.0491	1525.9957	1978.1672	1538.9856
979.3077	1214.3563	982.78375	1221.1113
2877.9375	1595.0359	2871.6995	1584.1726
931.3695	1205.7947	935.9451	1214.0305
1678.0778	1912.819	1690.0209	1917.9513
125.98019	1371.0077	119.896324	1355.431
745.7787	1232.9686	743.7777	1247.11
1378.8558	1591.0422	1380.1375	1565.0562
2082.6086	1609.012	2081.8772	1585.0038
1289.9542	1626.0123	1295.3011	1645.9191
1638.2059	1611.0117	1637.9108	1590.9866
