2857.2922	189.35165	2665.814	271.58096
2999.9233	140.81891	2921.9285	173.83105
3073.9785	84.35704	2983.7712	119.00806
584.8807	496.4841	626.08813	506.6424
2835.2288	220.61891	3022.201	151.54378
406.11844	417.57373	440.003	426.9892
2613.9556	301.8775	2677.34	278.93945
275.89368	389.39307	581.38873	502.45923
515.24146	456.2252	630.9149	492.27298
3070.2676	149.45752	2401.4934	394.61813
1.051155	379.79886	179.68648	425.2327
309.11786	727.3954	253.1023	716.4753
291.32034	472.79932	596.9125	554.32794
2741.8174	268.49316	2841.8083	232.468
155.98969	386.03714	202.97348	399.09543
433.13794	481.364	600.18713	524.172
41.96715	338.11075	66.853836	345.49277
185.07565	371.69894	206.95067	377.1963
1.5642709	342.0028	125.03215	376.8862
531.0412	468.83472	561.16394	476.34213
0.4538785	390.1625	173.53708	433.87332
153.02763	422.86398	173.97578	427.1192
297.4318	454.22693	447.7942	490.84506
292.5237	467.90826	596.7321	544.076
794.49603	598.10925	704.5682	576.6221
2556.349	285.22443	2634.6313	237.74358
3004.7952	173.43549	3068.1594	150.43958
68.565674	347.54752	220.65405	390.23264
0.6982455	347.89648	119.68168	387.9457
0.0215026	417.99606	204.95651	468.1776
173.96205	438.151	1.0743836	394.704
288.95648	497.61545	537.06555	553.71014
534.0391	522.84406	593.08655	537.6549
534.6375	454.4648	598.4327	470.2514
0.555758	321.68448	82.69941	343.348
0.9636533	401.14587	176.05756	444.76898
26.145851	369.45258	152.93782	403.2334
66.06195	446.74142	193.9111	477.37103
-1.1170977	368.12347	186.71947	417.07642
333.87494	453.50513	368.953	462.18988
341.01312	458.94678	437.0862	482.6506
301.04465	460.8184	424.93423	491.26755
0.4145353	407.3715	183.594	452.59393
161.03609	383.86887	194.94499	393.1999
526.08453	516.67993	584.9417	532.2209
1.0194079	426.91992	186.05734	471.7634
226.42168	348.58386	286.82986	366.5714
303.03226	449.86777	337.90823	458.3761
288.85712	480.5482	605.9484	563.1978
430.48495	491.11188	523.2713	514.9437
3070.5825	50.00118	3070.7776	118.9978
123.109314	414.6125	149.94827	422.18338
1.0538172	396.78564	176.30522	440.78427
245.18224	480.92508	246.92494	461.90152
309.0742	466.69894	509.00687	515.9721
288.91287	489.34738	367.95712	509.17096
614.06494	786.6626	568.0373	777.80634
2709.1199	280.31448	2736.0247	270.06488
1.0321891	383.87262	120.95509	414.1777
230.85535	742.8046	234.25714	722.8732
460.06628	538.7613	518.45306	554.97015
483.99423	537.0233	543.0914	551.6304
2624.2515	230.63776	2584.6963	246.22961
490.08673	485.66183	522.9751	494.0971
199.56711	481.67416	0.020129163	433.01868
177.02101	446.91504	0.9137056	403.34882
198.67407	332.85272	268.73447	354.8459
325.06674	447.7214	347.00537	452.97763
552.2355	774.7604	501.96014	765.20984
2912.7942	206.42618	3002.7087	174.18773
308.72165	734.4573	252.48146	723.71466
286.03937	386.84134	318.99518	395.0194
307.03525	413.84824	333.027	419.88367
387.9805	508.07828	288.66458	483.347
2594.2563	269.6919	2555.0032	292.0058
0.87443715	355.5262	36.96691	364.13867
21.065844	435.72232	64.02187	445.90775
120.903915	372.33096	158.89531	383.3606
254.93973	719.3119	310.19513	729.99023
176.03987	442.84103	1.0159534	398.9364
194.78734	471.87582	0.81142443	424.77664
184.06757	456.72403	0.79193264	411.8498
245.74905	776.97107	251.73232	725.0845
533.29126	555.90643	591.86523	571.5059
86.12889	358.55292	124.14085	369.51144
300.13098	812.2378	243.90121	802.5749
555.04034	520.8344	593.6961	530.2479
1.0204861	316.9152	30.019222	323.92044
79.00494	386.98203	130.93053	401.25275
180.99973	452.0011	6.038158	408.8453
545.23254	806.7615	501.88324	798.6219
200.70816	469.20145	0.841614	420.65204
172.93002	355.2511	136.01042	344.9626
167.86754	432.52365	0.9258387	390.29318
590.5511	778.1363	592.0484	761.0921
752.4263	578.8983	823.3484	593.2823
2683.8083	618.275	2709.593	611.46
3070.33	1.0030088	3070.55	49.997528
306.09662	446.61935	331.9535	453.1832
224.73991	792.95935	227.88634	772.826
248.00932	676.9536	193.97946	666.1023
543.38763	852.0371	550.0116	782.80975
184.94714	461.2168	0.9145731	416.3504
229.86823	747.6847	177.86975	737.67676
300.12418	786.306	248.0037	776.9794
363.0471	456.80502	386.14893	462.38318
2681.7593	587.07306	2708.7563	580.06177
212.11292	378.58533	230.13792	383.49344
176.05258	792.7071	226.05695	801.6828
372.0898	462.6453	393.01447	467.94284
459.94736	531.2166	482.09744	536.599
2504.7498	637.1116	2556.5803	622.51013
227.74463	768.7966	231.29521	746.8858
1475.9376	1176.9952	1476.0316	1155.9956
2834.923	75.817604	2865.1787	63.05323
469.15497	1157.4614	514.10187	1161.9886
471.13913	1126.736	517.13226	1131.7982
2353.3022	392.80582	2320.6462	405.05707
2434.7217	655.98987	2482.664	642.781
2652.9465	499.82956	2820.1301	447.41498
319.1157	350.60748	338.87296	356.431
493.94717	1127.8983	496.46176	1101.8514
2262.1604	425.40494	2195.8684	451.6679
2562.515	185.2307	2593.4558	165.7229
2709.867	579.5133	2738.6313	571.6512
236.71056	720.49146	180.49883	709.58246
302.98724	761.06995	252.83035	751.9311
371.7813	360.9651	355.7006	357.3213
588.0444	811.96686	588.7388	791.95624
566.9762	780.1282	614.20514	788.8948
1510.6127	1204.9838	1510.8586	1183.9867
2398.7976	395.46112	1935.2323	569.6183
2621.5413	116.80736	2569.541	136.80682
2763.76	564.1615	2823.714	547.001
128.0967	377.6886	151.96863	385.10104
609.09174	818.4932	565.87836	810.672
585.5262	834.88995	586.9372	815.9953
1050.7052	899.98566	1051.4869	883.92633
2765.7766	596.2166	2825.0857	579.30054
2767.7517	628.04126	2826.6829	612.77594
76.500694	339.1646	114.40763	349.50577
226.96484	773.18915	173.93806	763.3332
517.01587	1134.8616	470.9328	1129.5872
544.0332	830.819	498.9001	822.5451
606.9635	842.2054	563.90234	834.5492
786.51587	1123.9701	787.8752	1101.9307
2527.188	203.47446	2550.4927	194.24352
184.77231	705.1168	236.85028	715.7344
2399.8074	245.5366	2483.4746	210.737
2684.809	650.2714	2740.6414	635.632
245.1561	800.0992	298.1252	809.27747
335.59482	686.9015	174.65746	652.6075
275.86606	784.75824	298.85535	788.819
502.82196	767.9209	552.1065	777.4491
528.811	781.90735	546.86084	785.668
618.85223	522.7893	594.57574	539.8206
2194.8367	469.5564	2300.8184	430.50677
2330.0632	416.1744	2030.0488	525.13446
2568.4502	140.58412	2621.0596	120.15323
2818.07	450.22116	2736.075	476.236
563.3981	1095.9474	565.4152	1072.8616
783.7896	1161.9165	785.51636	1136.8976
1513.6224	938.00287	1513.6962	921.994
2868.8848	1074.1244	2801.9907	1082.9294
2966.5903	2.0168366	2665.3875	127.52975
81.82257	263.60202	0.78795004	239.7195
224.98853	478.77124	229.88031	435.75894
263.03024	1137.7059	214.92189	1132.7598
247.87102	779.6854	271.9589	784.2185
497.2801	1088.9296	499.63315	1064.8663
501.97607	764.1139	504.20303	745.0237
763.1846	1159.6582	784.0646	1162.5306
1052.474	869.9928	1052.6932	853.9821
1630.6837	928.0988	1631.6882	910.9817
2262.6604	703.812	2304.9219	691.7271
2618.5688	57.884785	2565.733	78.30939
2620.472	91.593376	2567.4373	111.500565
2712.826	610.39075	2740.1648	602.5765
197.19856	669.0207	247.93753	679.3081
497.0191	817.0882	500.65717	775.0569
571.66223	740.6402	630.0684	752.6678
682.2599	591.02155	685.58594	550.8828
857.9073	906.9323	858.96356	889.8739
1049.522	922.9799	1050.3223	903.9295
28.813362	265.02118	8.929261	261.38705
209.72917	720.29816	230.85289	724.70514
522.1284	821.00574	522.844	804.99304
545.1773	855.9726	496.08603	847.50134
540.0868	1134.1876	583.1297	1138.786
580.9258	1171.7909	536.9378	1167.6627
1478.5911	947.9899	1478.9851	931.97504
1479.7532	898.02985	1479.6058	882.0036
1592.6139	865.04224	1593.0865	846.9761
2619.3147	24.775187	2561.507	48.248867
2824.004	443.0123	2642.3574	500.13638
184.91974	1129.761	144.05783	1125.4515
178.8364	740.9392	201.03384	744.80566
242.50392	691.9411	229.6802	799.96204
245.01793	804.89594	299.9385	814.35693
491.44513	1157.9476	493.71805	1133.8789
637.959	748.19977	497.71515	719.3864
525.8089	806.0583	543.94006	809.3321
782.10345	1190.9508	783.47577	1165.9165
823.9688	859.16974	786.14233	852.2248
2566.6296	81.633	2619.483	61.252247
2778.899	1086.243	2715.9524	1094.6442
212.07912	326.709	191.00575	320.97885
204.83005	745.9883	228.00452	749.9737
177.01859	787.899	225.04935	796.7316
214.00922	1096.9185	237.05411	1099.521
282.9294	734.3514	303.11905	738.4075
494.71616	396.07608	446.87927	383.45764
502.68222	726.54254	562.0468	738.7728
560.6725	1134.892	562.70746	1109.8948
583.0137	1141.8766	538.88983	1136.9963
1048.2695	941.95703	1049.2692	924.95703
1558.9872	636.12195	1609.5535	591.62897
2187.1736	457.48245	2247.8687	435.63492
2557.0718	526.2365	2400.272	573.89465
2663.0093	897.04944	2874.0732	857.3899
348.75577	678.12506	162.62651	637.7205
215.09085	1130.0508	262.04364	1134.5441
94.22335	478.062	959.4556	684.0865
558.8343	744.84595	506.86914	734.6681
781.9972	1194.0251	762.8998	1191.9008
803.03503	1167.6912	787.8896	1165.9741
1514.1802	917.03485	1514.6243	901.9889
1999.0061	706.02014	2046.2094	691.68964
2435.7986	685.26807	2484.2563	671.93134
2505.7788	667.2055	2556.0574	653.2063
2799.854	998.0958	2862.8254	987.9205
2850.1426	876.7721	2781.0977	889.5282
2836.9192	1033.4573	2865.874	1029.1523
0.90248567	363.36423	23.863056	369.5115
263.02103	1105.8274	213.8972	1099.844
317.74075	696.2806	258.72995	684.3339
303.93726	757.86816	306.6704	735.8351
622.947	877.29877	491.98416	854.0894
622.8157	757.9109	572.8385	747.7983
682.59467	478.37686	619.7957	519.2234
1101.5391	878.9952	1101.6969	863.9863
1444.0388	860.97424	1440.367	998.0098
2644.0374	116.10141	2568.014	144.03767
2715.911	1011.4308	2773.9006	1002.3648
171.17117	759.16614	178.3025	708.90106
265.21964	484.90866	268.95554	452.99478
253.16136	775.1105	300.069	783.61957
250.37749	673.7062	327.87723	691.5337
279.8481	759.8242	301.04956	763.7311
322.0148	989.6492	305.00293	988.93085
514.9848	1165.1465	468.96136	1160.3724
609.17664	866.9536	561.8377	858.96124
802.0102	1195.87	787.9399	1194.7657
860.05475	1173.4467	821.93317	1169.6754
1052.587	1191.9774	1053.7921	1169.934
2633.6616	493.9401	2832.182	430.57004
3040.5417	152.91057	3017.7017	166.49863
501.92734	801.3765	520.2114	804.9043
504.71518	777.44476	522.0281	780.85767
779.9263	1217.9103	781.8477	1194.9038
786.0525	1163.1461	803.04974	1164.1913
887.9276	637.28766	852.882	628.4689
1346.7386	1130.0247	1347.1748	1116.9724
2536.8572	1078.0474	2589.7178	1070.1187
2594.3877	173.81796	2563.2678	188.56522
2864.9873	868.93207	2673.918	904.55945
259.14053	715.27783	307.07675	724.60565
488.56427	1188.8578	491.03635	1163.9045
558.3261	1165.8895	559.973	1140.9323
2091.8584	752.5102	2107.691	747.9316
2436.7017	714.8318	2483.7007	702.828
2589.8562	1111.9054	2535.0142	1119.1077
2717.8909	1051.2631	2745.8691	1047.1166
2815.2332	457.7424	2741.3022	480.96252
2779.9202	887.5715	2852.0286	874.1536
2856.157	881.8451	2778.0667	896.35864
33.996384	342.0152	0.9634243	334.1537
137.02977	1088.7196	189.08011	1094.2454
188.87051	1097.2566	136.90709	1091.9016
202.86166	771.80054	224.89491	775.6081
246.04326	681.78143	184.86676	669.6732
907.0722	803.65436	784.7695	778.1034
841.64624	1168.9818	842.93536	1143.9452
2045.5616	699.82886	2006.5553	711.8083
2015.8823	739.6178	2049.4004	729.30066
2297.8887	1112.2295	2338.7573	1106.3214
2820.8855	505.61703	2756.928	524.759
178.88176	660.5891	248.29675	674.5215
606.9327	864.9081	612.962	794.9106
705.85706	608.61633	642.9914	594.0371
785.95605	623.18616	708.77374	604.95807
823.1809	903.01355	828.21045	835.9408
859.99414	866.0293	842.8777	862.6129
2346.8984	368.7646	2335.8079	373.55505
2560.889	1036.3334	2586.8347	1032.009
2568.3137	114.83655	2620.478	95.27482
2642.8726	690.5032	2858.0693	635.27026
2756.156	527.528	2821.376	508.27386
2827.234	615.9154	2764.0164	632.0638
2867.0322	67.06148	2838.1	82.19123
538.0292	1164.6858	580.03876	1168.5824
565.88275	813.66156	584.0219	816.8762
784.9645	1165.3324	762.89594	1162.9741
1099.9614	908.9517	1100.7053	892.9399
1120.0117	885.96686	1120.649	866.9547
1909.3483	579.9492	1431.149	755.40607
2294.86	1077.1173	2337.7349	1070.326
2397.8533	751.41534	2582.0415	705.1649
2457.8777	1004.268	2508.954	995.72565
2461.8213	1051.8615	2510.868	1044.1595
2507.7878	697.19763	2556.7969	684.23224
2561.6821	196.26762	2590.3557	183.81923
241.99945	1057.8695	245.38445	1031.9197
271.3956	489.99478	211.94746	478.2663
298.71982	1016.09015	137.92804	994.53687
837.07587	801.6173	793.79395	793.0398
840.0798	1195.9436	841.5504	1171.9724
844.10266	1131.9711	844.843	1108.995
877.97144	870.1118	865.74677	866.9923
2199.0542	685.181	2238.688	673.29346
2305.2332	694.79803	2263.037	707.1274
2762.1572	898.83826	2689.1023	912.5451
2836.0051	424.0161	2626.8835	490.63416
60.004772	472.97916	0.681358	459.39114
138.05019	812.2562	122.983826	811.2397
173.79868	766.00354	198.79576	771.01807
181.84001	714.8022	203.95746	719.2133
176.10925	761.37103	227.1329	770.235
859.0026	1201.9755	819.9148	1197.797
861.0994	816.9291	859.84076	832.9087
1051.3445	1219.9718	1052.2937	1197.9265
1521.2969	965.1015	1450.7601	984.1098
1514.3286	888.04486	1514.9055	870.963
2550.163	539.5406	2488.0815	558.26996
2565.2546	50.624046	2617.1812	29.444416
2805.869	1038.0719	2834.0142	1034.0997
1000.14087	697.40985	93.98218	481.07465
466.13666	1188.6234	514.06146	1193.381
583.6818	858.0634	585.35846	840.0333
705.34625	554.4473	726.8487	537.8045
802.2646	1222.0183	808.1016	1137.8683
822.0417	881.77673	806.8252	878.9366
1640.183	933.67163	1563.8535	954.4623
2108.216	664.6833	1990.9331	701.78864
2243.8225	629.4188	2302.464	611.52094
2430.809	617.36145	2480.1812	602.606
2640.9758	139.93391	2601.4158	154.40233
2726.0715	479.22958	2653.9014	501.6827
2739.219	574.79675	2681.203	590.7388
2748.8008	1046.6504	2777.9045	1042.354
614.76324	1058.7577	469.96594	1039.2529
801.99915	878.00507	785.9595	875.23456
860.9699	865.99854	862.006	844.95105
885.65515	650.4146	804.59674	630.65424
1358.9962	1180.989	1359.674	1118.9965
2201.693	720.91705	2240.6794	709.86914
2465.898	1088.2969	2512.9224	1081.4658
2483.12	556.4053	2553.1873	535.6316
2728.3335	485.07895	2658.2305	506.74557
2720.8997	1091.267	2778.908	1083.3279
242.1088	1100.224	263.11642	1103.1696
516.0921	1196.0486	465.9807	1191.1992
551.6912	781.6351	502.3728	772.32104
1098.3639	950.00604	1098.6287	933.99384
1402.0594	901.8543	1407.1016	834.7073
1527.3016	847.9535	1450.7393	872.176
1478.3616	969.0335	1478.7572	952.9694
2001.4193	535.52716	1969.9711	547.92676
2231.8538	1121.9863	2271.8857	1116.2091
2587.3687	157.49562	1569.9181	584.42145
2833.0073	622.028	2660.837	667.3811
2708.9104	960.45905	2770.8667	950.1958
2806.9229	1079.4269	2867.8945	1071.2164
1955.9109	631.7395	3069.9014	250.63466
0.73347247	456.13342	58.089176	469.6208
1234.0433	578.84814	0.69013983	227.08644
142.02405	821.833	129.84459	820.07947
268.67273	1074.6835	215.72957	1064.3911
475.99173	1046.0635	537.9825	1054.1344
524.0286	1066.7751	479.8537	1061.1486
555.74176	1194.9777	557.82074	1170.8982
1363.2183	1028.0098	1363.6914	968.9895
2072.6814	757.85345	2089.7527	753.10986
2102.101	682.3276	2059.4546	695.47424
2250.8716	1084.2212	2269.8496	1081.0892
2535.858	1040.0215	2558.952	1036.6683
2500.814	597.3649	2553.671	581.87683
2676.9395	545.7926	2734.6833	528.91675
2771.1697	953.01526	2704.8496	964.09955
2860.0618	937.3597	2789.9001	949.4195
261.17474	682.12164	319.07162	693.63995
465.9307	1193.7382	515.95917	1198.4348
514.0456	1192.918	521.61194	1104.8807
649.7233	740.30896	487.57022	706.0332
859.75916	1227.9849	864.9682	1144.9353
1479.447	928.0035	1479.5712	911.9889
1584.3549	1191.0199	1584.1012	1170.0109
2176.9531	649.8473	2232.8972	632.66504
2470.2097	563.70184	2413.2212	580.7396
2558.749	693.0289	2415.736	729.97876
2537.8787	1116.0986	2588.897	1109.2349
556.7844	753.8941	547.6359	858.88116
762.9259	1188.5991	781.14197	1190.8523
1532.204	836.637	1449.079	863.2466
1727.2954	797.8738	1702.4326	806.2796
2109.2092	750.72943	2073.2969	761.0343
2407.7668	579.2217	2473.828	559.4256
2558.1128	625.39703	2505.389	640.3699
2735.125	531.4318	2674.9604	548.8631
820.13293	1194.7761	859.10767	1199.0083
1400.8861	1036.0144	1401.8491	976.9812
1584.068	1219.0002	1584.1508	1196.9968
1592.7399	938.05475	1592.4703	922.0089
2070.823	723.40936	2106.8804	712.601
2483.9985	645.99475	2435.276	659.0315
2671.839	552.45294	2735.2385	533.81146
216.72005	1056.227	270.0093	1062.9259
246.734	461.09235	231.88406	457.4761
256.91046	729.4503	276.915	733.4274
522.4429	1092.948	524.78217	1067.8864
549.6269	411.43744	534.8441	407.60056
1049.8922	1245.9424	1051.0361	1223.9498
1518.464	870.9978	1518.3992	887.0057
1584.5549	1156.0186	1584.2725	1134.0093
1856.7452	868.0944	1869.8346	864.4119
2116.0247	652.079	1981.049	694.1569
2305.9443	602.8186	2170.414	644.3513
2304.847	757.43	2180.6675	790.76135
2494.0918	1729.2504	2092.9897	1708.1941
2337.9805	968.8981	2196.219	996.1398
2273.71	988.52277	2333.1675	976.8537
2474.0815	288.172	2453.9275	297.7413
2567.9058	508.69962	2387.1445	565.46063
2740.3027	477.97006	2817.9185	453.73877
2878.2112	850.081	2658.2036	893.0427
2758.8872	521.6299	2819.7205	503.08298
475.90128	1650.5961	496.8707	1645.4711
790.8477	823.7368	830.23206	831.8772
829.13837	829.3386	791.12805	821.38776
1089.5238	1808.5573	1123.098	1797.2648
1423.2274	925.966	1425.3383	815.9873
1518.0178	899.97064	1517.5385	916.0161
1650.3915	799.23846	1554.4899	829.5497
1623.5396	1185.0386	1622.9847	1164.0004
1750.0259	897.0874	1763.987	892.9564
1932.12	855.4414	1835.4706	881.73016
2018.7417	825.02814	2048.7488	817.0545
2263.7808	760.20135	2303.7844	749.21497
2746.3726	482.19766	2813.4783	461.3226
2773.0295	894.1601	2860.201	878.0899
3069.8157	160.03944	3070.6802	186.01065
587.48663	1100.9507	589.8924	1075.8937
805.69055	806.8625	804.3073	820.0323
838.1575	1223.9454	839.5805	1201.9728
858.9621	889.1892	844.9248	886.37524
1354.3527	862.00745	1354.9458	833.9777
1474.716	1262.0133	1475.089	1241.983
2233.398	641.3095	2187.391	655.28705
2328.1648	995.4485	2314.0068	997.0597
2464.9	1126.2317	2513.8496	1119.8472
2738.9607	606.8536	2683.2195	621.81793
2851.278	898.54944	2826.1887	903.0514
3071.1182	1771.5159	2918.9866	1764.2823
238.2779	1097.9174	241.25531	1071.9147
499.9031	825.5139	518.0135	828.92834
689.06177	551.08966	685.67957	591.14185
1031.2999	573.4388	950.47546	628.6955
1049.539	637.0448	1069.0022	627.00415
1065.9647	928.16766	1052.912	925.41754
1071.7163	875.99524	1072.0372	856.98376
1098.9243	930.9965	1099.7156	913.9404
1515.1802	1148.9752	1515.4083	1169.0067
1774.164	897.5914	1687.8678	921.52313
1903.8944	855.62195	1921.887	850.59546
2241.326	713.16974	2202.2925	724.04974
2230.8901	1087.18	2248.9675	1084.7579
2265.736	731.04626	2283.7412	726.0644
2676.0688	1131.5717	2901.811	1104.4288
102.94448	262.20016	41.923664	245.2752
166.66698	1047.0862	169.7975	1022.8447
190.1017	737.4626	229.03206	744.8306
269.9641	1060.995	273.4831	1035.7882
498.2034	844.8628	541.08374	852.5319
613.8684	792.78534	568.147	785.12286
614.16437	783.9385	615.347	767.8783
865.1326	1135.0095	866.7807	1111.913
1368.2532	758.9011	1372.053	691.77655
1958.533	552.4319	1651.842	666.57544
2105.119	1029.6012	2065.8738	1037.3612
2347.1084	953.54346	2184.4001	986.0058
2259.0227	999.12134	2214.2869	1007.5263
2425.0002	1163.0023	2616.0251	1140.2097
2588.101	921.52136	2426.1775	952.9159
2434.927	958.616	2503.9075	945.51324
2584.0728	985.42944	2526.8516	995.1246
2577.2046	949.2942	2558.051	952.323
2651.8535	505.52914	2728.8713	481.58652
314.61105	706.0671	302.65942	814.96265
876.9184	892.4494	862.83795	889.8921
1067.6827	946.9834	1070.9315	884.94403
1427.8176	682.7882	1325.7307	659.1637
1511.5475	1170.0016	1511.5677	1149.9985
1707.3712	1229.0189	1707.555	1205.9965
1767.9988	1583.5073	1708.9991	1583.3712
1750.7264	1195.0115	1750.6005	1170.0071
2327.973	985.8621	2278.91	995.54285
2555.0198	657.0719	2506.4182	670.5123
2683.9565	910.77094	2764.885	895.3953
146.7602	2044.9707	170.85039	2039.3579
195.52493	1050.0712	198.65953	1026.9539
580.2318	1200.0189	587.4338	1111.8721
767.1076	1123.1964	807.19244	1128.5625
805.49896	852.96344	806.74316	835.9083
863.1086	833.07745	864.2258	817.08563
878.6552	913.04443	883.1355	846.9414
1422.1891	948.0367	1318.8533	927.74744
1403.1605	909.24493	1383.0082	904.9616
1405.0394	751.9009	1410.2402	701.5088
1427.5585	729.0097	1428.356	683.00616
1510.5996	1231.0005	1510.6151	1209.999
1513.3109	959.0399	1513.8008	942.96344
1569.4989	587.9956	1569.0433	536.00836
1583.8809	1246.0054	1584.0143	1223.994
1583.3124	623.3416	1625.6584	584.62646
1639.4463	825.3645	1612.396	834.211
1750.4966	1165.9967	1750.6553	1141.9911
2314.9788	586.93243	2159.2573	635.81976
2295.926	1148.4165	2337.0254	1143.2007
2336.8438	1145.8322	2296.8901	1151.1792
2491.3489	560.1733	2548.3625	543.21906
2554.9314	595.7654	2502.3328	611.13885
2531.9946	1121.957	2590.0789	1114.6254
2800.0215	1086.1638	2869.139	1077.0537
274.7322	445.97302	270.40448	488.94
638.1179	893.9317	650.0381	740.0029
787.0902	1191.7592	802.0837	1192.8494
829.0361	834.8194	787.8807	826.59717
808.2752	1129.0217	810.1801	1104.9352
1035.1471	941.16675	1066.2374	946.6549
1117.0327	956.0014	1119.6775	893.94366
1385.0493	1154.9836	1385.5482	1126.0094
1739.925	1226.5388	1755.9883	1223.9276
2106.145	809.5308	1997.7657	839.14276
2302.9583	723.8564	2264.315	735.0843
2598.997	903.98535	2411.3264	941.62775
2512.1636	1085.1542	2464.137	1091.9656
2662.432	508.4021	2726.8635	488.55713
2824.3474	583.25073	2766.3777	599.3588
2811.1484	477.50934	2789.2603	483.89273
2790.05	952.2909	2860.2114	940.2305
3027.9604	1813.6804	2926.8955	1807.7922
132.00458	846.2653	119.99089	846.4729
157.32268	800.75354	311.5343	828.5808
321.94913	692.25006	257.95306	679.23065
478.8575	1057.0701	527.19885	1063.5067
845.0822	1169.048	860.0569	1170.3412
1029.6035	675.92755	1031.5725	637.97784
1101.1803	1251.0056	1101.8701	1228.9646
1365.9967	893.9723	1367.625	834.96204
1601.81	892.9913	1602.5891	875.9812
1623.5288	1213.0001	1623.5358	1190.9995
2073.854	810.4654	2105.9202	801.7074
2298.3457	621.106	2247.6707	636.9468
2401.5493	565.5217	2564.2754	515.9031
2825.0217	550.0754	2765.0754	567.2631
2794.9343	945.621	2858.919	934.53284
252.8503	754.8607	274.87958	758.6924
147.6782	808.7584	329.97815	842.11945
595.1095	1212.887	461.02982	1199.6969
834.03784	810.00244	827.7036	907.91614
932.915	661.39746	891.8687	652.6134
1299.2826	459.62048	1291.3248	495.6298
1348.6715	697.99585	1347.9393	756.0245
1397.1234	1190.0023	1398.2896	1128.9673
1526.3167	1116.5144	1443.3882	1133.8562
1707.6298	1201.0558	1706.6937	1178.0531
2482.021	676.0781	2436.117	688.434
2462.9985	314.99213	2473.996	312.97882
2554.1191	590.41077	2498.5747	606.5351
2575.9	169.7915	2562.9954	175.99057
502.14264	1638.5968	479.97488	1643.8949
562.4681	1750.0455	568.6969	1685.9706
619.583	765.8808	610.9934	867.99945
1398.98	1043.1047	1380.877	1039.6439
1644.0951	811.30426	1561.3646	837.16626
1592.5159	895.0054	1592.6833	878.98627
1771.2762	1067.3726	1664.1862	1088.925
1913.9819	1499.5153	1812.9733	1503.2837
1891.9417	1143.6201	1916.8156	1139.7991
1928.1737	735.56323	1892.4847	746.57135
2045.2153	1041.118	2010.1676	1047.8699
2097.871	1144.2681	2113.7317	1141.4762
2165.8513	811.4199	2324.667	770.7009
2511.1118	943.6037	2582.083	930.44745
2782.1133	486.40396	2760.158	492.56305
2938.88	1734.4213	2963.9543	1736.5413
262.9415	1128.9934	268.61932	1078.9568
288.561	989.17053	258.64368	977.9501
565.014	1071.8859	547.90314	1069.7916
542.9505	1096.3744	586.97424	1102.1948
580.6399	403.2196	624.91364	416.29254
641.77344	588.946	706.37897	604.4175
802.06635	897.0051	803.4558	879.0352
1350.5408	1010.0074	1350.705	997.996
1356.9651	756.0538	1356.4414	745.97705
1487.2728	897.0092	1487.4978	865.99634
1511.6725	1529.8451	1517.7281	1438.8488
1783.3083	755.9621	1677.5898	789.8405
1719.3516	904.0163	1719.5565	886.9946
2096.8135	1110.793	2112.742	1108.3308
2285.9243	725.7553	2303.1326	720.4283
2416.8374	946.1881	2597.212	910.0585
2611.831	160.76585	2597.693	170.96104
2705.1406	966.85443	2771.1614	955.9802
234.76086	1129.85	237.90704	1103.8677
543.8054	1053.9977	543.92114	1094.9974
917.6559	796.5855	775.6186	765.7574
1388.6805	986.007	1388.7836	975.99774
1390.9071	884.02563	1391.6727	856.96246
1475.56	1211.0001	1475.5563	1189.0002
1523.1077	1127.5404	1448.8663	1142.3292
1623.499	1148.9952	1623.29	1127.0067
1763.1262	1233.8573	1673.9979	1246.9858
1706.8073	1136.0146	1706.5125	1112.0183
1706.7554	1172.0145	1706.6064	1149.009
1750.4635	1127.0098	1750.61	1104.9907
1771.1826	784.58636	1744.927	792.7657
1823.9858	898.9439	1945.7792	868.12726
2036.8591	768.5945	2050.9016	763.71686
2114.0918	1111.6652	2096.0215	1114.1565
2340.2046	1155.4137	2208.9146	1174.4097
2222.7214	743.1194	2239.9	737.6836
2362.026	1346.4128	2193.0615	1356.9838
2316.0151	1113.1066	2295.156	1116.0903
2741.198	638.7685	2681.0684	654.2656
2713.9666	1097.7507	2779.131	1088.9744
2763.1907	915.01337	2740.0684	919.3634
162.01056	1088.8789	165.32384	1061.7949
202.359	401.4846	181.51189	427.4116
624.78204	1048.6168	458.69998	1026.2253
1103.3417	1198.9877	1103.7526	1176.9767
1312.0399	457.6862	1306.8945	489.823
1353.4946	890.99207	1353.6832	878.995
1592.4364	918.0044	1592.6176	899.9861
1942.18	705.56525	1821.3339	744.04846
2338.1074	1109.7394	2318.0942	1112.6489
2683.3901	622.894	2685.4546	649.96533
541.8981	1107.9911	539.6027	1134.1406
588.89636	1074.9025	568.93005	1072.6089
752.98865	1067.9991	740.63763	1241.0455
888.5359	821.02966	883.22565	917.0125
894.01984	924.889	779.9122	904.4912
1054.8231	883.9917	1052.9873	923.0933
1147.0	712.00006	1055.1923	690.1907
1139.3713	607.6343	1181.0118	618.95654
1367.0354	901.8469	1344.8363	896.707
1631.8851	1251.1992	1553.7708	1262.4015
1596.6986	898.9575	1596.1415	916.03723
1698.941	1665.969	1712.697	1639.8405
1761.4534	814.0124	1761.6068	795.99664
1878.2596	750.7997	1844.5642	761.7379
1918.1158	1212.7743	1820.0671	1227.4487
2122.214	1000.09576	1981.9073	1027.5262
2113.163	1145.0613	2080.0237	1150.154
1994.7747	694.2729	2114.3743	657.2079
2259.5383	680.0859	2264.233	759.9863
2694.679	914.30493	2759.987	901.9319
2734.1362	919.72015	2708.1218	924.6439
2783.2148	898.17267	2855.1814	884.9905
176.15349	1311.2872	122.83833	1317.6442
180.34734	696.00287	180.46233	682.0038
458.14575	1025.9181	440.1036	1214.1058
891.23517	812.8387	850.8654	804.66473
1034.7152	880.0031	1035.3862	941.0068
1049.92	903.42035	1036.8232	900.929
1047.6843	679.9815	1050.143	637.9499
1120.2059	1255.0073	1122.9607	1176.9281
1282.259	468.44138	1275.0913	503.611
1391.8702	854.01373	1391.7242	841.9912
1443.7686	809.3273	1944.0599	637.1743
1900.6691	1101.049	1899.7493	1076.046
2076.9724	1071.8467	2111.9224	1065.5685
2165.7493	639.2034	2309.9404	593.8107
2261.0708	1763.8885	2298.0483	1766.2407
2390.0088	1461.444	2406.0024	1461.1278
2474.331	569.1183	2419.1375	585.464
2512.2207	1047.362	2462.2375	1055.4656
2530.8022	991.8994	2584.8535	982.1853
2589.0442	1035.2778	2535.134	1043.8429
2864.2039	991.2791	2800.2349	1001.474
301.97952	1004.1927	286.93692	1002.59326
472.07886	864.56	637.15326	894.1449
477.0689	1053.009	476.7833	1087.0233
521.8923	1103.7854	474.95245	1097.3467
491.65375	858.9596	620.0621	881.6486
843.44543	887.02905	842.267	905.0827
1028.2755	1555.0267	1029.843	1538.8876
1346.0826	1177.0017	1346.6697	1148.993
1423.9999	816.00073	1322.8582	793.6415
1630.7948	589.5427	1577.9971	633.20575
1710.5222	1109.9984	1710.4414	1135.0015
1761.9628	892.0628	1761.4375	875.01733
2114.189	1187.3696	2001.1326	1202.9614
2095.3723	1176.0632	2094.3613	1150.0248
2202.7686	748.16925	2220.7651	743.1566
2225.9175	1043.5057	2267.9165	1036.4996
2309.1685	999.30194	2289.1162	1001.89716
2480.133	605.4587	2430.0037	620.0125
2509.0762	998.4532	2453.9517	1007.7128
2821.1282	512.43774	2752.8298	532.418
294.38196	455.41104	314.38794	434.41678
440.04642	1214.484	611.1015	1229.8713
534.0352	1195.5768	578.063	1199.2437
788.01874	831.92633	801.8841	835.45544
1521.6417	1403.1388	1529.023	1369.005
1596.6646	877.96326	1596.2224	894.0336
1766.1814	1079.9167	1674.8018	1097.9979
1919.1008	1142.584	1888.3276	1147.8973
1986.6073	857.478	2122.8262	822.3266
2019.8953	1081.3843	2053.9316	1075.5979
2258.621	644.0159	2259.586	666.9754
2350.0652	1361.113	2205.0945	1369.6119
2821.1526	518.53046	2760.2998	536.04205
2821.0037	904.0186	2793.265	909.37225
230.29755	296.93655	323.03275	322.8829
524.9426	830.38214	542.0084	832.9437
536.7117	1168.1411	534.48663	1195.1226
547.8759	1065.928	592.1538	1071.85
863.0134	886.9264	877.09296	889.4892
1039.9784	1729.9836	1070.9006	1688.9252
1324.68	464.78232	1321.6578	483.1085
1345.8173	831.0199	1344.3545	891.033
1351.1134	994.0152	1350.9418	983.9839
1355.2927	1338.0071	1355.6337	1275.9924
1518.0809	1266.5385	1447.1799	1277.1967
1637.0563	1105.2833	1553.9602	1121.7998
1634.8031	834.9148	1635.6116	852.0184
1916.7549	802.0275	1916.522	783.0181
2193.9106	1193.308	2360.963	1171.7123
2574.1838	940.9542	2518.9236	951.60297
2589.1003	1073.6627	2537.0828	1081.5455
2658.1206	126.988625	2646.2336	0.88372105
2736.399	543.4125	2678.2368	559.8388
2728.5122	491.64453	2663.2974	511.95493
2757.1147	489.3861	2812.2966	472.9988
2867.2346	1032.5701	2805.1272	1041.8516
2868.9988	1444.9232	2912.0203	1444.1838
144.11186	1185.6844	296.94226	1198.6792
487.0244	707.0024	471.5286	864.15076
774.47943	764.9601	763.049	914.0804
804.07275	876.0039	805.04584	858.0025
821.8847	1224.047	858.1062	1228.0356
1071.8848	856.58466	1055.9137	853.43787
1350.4371	1116.9988	1350.4491	1131.0005
1388.8743	1127.0127	1388.2362	1171.018
1602.3286	863.0135	1601.6859	830.9862
2078.8052	1113.6665	2093.9207	1111.4573
2205.0813	1001.42926	2261.1528	990.8071
2202.7537	776.1028	2222.884	770.5773
2270.2537	1084.6019	2229.1755	1091.1085
2338.1108	1073.6898	2292.3293	1081.0494
2418.3132	582.0583	2470.5806	566.58325
2480.9058	616.6756	2432.2368	630.8148
2766.4697	599.8999	2768.382	627.97394
95.01913	1179.826	130.03557	1183.6766
159.01447	1124.7721	183.04462	1126.2966
186.58044	1128.0708	194.29346	1064.792
231.44115	1161.9406	234.10602	1136.9048
539.4039	1137.1102	537.20685	1165.0947
773.879	1095.8737	811.2699	1101.0509
838.766	1677.0958	850.8019	1455.152
1056.3982	854.008	1056.0562	871.02124
1069.3422	1250.018	1073.5461	1169.9237
1145.4298	980.9778	1150.7228	844.9892
1340.6207	889.9873	1342.463	834.982
1346.6049	1146.0089	1346.7977	1132.997
1378.0315	899.97	1379.8591	840.96466
1517.6454	920.9664	1517.2462	937.03094
1631.708	853.05646	1631.2881	836.0175
1725.4838	1283.9161	1723.3477	1297.0565
1756.6237	1732.8896	1758.6283	1707.89
1852.2708	1149.0546	1851.5132	1125.0469
1924.068	1376.9614	1798.9861	1385.804
2054.9844	1120.9015	2022.1729	1126.0927
2070.0095	734.92535	2072.8362	811.0061
2079.7942	1146.5826	2094.9114	1144.3887
2144.0522	1361.7491	1997.9966	1371.9508
2500.3352	602.1668	2552.0847	587.29456
2678.2886	560.8981	2682.9565	619.9244
2736.1145	537.3879	2672.7322	556.0928
190.00182	1162.4811	151.00238	1162.6287
261.85992	1170.5852	199.90192	1165.1099
831.8187	1103.451	865.0497	1107.6024
1088.3563	847.0194	1086.6659	878.09064
1116.0082	915.95996	1102.9371	913.3101
1148.3966	1280.9796	1153.7751	1121.9586
1389.3873	439.92435	1385.5421	471.06693
1411.872	299.90274	1405.231	376.9337
1464.6068	976.01965	1465.7194	884.9721
1642.0072	1093.0348	1543.8474	1113.2592
1569.3527	536.6249	1540.8865	525.28485
1751.4463	1223.0079	1751.567	1200.9922
1934.3531	719.1243	1830.2571	751.8186
1900.5604	1140.9998	1900.571	1115.9994
2244.1055	1010.76965	2226.0337	1013.246
2270.1172	1119.7761	2230.2717	1125.7976
2548.3157	547.04565	2489.6272	564.76556
2775.9612	1005.7424	2714.3052	1015.0269
161.87842	636.98254	158.56664	660.08124
529.88025	1068.9897	518.7767	1198.0668
592.43616	414.29605	606.1345	422.78284
611.9422	1229.9233	625.0627	1048.932
814.7064	1105.9792	806.2401	1226.017
923.003	1734.0941	942.98285	1733.4597
1052.5968	926.01807	1052.0801	943.06305
1150.3562	1744.0295	1111.9009	1794.684
1132.0197	966.88806	1031.7739	949.2873
1314.1459	1096.0042	1311.6302	1184.0181
1416.2797	1205.011	1420.1011	1107.9646
1510.4948	1257.0054	1510.5696	1235.9949
2051.3452	767.1892	2020.3446	776.1872
2114.9468	1013.7291	1992.9318	1037.652
2067.0977	814.99695	2063.6123	702.9498
2112.0027	1755.9435	2142.0776	1757.4314
2224.828	770.42096	2239.9753	765.9174
2792.5015	527.7418	2795.301	554.8657
844.05493	883.6656	858.16693	885.9837
1102.4375	1225.9913	1102.7908	1202.9814
1357.1283	741.0135	1356.9578	730.0007
1442.2513	1048.0248	1446.8727	1001.18475
1475.4581	1236.007	1475.5586	1214.9932
1514.5696	1181.9971	1514.4169	1204.0099
1631.516	884.00183	1631.5728	867.99493
1761.5592	847.0026	1761.6439	828.99365
1801.0355	1518.5731	1851.0294	1515.4746
2019.7374	773.1849	2032.6827	769.015
2039.9944	1155.9587	2023.0338	1158.2501
2142.7122	1757.0377	2141.89	1729.0032
2480.008	967.0451	2457.2036	971.1353
2518.9033	1122.171	2460.9917	1128.929
2500.108	963.65674	2484.048	966.2926
2551.9907	953.9475	2529.1846	958.0304
2561.0347	48.998394	2565.4653	144.97852
2709.2034	551.8108	2711.527	578.8689
16.08723	1281.407	0.7214958	1284.7008
194.25337	1159.4846	204.49251	1144.6498
224.86243	1025.0269	274.3145	1031.6526
296.9657	1032.1355	299.24484	1015.89404
330.9215	840.9913	349.02335	677.8916
474.93414	1100.9948	472.91812	1126.1537
483.87967	1576.0712	485.8276	1551.9861
587.95654	1110.4971	541.95856	1106.4741
569.2314	1073.1025	567.2267	1097.1853
822.019	1166.745	840.0678	1168.09
908.19324	940.9477	917.5876	795.97327
1067.8271	1225.3115	1054.9196	1223.6105
1331.7039	444.8729	1325.1783	460.07654
1360.9543	1035.1948	1342.781	1030.9341
1540.5222	1688.8829	1546.6947	1663.6803
1587.9303	1134.9432	1588.5481	1155.9545
1761.7587	870.0024	1761.5717	851.0042
1919.1338	1051.6844	1814.0449	1072.2297
1852.9336	1153.4702	1840.1346	1155.0742
2023.8864	1122.1475	2042.9476	1119.6067
2069.448	701.00543	2069.6753	724.00323
2091.578	1068.0006	2091.536	1041.0007
2260.007	1434.1458	2244.9998	1434.02
2283.126	674.05493	2284.6292	697.96045
2318.7756	1113.8967	2320.527	1144.0275
2189.7654	989.7805	2345.169	959.8778
2565.8804	77.00429	2564.9827	51.96477
2760.2703	905.43774	2695.129	917.6857
2711.932	583.85297	2713.9167	609.93024
208.81078	1161.7278	254.03497	1166.6807
368.12726	1456.448	354.96527	1457.6049
791.6861	1102.9768	790.0509	1125.1512
889.0541	1095.5769	762.81445	1079.4525
1141.0079	852.96216	1032.7505	830.18585
1350.2928	1149.9669	1349.681	1163.0319
1337.0021	477.41827	1443.0115	477.79703
1520.434	959.00525	1520.6636	939.9839
1593.7299	1190.9832	1593.1991	1168.0186
1626.7014	1162.9541	1627.2959	1184.9921
1776.2999	768.93884	1685.3206	798.0034
2286.3496	730.0286	2287.36	752.98413
2290.06	1033.3334	2334.869	1025.2709
2813.3235	465.03125	2744.505	486.61017
2796.4697	619.5049	2792.8457	594.1651
2851.228	889.2358	2781.213	902.15436
563.35443	1142.0248	561.6767	1166.0472
842.11597	906.3124	877.13196	912.2176
1053.8334	852.8706	1040.7389	850.3647
1026.9009	702.4215	1186.2587	739.9002
1318.3341	931.0433	1314.8649	1038.0281
1337.4851	1025.0396	1338.8975	971.97064
1351.0015	979.00006	1351.6132	966.9803
1486.5626	924.98865	1486.9534	909.9728
1596.5446	845.99786	1596.4596	864.0022
1634.9999	887.9954	1635.0386	904.9976
1925.054	1038.2744	1804.2085	1062.0594
1865.6549	1107.013	1865.2784	1067.9877
1902.3038	1202.0579	1901.4513	1177.0529
2134.9712	1375.5839	2009.0873	1384.2657
2136.0007	1584.3176	2018.0012	1584.564
2111.659	1065.0211	2113.229	1015.94336
2197.5298	662.9727	2198.6614	684.966
2315.799	1144.0726	2314.8071	1114.0394
2203.0017	1601.8068	2374.015	1603.3096
2453.9204	1010.5334	2509.1904	1001.11707
2500.282	572.0393	2501.643	596.9101
2778.1414	1045.9589	2718.2622	1054.7805
119.94093	1248.9225	108.00902	1258.0118
786.03625	854.8242	801.9768	858.1124
875.1584	1240.3845	758.1069	1228.91
915.3621	1680.0214	929.41437	1442.2609
1049.421	1527.0234	1052.2668	1475.9591
1105.4185	864.0045	1105.2355	880.99176
1087.0756	950.569	1116.231	955.6837
1376.8381	968.83636	1403.2051	973.9404
1317.7506	905.1213	1422.8887	928.50055
1439.9617	1134.9991	1436.2026	1301.0272
1481.4929	1262.0614	1484.5792	1187.0238
1499.0582	967.03406	1500.5647	875.97626
1765.8398	1192.0065	1766.0186	1169.0001
2267.4976	1036.089	2264.767	990.0138
2355.0	1585.182	2219.9995	1585.1375
2515.8567	1743.7518	1996.9625	1716.7201
2430.2222	592.9925	2431.0332	616.9989
2502.4631	701.96875	2493.833	574.07874
2524.8564	588.1383	2523.366	565.0409
2527.512	563.8854	2529.3386	587.9743
164.93857	1049.4314	189.15942	1052.8805
158.89659	276.35745	227.25078	296.1332
277.91992	1001.5487	219.98622	993.0944
460.7127	1205.9908	591.9427	1218.5966
825.1275	1130.799	865.1017	1135.0419
1025.0928	1578.2582	1056.9331	1566.8138
1103.8541	893.9971	1103.5337	910.03064
1086.2168	878.87286	1118.188	885.02264
1124.7695	868.9533	1121.3156	959.974
1332.8656	1176.9963	1334.354	1121.9825
1383.4403	839.9826	1381.6077	899.01886
1447.4321	862.00543	1447.6029	816.9985
1469.2043	1526.0135	1472.3271	1479.0217
1479.6213	1187.9772	1479.2557	1210.0209
1514.5038	1208.9968	1514.3652	1231.0085
1577.4421	946.9929	1576.9739	852.00507
1587.6377	1195.9965	1587.6871	1218.9985
1598.7971	583.73004	1587.7677	592.02124
1716.0204	1393.4463	1693.0227	1394.4968
1744.511	900.9994	1744.3939	801.00073
1868.5723	816.00146	1868.6212	796.99646
2039.8278	796.3788	2020.2261	801.8153
2092.547	783.022	2093.565	804.02106
1988.9342	1220.4473	2130.9436	1203.5261
2198.9521	1362.2054	2355.9846	1352.7449
2250.4866	1153.057	2249.3936	1124.0228
2785.9077	512.10724	2783.3506	486.06375
726.6967	536.9829	683.70483	479.97678
828.4727	1094.0421	825.2552	1130.1119
1080.0189	1451.4452	1004.96985	1448.8845
1037.1661	1191.5206	1052.0902	1193.1967
1102.4368	935.0057	1102.2158	951.9898
1252.2344	706.0054	1251.3083	573.99786
998.5679	751.90344	1287.132	817.4188
1384.5698	1186.0085	1384.3502	1174.993
1441.5149	475.00183	1441.5963	451.99503
1445.0184	1370.0834	1442.4855	1401.0397
1470.1166	911.9407	1468.8805	972.0387
1531.0455	975.0235	1531.99	933.0223
1631.4078	906.01184	1631.5507	888.9962
1754.7156	1140.9895	1754.5197	1165.0123
1903.6677	1075.0138	1904.75	1100.9688
2098.2693	779.8875	2074.3474	787.1451
2231.919	1157.3881	2270.8984	1152.2318
2291.9336	1154.5183	2337.0422	1148.3068
2525.9927	997.95605	2584.1917	988.1354
2659.0088	133.01968	2645.949	138.88652
2714.426	614.7904	2716.6855	640.9408
2795.9006	560.0875	2798.0366	586.9175
70.081825	1375.0927	45.678123	1396.6354
741.071	1242.2396	888.9955	1256.0481
789.08716	1138.0067	787.1668	1163.0128
1052.9741	1196.2896	1037.9156	1194.9443
1118.7777	894.18616	1085.8112	888.0074
1343.9996	440.85773	1339.1208	475.15942
1427.6196	872.9938	1425.3235	1012.9725
1470.06	883.9936	1469.9302	902.9995
1593.6729	1219.0021	1593.5183	1195.003
1615.4133	937.00165	1615.5227	841.99945
1635.2327	866.98956	1635.0151	883.0138
1737.942	1141.9833	1738.6648	1226.0029
1736.1478	1626.6158	1746.8281	1602.9225
1754.5701	1103.9976	1754.4369	1127.0083
1765.6581	872.98364	1765.4264	892.0052
2094.1318	1114.8441	2078.8792	1117.2255
2280.5315	698.14343	2279.1897	675.04706
2485.3545	313.30746	2469.142	330.10257
2530.4368	604.8433	2531.99	629.0007
2823.644	939.20465	2820.675	905.02826
2883.1096	1426.1935	2858.9324	1439.8804
2874.003	1810.7216	2941.0166	1811.4249
472.02908	1131.1035	469.30872	1158.1317
499.9724	1102.0808	497.73557	1128.978
871.0342	1112.002	863.95856	1232.9976
1054.9976	1221.0457	1067.0704	1221.6993
1085.552	890.01666	1084.374	929.0113
1091.5847	1129.973	1089.4291	1163.093
1342.4702	964.9887	1341.1926	1025.0254
1419.1118	1106.5126	1315.5953	1082.764
1336.169	1590.8245	1488.1113	1598.9062
1483.9915	1176.9999	1484.2866	1140.9941
1627.2198	1188.9998	1627.2529	1212.9983
1719.5371	826.01294	1719.3956	809.9877
1765.1378	794.9492	1765.5668	813.0103
1765.5275	827.99023	1765.4146	845.0094
1821.1791	744.9868	1822.9032	899.0011
1882.4296	1211.9922	1880.0515	1080.999
1887.9193	1206.527	1908.0165	1203.0966
2078.9004	1180.2239	2111.1396	1176.0878
2107.1035	1038.1115	2094.0308	1039.329
2268.8606	1155.008	2236.9294	1159.4974
2479.3213	602.13995	2476.3887	566.9676
2675.596	519.02655	2677.362	545.9105
2884.9124	1765.5787	2862.8135	1762.2314
15.983391	1353.981	0.5141011	1367.4417
368.97864	1399.9819	346.9408	1426.1064
503.10095	1065.0808	501.26477	1090.0929
590.81287	818.22174	605.918	820.5351
1070.0231	884.8824	1035.7743	878.14746
1103.2555	914.05286	1102.4989	932.021
1337.8678	1113.9978	1336.8036	1177.0304
1394.267	1316.0138	1394.5938	1285.9956
1483.1887	909.9638	1482.8878	925.01776
1485.682	968.0016	1485.5884	948.99713
1502.9983	1564.3616	1438.995	1564.0559
1504.3779	901.0188	1503.5312	963.02094
1869.4739	839.9905	1869.0718	820.0187
1917.6816	850.01465	1917.5613	831.0028
2113.991	1496.0002	2113.3845	1475.9581
2198.5142	697.9218	2202.5432	775.9719
2278.7883	660.0555	2277.9136	640.9581
2480.145	611.50433	2428.7915	626.2747
2424.481	590.3669	2473.2734	574.8605
2579.1738	933.91516	2517.1323	945.6962
2566.453	145.26291	2587.7773	158.36229
2734.1802	528.1673	2730.1191	483.98904
605.2938	1695.2645	622.98004	1474.9984
667.5415	1706.9187	662.91626	1732.9851
823.83374	1141.9923	822.71106	1166.0797
1037.0374	897.81006	1049.1584	900.19507
1067.086	906.44714	1054.914	904.5529
1037.0204	868.9	1070.2668	875.6941
1100.8689	912.8136	1086.9092	910.56366
1212.1859	539.8773	1236.9419	577.3782
1324.6625	658.9939	1322.678	769.0122
1467.0708	1157.0029	1466.1711	1179.0479
1495.4581	1265.0153	1496.6389	1151.9858
1698.948	1331.4243	1687.2501	1357.5596
1737.6925	1106.93	1738.6869	1130.9716
1738.8055	1130.9691	1765.7888	1125.8802
1834.1848	1217.0164	1831.655	1090.9868
1882.5609	812.00385	1882.5104	793.0013
2062.9917	699.97327	2102.195	687.61914
2257.8572	765.00714	2251.9277	645.9538
2751.0042	1051.8357	2753.7253	1085.0225
2837.8381	1037.7067	2841.492	1073.0525
921.95966	1691.6943	837.9527	1686.8141
1055.8696	1197.9951	1055.0474	1220.0763
1366.2954	431.91248	1361.0659	474.00818
1379.699	972.9961	1378.9146	1033.012
1840.9417	1212.4733	1864.9792	1209.8129
1852.5085	1210.0042	1852.7122	1184.9895
1806.9988	1243.991	1930.9994	1227.9952
2014.9144	718.03143	2015.5216	739.01385
2138.0945	1738.9059	2110.9514	1736.5616
2284.8564	702.0522	2285.9033	725.0044
2294.5913	1116.9028	2296.5415	1148.8448
2310.0046	1028.0657	2309.3462	998.03625
2491.4363	1089.8357	2493.535	1120.964
2511.552	1119.0887	2510.3914	1087.0583
2532.6309	634.0924	2534.3103	658.97906
2669.7969	516.35986	2726.1501	498.47327
2825.5461	903.8296	2829.4167	938.95404
148.9006	875.50433	134.8635	878.31934
570.1146	1721.8723	567.5108	1739.9294
856.89087	875.74133	844.913	880.7939
890.23706	1255.956	899.9784	1086.9412
1101.9143	863.3719	1091.7622	861.0315
1313.8973	750.7553	1251.156	711.34357
1373.864	1576.071	1375.3538	1557.9469
1388.4233	1017.99554	1388.508	1006.9962
1391.5323	1022.9997	1391.5387	1034.0009
1405.5228	972.68854	1412.6495	961.77124
1505.2402	873.98346	1504.8262	892.9962
1574.2825	843.86224	1569.0012	948.0507
1607.3569	1249.0027	1607.5864	1130.9972
1620.0094	867.9951	1620.1653	932.002
1718.4608	1171.0018	1718.5548	1146.9983
1730.4624	856.0022	1730.5481	837.99786
1754.8053	1169.9993	1754.7079	1195.0028
2226.164	637.53613	2189.255	648.83246
2239.0732	741.25446	2202.2432	751.8459
2349.0266	1448.5885	2311.0142	1450.3118
2431.0376	719.99774	2423.4329	593.9136
2435.4348	688.9212	2436.8643	714.9525
2482.3438	702.0776	2481.171	677.0388
2507.9414	995.1561	2504.2185	946.05927
2524.7715	995.94714	2522.3792	961.04254
2703.2124	536.98315	2701.1602	511.0665
2711.84	642.22296	2709.1426	616.0885
2740.023	971.14795	2712.072	975.4665
94.65069	1326.3212	59.36081	1343.7023
158.30867	1122.0394	161.65584	1095.8284
365.05597	1462.006	340.10654	1694.6897
859.1045	884.90936	860.8284	867.8814
1070.955	1465.9979	1068.1246	1529.0505
1086.0673	907.57965	1099.2107	909.68396
1121.9984	1177.0148	1089.9268	1173.7115
1231.5345	549.046	1313.1177	509.24118
1375.1511	1032.9628	1376.3394	973.96655
1394.0659	748.0011	1394.7437	707.9787
1415.6631	829.52783	1332.7263	811.24115
1421.867	984.9681	1422.7678	952.96533
1581.8993	879.00885	1581.6014	943.00745
1730.605	824.0387	1729.6875	790.9809
1740.5114	1602.8102	1732.9188	1622.3569
1885.813	1115.9323	1887.9819	1206.0005
1958.9719	1768.3827	1988.0482	1767.0623
2005.7748	711.97034	2007.2124	797.99646
2089.9458	696.0295	2090.5315	716.98517
2091.1418	730.95605	2091.5737	752.0087
2761.5776	632.0365	2753.1892	534.98364
2771.0818	966.5473	2742.131	970.8773
2664.9885	672.95685	2833.1865	628.7086
2860.039	950.22986	2828.1118	955.65735
145.13708	1014.8489	202.16197	1021.63995
146.94098	1338.5751	166.97119	1335.7926
506.97897	1643.8806	524.1505	1640.8539
594.504	1077.9603	584.4152	1204.0332
1042.7504	847.1314	1073.4618	853.9067
1067.8243	1536.9889	1066.052	1565.0033
1069.6268	626.2674	1031.5085	573.06866
1086.3741	930.00604	1086.2859	950.0101
1115.2562	575.0197	1114.3335	587.02563
1237.4999	722.88196	1243.2341	698.58325
1314.9968	1040.015	1420.1426	1062.3282
1321.7175	487.40414	1337.062	480.13086
1371.3296	1184.9719	1372.2708	1128.9878
1392.2203	976.9337	1392.7709	987.0668
1568.4454	1252.0016	1568.8451	1137.996
1567.6387	1785.8691	1576.2488	1762.0901
1722.7852	885.9271	1723.483	903.0211
1733.3792	1739.0164	1732.7717	1716.0325
1739.051	1102.2872	1761.0667	1098.3752
1866.5054	1147.0001	1866.5078	1122.0
1921.5627	829.9902	1921.912	849.9841
2035.4995	713.9984	2035.4392	733.0014
2053.7437	1074.064	2051.6516	1032.9668
2022.9683	1187.7665	2054.9216	1183.4242
2094.607	1144.0621	2093.3577	1116.0286
2191.9404	660.8271	2234.4075	646.1814
2260.0854	1007.8662	2248.996	1008.96045
2281.6226	638.9675	2282.7166	659.96265
2488.39	1121.0957	2486.6035	1091.0236
2504.727	640.9199	2505.9805	667.9545
2557.3018	953.05304	2559.7927	985.8639
2567.8093	110.950874	2566.1086	82.93271
2798.9094	592.8379	2801.0457	617.9961
155.00325	1157.0002	157.46857	1128.0399
69.662346	541.48956	984.57355	748.8814
299.2437	1128.177	292.07022	1138.051
566.2615	1110.1016	564.3289	1134.1069
677.0682	1474.9316	660.88226	1695.6981
846.81866	1145.0713	844.7308	1169.0636
891.7579	1680.9861	904.85864	1453.1644
1186.2767	1558.0571	1190.2189	1469.9651
1385.8164	705.9714	1384.4377	763.01056
1544.6182	1116.9987	1544.8501	1224.0004
1678.4753	936.9823	1785.7625	909.0864
1733.6536	1233.0012	1733.2069	1107.0028
1854.2778	767.9626	1854.864	787.9747
1890.8481	1174.7179	1901.9296	1173.4056
2023.8412	1155.004	2037.9604	1152.7523
2093.3313	1110.9878	2092.3054	1083.0623
2196.8406	780.0073	2191.4668	662.9327
2220.3984	657.0076	2220.6523	677.0044
2269.4946	1080.06	2268.3357	1051.0265
2336.2722	1142.0674	2335.1401	1113.0336
2463.5713	1092.8907	2465.8687	1125.9396
2510.5342	1043.0785	2508.874	1012.06024
2534.6152	664.02997	2536.5547	688.95685
2565.8867	1078.8446	2568.5315	1110.9562
2671.1694	551.9881	2669.0583	521.92566
2706.369	579.1549	2704.8333	553.06866
2771.943	959.668	2704.8591	971.17944
199.69012	1064.0901	188.06482	1153.139
298.78912	1199.9601	293.46872	1228.0886
572.09204	858.4049	604.0996	863.35626
937.23425	1729.8512	989.76135	753.7719
1037.4523	1222.0002	1037.4373	1246.0009
1315.9084	458.93985	1322.148	449.4403
1415.1963	471.00403	1415.8124	441.0167
1573.1201	629.16504	1559.8651	638.81476
1710.4259	1176.9524	1711.1957	1200.0269
1915.0364	1389.5085	1809.9297	1397.0161
1921.3676	805.0045	1921.5099	825.0035
2021.3044	1158.9095	2023.2521	1186.9825
2086.693	717.0414	2086.1519	699.9635
2095.189	1040.9546	2096.1848	1067.0311
1986.8892	1031.4199	2120.1836	1005.9614
2187.5505	655.9898	2188.0571	782.99976
2225.3188	1160.9847	2218.4426	1016.9789
2459.9656	1131.7356	2513.9644	1124.7263
2902.0312	1721.7255	2851.013	1720.4741
195.87633	1063.5481	140.98697	1059.1632
202.94585	1028.9001	200.5629	1054.0533
517.0198	1682.0298	475.97733	1682.8169
541.9377	1200.6077	582.029	1204.7173
786.82745	1166.0392	785.6898	1190.08
806.0951	898.65576	820.12946	902.5312
864.9567	1144.454	824.9389	1140.6414
1003.91254	1449.9398	995.543	1601.03
1025.8512	1104.9924	1017.5622	1267.0798
1037.117	1218.7656	1051.0863	1220.089
1076.2572	857.09534	1072.2913	951.0123
1322.9205	770.4524	1428.9841	789.09064
1411.8478	961.7573	1329.5554	945.21094
1357.5479	727.9932	1357.6833	699.0032
1388.163	1033.0189	1387.9365	1022.9789
1599.7931	937.0836	1600.73	916.9874
1620.5382	838.9899	1620.6626	858.0022
1639.1042	927.00055	1639.2085	907.9902
1713.2683	1262.0216	1711.5764	1283.0464
1882.4357	835.97046	1883.4312	816.9702
2088.8218	778.9543	2087.715	759.0715
2089.6265	805.1583	2088.2852	785.04767
2221.533	692.02325	2222.6755	714.9664
2392.8389	1446.741	2373.211	1458.9473
2554.8296	986.1579	2552.5654	955.0316
2707.4983	925.0381	2710.1401	959.8375
183.22105	969.6279	147.11868	982.33716
251.02383	459.87106	248.2293	481.03027
426.63123	1615.4574	409.9094	1675.0962
448.8868	359.378	517.9791	380.06967
1149.8241	845.7987	1024.5162	818.19635
1314.6492	514.2653	1232.711	553.39496
1442.8063	1127.0013	1442.7588	1084.0013
1593.615	1154.9922	1593.2084	1122.9846
1623.6116	1241.0159	1623.3606	1218.9845
1690.2299	1240.0037	1689.6445	1117.0017
1702.5209	912.99786	1702.1141	813.9995
1723.4092	807.99695	1723.3169	826.0068
1749.8678	819.57086	1774.951	811.84125
1772.3315	891.0097	1772.4843	869.9963
1854.9678	787.9028	1869.0747	783.2252
2071.712	1569.0397	2073.9155	1473.998
2096.4275	1082.9397	2097.5708	1109.9758
2097.404	1115.9348	2098.704	1143.9209
2431.7869	630.9016	2434.8738	686.9519
2502.9016	611.0363	2503.8257	638.9727
2513.1082	1081.1093	2511.2568	1049.0428
2563.1494	1041.0625	2565.4932	1072.9637
253.0964	983.66675	241.87811	980.4213
526.1135	1720.0791	527.6132	1698.9725
561.63574	1171.1464	559.4014	1196.1254
807.8557	1138.0216	766.8268	1132.2264
862.5468	891.0315	861.57025	907.9752
1023.71497	817.9859	1016.787	957.98944
1180.7244	1468.9791	1177.3151	1514.0238
1311.4132	764.0837	1314.0989	750.81757
1327.506	1309.9579	1325.0215	1339.0872
1350.2966	1133.9812	1350.4711	1146.0077
1699.3373	807.01404	1694.8757	914.0365
1707.8345	832.48804	1730.9996	824.9989
1765.5911	849.98645	1765.4175	868.0137
1861.6566	1460.0032	1861.0996	1398.99
1867.0767	1178.0017	1867.0309	1153.0
1873.3707	843.9847	1873.4938	862.9968
2013.4977	828.98364	2009.8873	719.03656
2024.996	1395.9799	2026.828	1577.9816
2333.331	1024.0157	2335.913	969.85284
2481.1145	998.1065	2479.4158	968.033
2506.8032	670.8719	2508.6567	696.9533
2496.7507	569.21954	2546.1423	553.4453
2558.0576	1036.1373	2555.7864	1004.0151
2588.0557	1108.0984	2586.4355	1076.0791
2752.0012	527.99994	2750.057	497.05927
56.933025	537.97064	48.50339	557.22046
34.417873	1362.4368	61.748	1316.4445
249.07594	482.6463	263.0747	485.6521
459.11807	1682.0126	451.63577	1752.0679
690.39594	1440.1094	682.7153	1467.9214
763.08856	914.5197	907.16846	941.08636
1072.0276	1170.7753	1037.9274	1166.5922
1083.2994	1527.012	1084.222	1504.0089
1087.8748	1174.9982	1088.0292	1251.004
1107.6246	1177.0165	1107.019	1200.0531
1249.3741	709.00397	1249.0986	735.01166
1343.8586	756.02637	1345.4255	704.98236
1368.8011	1164.9386	1367.67	1187.0343
1429.2252	791.9854	1428.51	829.9908
1501.1034	1150.9958	1501.0557	1173.0023
1530.8207	516.9517	1510.2756	448.3188
1596.9801	1106.8933	1624.94	1101.6781
1710.52	1148.9996	1710.5145	1172.0001
1729.3237	903.0105	1729.4904	881.996
1856.3949	1153.9852	1856.5487	1179.0028
2015.6843	750.9731	2018.5945	825.0159
2034.7582	819.081	2034.07	800.0336
2038.6737	1184.0347	2038.2859	1158.0106
2075.788	1084.9452	2078.6978	1179.948
2091.731	757.0579	2092.6855	777.9687
2110.2302	1737.8585	2112.1865	1754.8635
2114.883	1525.0461	2114.2585	1509.948
2253.4072	1123.9364	2254.7217	1153.0126
2304.5464	691.071	2303.4216	668.02826
2428.641	622.7548	2479.0632	608.21893
2419.1458	735.5648	2560.0508	699.1967
2679.067	653.9948	2671.5518	557.0347
2718.548	1055.0391	2721.6328	1090.7727
2740.1006	635.1527	2737.9243	608.0865
2757.4478	494.0293	2758.8784	521.0065
2804.1567	1042.891	2807.5544	1078.9478
2830.3757	956.7835	2833.6624	992.8485
27.20593	807.0282	63.718037	540.4136
463.9664	1031.2485	618.12274	1052.092
1048.0448	1556.0028	1049.1627	1537.9481
1054.6825	1224.986	1053.7068	1247.0312
1144.03	1130.7853	1035.7681	1115.6599
1262.0194	1553.0065	1269.2917	1531.4355
1333.8054	1288.9946	1332.5494	1334.9877
1345.3232	828.39215	1364.9329	832.334
1461.9292	879.93317	1461.3445	898.0434
1573.2335	1135.999	1573.3374	1159.9985
1582.32	849.9897	1582.0156	870.00024
1626.9125	1126.9403	1627.5994	1148.9501
1707.9049	908.69415	1719.9807	904.9379
1718.6996	1134.0481	1717.7734	1109.0084
1723.4768	862.9906	1723.1714	880.021
1761.3706	1222.9852	1761.1116	1198.9988
1802.0374	1725.9766	1802.671	1753.9849
1837.2234	1124.9702	1839.3683	1212.9667
1850.5665	872.9891	1848.5663	769.00836
1852.5626	1180.0011	1852.5432	1155.0004
1901.6464	1172.9945	1901.4263	1147.0049
1920.4146	781.98724	1920.5863	801.0037
1956.5116	644.90625	1979.7816	1764.8383
2059.469	1544.9746	2060.2844	1560.0387
2230.1116	1126.9343	2231.8835	1156.9479
2245.1313	1038.0648	2244.194	1011.02795
2283.1807	753.08026	2282.252	732.033
2316.7336	1078.8912	2318.6196	1108.9612
2761.1567	536.0534	2763.1875	568.1148
0.55919874	526.03064	55.779114	538.0176
130.01715	1168.3064	118.9957	1168.9231
1035.0085	640.0537	1033.0913	676.0581
1102.8768	1202.2253	1089.9073	1200.9215
1127.0793	1171.0024	1124.341	1259.0106
1280.0546	1792.7982	1256.9574	1794.3779
1367.4753	1340.9812	1368.201	1281.9779
1376.3579	1124.9641	1375.0247	1186.0223
1426.9784	734.9597	1427.6398	751.01483
1458.3849	1362.0609	1456.6373	1373.1008
1479.6794	1213.9438	1478.7397	1236.0315
1560.3829	1341.0374	1558.3242	1362.1293
1719.4424	858.01587	1719.6189	841.9848
1723.3168	839.99554	1723.1985	858.0079
1755.3129	1199.9833	1755.4789	1223.0038
1731.9211	1080.6462	1767.1757	1072.7883
1719.1045	1254.9625	1775.9774	1248.7915
1801.5344	1628.9893	1802.1041	1709.9993
1856.6024	1183.9912	1856.9684	1209.0005
1810.8842	1066.4027	1923.1245	1044.6425
1902.0729	1176.5997	1890.1278	1178.0518
2130.9924	1569.0334	2134.291	1471.0098
2224.9404	1013.9512	2226.4482	1042.9767
2269.7205	1151.0815	2268.7166	1123.0101
2289.7588	1153.0125	2282.0913	1004.99524
2290.9348	1045.8851	2292.8381	1077.9502
2481.7874	642.0443	2480.982	620.0007
2527.817	629.16437	2526.003	605.0751
2529.0571	958.8777	2530.9675	991.00195
2777.5994	1042.1077	2774.9067	1007.08405
1374.3265	1780.992	1375.1119	1813.0217
1460.9626	1268.012	1462.3237	1158.9916
1601.7601	912.99927	1601.8046	897.99945
1798.9324	1386.9734	1800.6384	1511.005
1855.086	798.98456	1856.0659	867.9991
1901.5176	751.99805	1901.5457	773.9993
2054.526	1117.0052	2054.4268	1089.0021
2405.958	1461.9279	2404.0085	1490.0698
2637.3462	0.9750408	2645.6404	116.025925
2737.877	571.0844	2735.9219	545.08105
2860.0037	1728.9724	2884.1147	1732.1206
55.066505	1175.3444	38.89714	1178.4675
118.7251	1276.4114	110.18651	1280.3993
882.8725	846.55225	844.82275	837.76776
779.558	909.4502	890.9034	929.53564
951.2561	516.04987	948.7091	529.138
1255.9952	1799.7644	1292.001	1799.0461
1342.5331	1302.0071	1342.9034	1273.9855
1388.6455	1002.02435	1388.4473	990.99194
1417.9523	696.1945	1336.6903	676.26263
1425.992	751.58026	1408.9926	751.676
1556.8713	1384.9908	1558.0823	1368.0059
1583.1539	1281.058	1577.0134	1297.3812
1719.447	881.0131	1719.6012	863.98737
1718.5944	1199.0012	1718.5254	1176.9952
1872.594	818.91016	1873.6711	838.01855
1827.8749	746.6082	1933.6261	712.8294
1904.5743	1115.9713	1905.0309	1140.9994
1915.4117	1202.0111	1915.2305	1175.9984
1917.3419	826.0372	1917.66	805.9946
2036.7412	1119.0193	2036.3569	1093.9791
2074.8403	1044.943	2075.6765	1071.9481
2292.0127	1744.8236	2260.9573	1742.5961
2298.0752	1766.0481	2296.6196	1738.0718
2312.2012	1073.0697	2311.0757	1044.0358
2453.8218	609.2594	2451.9307	586.0873
2458.5286	624.0281	2459.9558	648.0026
2625.0146	117.99952	2624.385	98.954216
2700.116	1115.9448	2872.1003	1094.8162
2790.0007	555.20886	2787.2817	529.1795
2858.2947	633.0747	2836.3582	426.06802
33.91282	953.52655	47.988	950.9348
87.26301	862.99896	71.067345	858.7437
160.99156	1157.074	179.09822	1159.1387
497.31592	1134.0334	494.55875	1160.0592
1152.892	1121.7526	1026.9038	1103.6707
1497.8729	1544.0127	1498.0471	1531.9862
1572.9773	1169.9949	1573.1797	1248.0021
1582.8269	1490.9989	1582.3256	1572.0021
1591.3966	1244.0135	1591.601	1222.9961
1707.1938	811.9962	1707.152	832.0003
1837.5029	1087.978	1837.8693	1113.002
1855.3928	1083.998	1855.5156	1109.0023
2039.1404	1050.9137	2040.1921	1076.9923
2055.6812	1150.0198	2055.2764	1122.9958
2098.2834	1148.9647	2099.027	1175.9717
2152.4424	1599.9854	2144.5938	1362.0134
2226.7778	1056.8871	2228.7517	1087.9523
2325.7324	770.01514	2315.4453	588.0314
2387.3867	566.92175	2397.7146	749.95966
2412.8816	1497.9706	2423.1162	1456.7804
2452.8835	1009.00665	2450.8752	974.00714
2461.6091	1056.8944	2463.7139	1088.9531
2483.9124	669.0738	2482.4897	648.1024
2481.7083	324.8242	2490.7366	309.84125
2553.1738	584.6028	2499.9812	599.93475
2748.4197	1085.9657	2745.6484	1052.0287
39.131275	1001.95935	31.00967	1003.0707
135.99913	916.9872	153.98479	915.7745
1053.2054	922.75146	1065.2095	924.72675
1165.0038	1524.0001	1167.0135	1480.954
1237.0449	1554.0306	1238.7189	1496.9917
1408.0778	1113.666	1319.7463	1093.0891
1391.8301	1509.0304	1390.7384	1467.0068
1677.731	790.00165	1677.4155	931.0009
1723.6434	1572.0131	1722.6162	1544.014
1869.6382	863.0107	1869.5566	845.002
1872.6567	795.98114	1872.4038	814.01965
1919.4183	748.0135	1919.858	766.9801
1902.736	773.1542	1932.9161	763.7313
2054.5386	1183.0464	2053.6821	1156.0417
2071.9941	1462.0294	2069.7683	1385.9775
2184.9456	795.78644	2305.0393	765.15424
2255.9724	1773.0017	2254.196	1743.988
2251.6357	642.8139	2295.1387	629.45154
2313.0447	1777.3387	2257.0981	1773.5518
2314.275	1109.1019	2312.4988	1079.0297
2456.6636	971.01984	2458.6025	1003.96454
2462.3518	683.038	2463.759	707.01416
2560.8242	1002.87354	2563.1104	1035.8538
2746.8096	895.96246	2691.8274	906.06006
2715.0864	1015.8321	2717.991	1051.9203
2768.8506	949.13135	2765.6667	897.0204
2788.8738	484.08658	2790.9375	510.92792
2826.027	956.1608	2797.1682	961.00305
2905.6274	1486.1731	2918.7415	1438.6527
185.02913	1195.158	174.03415	1197.1853
491.1992	1552.0156	487.9088	1594.071
474.9557	1676.6979	517.0431	1675.2655
900.0062	1085.9513	753.8439	1067.218
1084.0253	1461.2185	1012.9703	1458.9177
1018.05383	1268.4501	1148.0798	1281.1849
1253.7997	1752.9926	1252.3545	1792.0502
1277.3389	1537.6235	1266.2305	1557.1312
1486.2246	945.07837	1486.7572	929.95624
1501.0688	1182.0287	1499.9897	1260.0137
1587.6693	1169.9785	1587.9406	1191.0007
1624.4124	1485.0024	1623.9359	1565.9996
1749.1794	829.9807	1749.7721	896.99316
1898.458	859.0125	1896.0356	753.9992
1905.2222	1145.9965	1905.6388	1171.9897
2158.9988	636.9287	2165.2053	810.9927
2248.2405	1009.89044	2249.616	1038.0188
2275.795	1403.037	2274.8135	1371.0057
2298.1396	1384.9463	2300.4082	1433.028
2483.8406	967.01196	2486.1667	997.9875
2489.3484	1052.8722	2491.0903	1084.8862
2532.2297	1007.03845	2533.9255	1041.0037
2556.0576	622.06177	2554.4172	597.0382
2620.4026	97.02698	2621.306	117.03134
2738.9846	919.802	2742.3926	953.9608
20.124252	851.02637	27.168072	817.8235
248.67975	1035.1829	246.06332	1059.2245
1254.5145	1792.77	1262.1919	1776.5646
1355.0259	968.0543	1354.4423	979.07635
1498.1318	1595.1329	1358.9785	1585.3042
1517.7236	1256.0056	1517.3129	1235.9935
1554.6995	830.0044	1553.8241	969.9989
1607.0172	911.00024	1606.6166	938.9945
1730.3531	879.0049	1730.6034	860.9806
1840.8228	1152.1343	1851.7733	1149.8927
1828.0809	1232.5743	1914.0643	1220.4567
1885.4817	1078.9326	1886.6659	1104.9697
2184.1216	986.9501	2193.2925	1192.9869
2313.308	997.9466	2314.4946	1027.0206
2740.1897	600.06024	2738.478	577.0388
2763.88	568.8715	2765.7983	596.94543
42.481632	909.7584	20.468317	923.7375
331.14816	1009.34924	317.1264	1015.2979
1652.7355	944.00934	1650.7902	888.97205
1749.6296	798.99457	1749.3215	820.0047
1853.9938	1183.9336	1841.106	1185.136
1902.619	784.9709	1903.8788	855.0022
2192.9023	1358.9246	2202.5022	1600.9801
2218.75	715.05066	2217.858	693.0463
2315.0867	1042.8918	2316.646	1072.9666
2361.5427	1171.0281	2348.289	955.04364
2374.5457	1604.0221	2362.0269	1347.0474
2459.496	1018.9188	2461.3416	1052.9272
2563.369	1111.1904	2561.0488	1079.1412
2773.9177	1002.0953	2770.8367	967.1024
2768.9702	1694.557	2786.9756	1652.6991
2834.2688	997.78986	2837.6	1033.7592
2866.827	1070.1721	2864.2043	1037.063
964.00146	1641.9739	994.13074	1643.6497
1057.2826	1171.0116	1056.3799	1193.0973
1105.702	1229.9889	1104.884	1252.0328
1360.1617	1189.4133	1337.9221	1183.2826
1381.0457	1328.0137	1380.8873	1316.9873
1437.2543	447.00906	1437.5826	474.00507
1694.5546	1114.9974	1694.6666	1139.0016
1711.0416	1206.9987	1711.0107	1229.0015
1897.7532	1450.0044	1897.433	1431.9923
2035.5897	1077.021	2035.3723	1052.0055
2013.8285	715.4886	2045.3116	704.9293
2041.978	1156.924	2043.0177	1183.9608
2223.9316	747.03674	2224.6873	769.01074
2247.3203	1084.0815	2245.911	1055.0529
2282.78	1533.0121	2279.081	1465.9955
2446.9631	1149.7139	2593.1191	1130.9265
2534.5574	1044.8984	2536.773	1078.8844
2737.1038	954.1514	2734.4595	921.0432
2743.4836	970.7509	2747.0085	1005.89886
758.88245	1235.197	870.9798	1246.2057
863.99023	871.8998	862.5756	886.1563
1068.9673	1198.2809	1056.8982	1196.8734
1262.055	1776.149	1280.0616	1775.286
1328.9763	1332.0333	1330.2769	1293.9753
1417.6387	380.01315	1414.7264	299.97357
1635.0032	909.9646	1634.3973	927.0141
1694.756	1149.9924	1695.1144	1232.9952
1716.4507	1229.0156	1717.2487	1205.974
1841.5281	846.9996	1841.503	874.0005
1934.3708	1760.9807	1925.2124	1584.5219
2036.4763	747.0032	2036.6047	768.00244
2271.266	1115.0789	2269.9448	1086.048
2289.2354	1002.9373	2290.7075	1031.9641
2336.7805	1070.0623	2335.9097	1039.0026
2486.1035	1084.096	2484.581	1054.0212
2560.3774	1073.1013	2558.3796	1041.1012
2568.804	136.94806	2567.5088	116.90252
2617.2834	30.026735	2618.291	57.026455
2705.9763	510.00183	2707.9673	535.9257
2777.5312	1083.1256	2774.779	1050.9333
21.136257	1067.2349	0.94077474	1069.4633
293.8718	1190.0575	294.79904	1175.9868
533.0156	383.94882	544.19556	387.35883
1040.8279	919.6081	1048.0947	921.6652
1106.5693	1203.0094	1106.188	1226.0363
1321.8489	1195.6813	1382.948	1209.2346
1384.0039	1810.9993	1389.5875	1840.2694
1491.4427	942.9629	1489.7717	968.0514
1560.4365	1817.246	1574.5056	1792.2849
1626.8672	1217.9448	1627.5188	1240.0142
1635.6392	1663.9902	1636.0454	1648.9741
1725.457	1203.9645	1723.5529	1233.0363
1787.028	909.02765	1783.9529	800.9729
2037.7236	1152.0127	2037.4656	1126.0052
2057.4326	1477.9548	2059.015	1493.1029
2275.9995	1450.982	2241.0312	1452.0376
2552.895	580.07184	2550.5564	544.0939
2627.3333	492.89423	2643.0442	690.9172
2711.9905	976.0799	2714.8281	1011.93445
2788.6592	949.9439	2785.5195	913.0409
2792.6445	909.8553	2795.7322	944.93555
446.23172	1752.0216	452.49124	1684.9525
494.38556	1164.1201	492.21906	1189.1057
987.2556	525.47986	1000.90717	532.18896
1077.8213	1163.9921	1073.8027	1253.9912
1298.1451	1692.0033	1296.2292	1777.0277
1395.1499	1197.3031	1380.9467	1194.2478
1411.5546	1502.0015	1411.66	1460.9966
1461.2582	910.0023	1460.9136	948.0083
1612.0831	1128.9991	1612.1014	1152.9999
1855.501	1123.985	1856.2505	1148.9924
1881.5009	861.0023	1881.5337	839.99927
1806.0114	1391.146	1919.0276	1382.3551
1905.3572	1176.9386	1906.4921	1202.023
2019.8557	1093.9492	2021.5789	1156.9841
2049.896	817.0454	2048.991	795.0415
2124.339	822.0301	2116.6367	653.01654
2226.93	1163.5034	2269.0793	1157.563
2536.6252	1082.8159	2538.564	1099.9362
2825.6624	612.19635	2823.4658	586.04486
971.8501	1626.0428	960.9559	1639.1309
1134.0793	1266.228	1035.8838	1256.1299
1391.9664	449.99707	1394.1514	424.92603
1486.0721	1603.2803	1336.0184	1599.3032
1513.0812	1575.1016	1516.8331	1535.1722
1611.8063	1160.9811	1612.6643	1243.0035
1706.9889	841.99664	1707.2126	908.0027
1757.9303	1540.9996	1758.0536	1517.9949
1817.5961	1475.942	1819.5507	1496.0437
1827.3751	1082.0087	1828.8037	1185.0027
1829.4958	754.99713	1830.1373	866.9992
1865.4181	1209.0105	1865.6027	1183.9897
2037.7251	798.01337	2038.7418	818.964
2262.3506	1506.9607	2264.1624	1523.0941
2264.212	1542.8738	2265.9033	1559.1143
2455.6006	649.019	2454.4636	625.07294
2597.289	139.05049	2598.844	160.94006
19.0616	721.7404	0.8978874	717.4303
32.999634	1156.9996	45.90706	1143.8933
78.99414	1100.998	73.961845	1115.9872
362.1788	334.3874	384.98718	341.0439
1192.0703	1470.0264	1213.0404	1468.5905
1371.7401	1281.9941	1371.4541	1343.0068
1533.4073	570.00146	1533.0267	675.0073
1582.7222	870.15497	1602.8477	863.53656
1595.953	921.9891	1596.1252	937.01
1758.2855	1561.054	1757.8434	1547.0049
2116.9512	1475.9135	2119.0522	1498.9952
2212.9036	1007.9674	2217.2302	1127.9917
2231.4507	1401.974	2233.358	1435.037
2403.4062	1511.493	2434.2463	1548.626
2456.4866	585.0257	2457.6365	608.0182
2532.473	1119.9688	2524.805	1004.0129
2223.1997	1382.8984	2229.3872	1577.9243
2240.7651	736.00494	2240.3635	716.9923
2251.7083	1089.0166	2253.4136	1118.9194
2301.5127	649.9615	2302.6528	605.9134
2555.9575	1002.69806	2532.1472	1006.04706
2617.6494	1140.0262	2600.1384	906.06445
2797.073	961.8346	2800.0322	998.9176
2822.6643	546.1315	2820.1016	520.08844
10.629567	927.0957	21.495295	855.61926
62.62414	945.8879	66.51238	932.85455
883.26556	835.0401	884.8099	824.8202
1051.9484	1223.3665	1038.9249	1221.533
1057.0234	1193.784	1068.1099	1194.989
1292.8445	1798.9978	1294.2847	1696.9758
1341.8536	1319.9923	1342.492	1307.9203
1392.1663	1007.9524	1391.537	1018.9736
1395.1874	858.06934	1394.4858	870.08673
1416.7656	1285.003	1416.531	1266.993
1419.0017	1577.8766	1451.995	1578.3492
1434.2513	1458.9681	1432.5918	1550.029
1466.2435	1187.0164	1465.2188	1265.016
1594.2352	821.71564	1632.0892	809.2715
1832.7347	1412.986	1833.6483	1461.0067
1838.9353	886.74994	1930.044	863.17
1884.0125	1462.9993	1885.2119	1482.9873
1997.4124	1373.0167	2003.8434	1599.0045
2087.531	752.00183	2087.5063	732.0006
2169.3457	644.9872	2174.5405	784.9799
2250.083	1053.895	2251.5955	1083.9197
2828.0684	993.16046	2825.0781	957.15967
2896.1184	1447.899	2894.6104	1461.07
276.05847	1005.63525	290.99518	1008.0301
1348.9392	963.3334	1365.3065	966.3203
1380.0453	691.2379	1376.5623	721.1817
1462.592	1496.9567	1457.5853	1544.0623
1451.7719	1289.114	1527.868	1279.9092
1588.8624	1291.9921	1589.0009	1307.0
1695.9968	1232.9847	1710.0043	1230.0201
1844.1584	761.9951	1844.4904	840.9979
2038.4099	1510.0254	2039.3569	1532.0277
2115.6394	1559.0066	2115.5566	1542.0022
1354.5032	1001.94934	1353.6652	1010.16974
1381.1238	759.9786	1382.3232	710.98346
1420.5302	1208.0289	1422.246	1235.9233
1561.684	1677.1807	1599.0585	1682.5964
1663.5977	1089.0001	1663.6445	1211.0009
1772.6702	1086.0004	1772.6501	1066.9993
1803.9058	1062.9817	1805.4829	1226.9954
1851.3514	1109.0319	1851.6779	1084.982
1874.3549	1414.127	1869.9937	1495.0536
2037.8798	1477.0035	2038.7108	1505.0382
2072.594	1185.981	2068.0774	1045.0295
2008.0001	1599.9679	2151.002	1600.5125
2216.9702	677.08374	2216.2683	660.0715
2249.0244	1118.0944	2247.6372	1089.0651
2292.9087	1082.0532	2294.4626	1113.9287
2411.5933	942.90656	2424.4387	1161.9742
2709.0596	611.134	2707.195	584.1246
12.44969	1328.8303	5.649058	1350.8918
643.9237	1468.3265	629.0359	1464.8466
1050.0851	1564.2994	1024.8501	1571.4725
1283.9525	1467.9698	1286.0543	1604.0146
1903.85	747.3674	1927.197	741.8309
1802.0231	1754.632	1933.0107	1762.8279
2093.9302	1412.0066	2095.0706	1423.9933
2421.9927	1457.0581	2398.2705	1445.4475
2408.077	1490.0054	2410.1238	1461.0088
2582.9995	703.00006	2567.6792	510.10492
2589.7708	1070.056	2588.2195	1036.0356
2668.1165	123.99394	2664.6335	57.01906
2704.2844	964.9725	2700.712	928.0279
1013.1343	1536.9503	1010.37506	1585.0215
1308.8953	1283.9977	1308.0183	1324.0223
1346.7705	1274.9648	1345.9403	1304.0269
1377.0952	827.01117	1371.2494	876.91205
1517.4221	939.94434	1516.7838	958.02765
1737.1089	1730.2648	1758.093	1733.3717
2019.0153	1053.9733	2019.7277	1080.9808
2036.036	1430.9987	2037.118	1460.0328
2132.0754	1202.0403	2123.4104	1002.9821
2321.937	1435.1013	2347.024	1433.3431
2359.8213	270.6545	2376.9038	261.81406
244.93263	1072.223	241.70445	1100.1967
317.96286	1434.3734	366.9754	1439.2473
1364.0132	1250.3004	1347.002	1251.0457
1833.8066	1465.9867	1834.1355	1485.9978
1901.1731	1416.9958	1902.0801	1455.022
2040.3694	1092.929	2041.1511	1118.9955
2003.0679	844.25793	2106.0476	817.18146
2046.0105	1374.1492	2139.0408	1367.5764
2222.8022	720.00793	2223.6829	742.0127
2228.709	1092.938	2229.7996	1122.971
2281.927	725.09296	2280.983	704.0456
2555.9443	682.0732	2554.348	659.0452
2592.999	162.00006	2591.74	142.01639
2662.6177	89.971725	2663.8577	117.05231
2916.9211	1440.1232	2888.6226	1425.7428
54.09219	1347.104	39.795666	1359.7694
79.46179	1119.1462	85.858154	1098.9551
225.09341	1242.2355	213.8751	1246.6852
1036.08	1195.0011	1035.7499	1219.9967
1144.9277	1468.9257	1140.9681	1526.0671
1448.6255	1296.9414	1446.8981	1307.984
1562.8063	1565.9899	1565.4061	1516.0211
1782.9999	1704.3961	1721.9999	1704.4039
1849.9967	1614.5051	1860.0029	1614.439
1858.5454	1490.9667	1860.6064	1462.8977
1910.1027	1484.0032	1910.6539	1465.9894
2004.172	802.9954	2004.0171	831.0056
2017.3402	1192.99	2013.3528	1056.9896
2260.01	1742.9994	2261.388	1763.9086
2741.5576	1006.1905	2738.9036	972.1635
2747.4058	1011.8087	2750.1897	1046.8259
2903.1418	1105.0836	2878.4026	851.05817
293.0712	401.94293	284.18484	390.8519
1325.6793	481.24927	1328.5465	461.93268
1346.2064	1307.0105	1345.5403	1320.0785
1381.6428	1466.9965	1381.2767	1504.0027
1412.1592	1376.0651	1414.073	1341.948
1624.3093	1427.9982	1624.6099	1480.0022
1760.6838	1457.0228	1761.6923	1471.0222
1822.6426	1408.9924	1823.3635	1469.9957
1930.4801	848.0035	1930.5293	826.9989
1989.6627	707.0067	1992.1691	832.99664
2035.3915	1413.9735	2036.2699	1426.9818
2006.022	1209.1699	2112.0552	1195.4253
2213.9114	1180.3293	2338.1216	1163.9202
2238.2957	1472.9126	2239.3118	1487.979
2483.9211	1047.1007	2482.4155	1016.0283
2832.0864	1033.1759	2828.8699	998.19586
2860.941	944.65515	2789.9685	956.8164
2857.2092	933.10974	2855.518	890.0976
2862.6118	987.1264	2859.3284	951.06116
266.09442	1330.6196	220.90042	1319.4011
682.86993	1468.2756	670.102	1470.568
1103.2722	910.6056	1116.171	913.1237
1385.0542	1171.0393	1384.5536	1158.977
1413.1658	1451.0027	1413.4712	1432.0076
1528.8431	1665.9954	1529.4598	1644.9548
1632.0887	1399.2274	1571.0463	1403.6399
1675.8219	1339.1836	1672.8374	1320.0254
1736.0282	874.9974	1735.9521	903.00256
2106.2058	711.9798	2107.3245	667.93207
2118.555	1509.9819	2119.0781	1526.03
2119.4163	1543.9786	2119.6433	1559.0054
2220.702	769.0427	2220.043	749.0315
2430.3264	1504.9042	2432.8672	1540.0818
2486.5637	1014.8126	2488.917	1047.0061
2509.0635	1010.4518	2485.9573	1013.69653
195.05388	1240.3546	181.07285	1242.4792
211.1665	1316.7684	181.04112	1312.6958
1037.317	1169.0073	1036.8121	1191.0415
1349.7637	1166.994	1349.4874	1178.0122
1381.1078	1296.0057	1381.748	1283.9336
1451.0507	1614.3188	1419.0497	1613.3536
1483.6129	880.98376	1483.4253	897.01666
1498.3632	1517.0029	1498.618	1484.989
1460.9011	1582.1467	1508.8892	1586.285
1781.5776	1593.0088	1779.9745	1515.9797
1889.0399	833.0001	1888.9714	862.0023
2114.8691	1141.975	2113.0264	1077.9993
2302.9104	748.03894	2302.0889	725.03253
2420.8513	687.9683	2422.08	720.997
2714.2146	1094.9833	2704.875	974.93195
2872.9478	1748.058	2885.5461	1759.393
141.93297	1124.1368	140.2022	1097.9866
843.10846	1206.9236	841.6398	1224.0548
1299.4565	1571.0012	1299.5145	1499.9996
1416.6279	1417.0356	1419.0278	1442.0931
1636.1538	1211.0315	1636.7572	1188.9661
1872.5818	765.9876	1872.1357	781.0337
2260.882	1471.0154	2263.0913	1487.9882
2418.7583	1523.3826	2404.7625	1506.1934
89.10175	1018.0316	92.57012	1006.86646
273.39874	1078.9337	268.53455	1123.059
1399.0055	1290.943	1397.0481	1325.0602
1518.5824	1821.9384	1481.3394	1833.1294
1546.2155	1355.9054	1544.4034	1370.9281
1536.017	1645.1158	1547.9083	1643.3739
1746.5673	1486.9965	1746.3452	1514.0028
1766.4141	1574.0029	1766.6566	1539.9904
2239.978	765.0378	2239.1282	742.0322
2587.4695	1032.1102	2585.018	998.07074
216.2315	1302.0345	219.06657	1283.0099
257.31296	1258.8009	253.18394	1273.0533
1126.0465	1142.6471	1095.7816	1138.656
1266.9878	1475.6038	1238.9993	1475.0374
1237.0033	1469.2081	1281.024	1468.5072
1307.1138	1352.4133	1322.1307	1355.3259
1543.7643	1845.7902	1562.2047	1825.0723
1587.5394	1223.9924	1587.426	1246.0073
1575.964	1594.6798	1604.9885	1596.2166
1620.2882	1685.0034	1620.7261	1647.9967
1812.9857	1083.0055	1813.6099	1197.9967
1846.6501	1480.0244	1847.1407	1466.9678
1981.1816	695.97626	1984.374	854.9925
2023.7834	797.1344	2033.9008	794.6034
2041.3687	1124.9305	2042.1615	1151.966
2237.9517	1438.1447	2261.9878	1436.7856
2338.8809	1106.0449	2337.6353	1075.0146
2456.9058	322.08835	2455.4424	303.96426
2460.546	653.8949	2461.54	677.9777
2529.4856	659.21075	2527.5571	636.2048
2624.138	92.8771	2622.5303	64.912025
2635.8284	37.21879	2620.716	25.361734
2668.6997	622.0189	2670.903	657.0061
2658.025	894.92084	2676.1814	1129.986
2835.9011	1073.8174	2832.656	1040.0331
2871.0088	1745.9915	2859.0063	1733.9935
66.3993	1194.8815	63.478806	1258.9762
153.48735	688.98535	152.80043	712.99426
1746.2267	1420.9963	1747.0635	1471.9989
1926.7594	1514.0046	1924.0878	1377.0178
2237.0264	1775.5803	2110.9597	1767.638
2459.2695	707.1274	2457.648	685.09955
2556.9702	651.00006	2556.9155	626.0024
2622.3025	59.034687	2621.055	33.94754
2895.1797	1501.6156	2922.5469	1538.0903
206.29015	1248.0356	208.63554	1228.9552
234.75279	1356.6915	211.82335	1348.4941
236.99147	1001.06024	263.0358	1004.7472
474.98853	1714.884	519.9939	1715.4681
783.78064	778.7324	791.1589	800.2601
1075.9766	1136.173	1043.8892	1131.8164
1236.4156	1796.0089	1234.7897	1689.0184
1365.9285	829.27234	1345.7455	823.9686
1394.6003	874.96246	1394.8359	885.00385
1442.9631	480.80957	1526.8268	511.7596
1620.8429	858.44836	1643.9609	851.86273
1649.4076	819.94916	1651.2029	799.0174
1757.5135	1470.9823	1756.9628	1455.0012
2057.0557	785.95874	2058.3074	817.988
2442.9114	1548.0636	2440.3955	1504.9769
2792.726	587.2012	2790.4204	561.1398
169.3295	1062.911	165.72226	1090.0958
789.30554	469.4903	803.1324	477.7791
1373.6808	728.09143	1371.9454	759.997
1391.9789	1457.9998	1392.1558	1443.9894
1567.7019	1287.0682	1565.863	1279.0314
1779.9601	1502.0768	1781.483	1483.0387
2350.2302	1493.0204	2349.461	1463.9878
2799.7935	1084.9324	2789.22	960.98126
156.0404	1171.2855	136.98824	1170.208
194.86243	1016.91986	153.88176	1010.7906
324.00314	1455.9836	308.79797	1453.0455
1015.16736	1473.0026	1014.3806	1524.0212
1076.0586	1157.0022	1076.8202	1136.9932
1386.9346	1211.4565	1405.1339	1214.066
1416.4651	1522.9808	1415.709	1544.0255
1901.3069	1464.0693	1902.9021	1480.0098
1947.736	868.0085	1942.5784	707.04553
2132.5552	1460.9987	2132.809	1376.9904
498.02182	1721.3555	475.047	1722.7657
1393.0425	1356.8325	1369.7642	1350.9303
1385.1677	1284.0065	1384.6661	1297.0256
2036.9875	772.0004	2037.6647	793.0108
2039.0212	1544.9979	2040.3556	1558.9661
2247.86	733.95355	2249.6467	767.0191
1380.4736	1342.0066	1380.599	1333.0083
1394.3893	890.97864	1394.5282	900.0226
1763.9811	1136.8932	1738.2601	1141.4641
1882.8252	1410.9791	1884.0397	1458.999
2054.4512	1490.9861	2054.0498	1477.9984
2092.001	1183.0087	2109.0015	1181.0126
2104.9224	1765.0061	2104.7454	1734.0015
2459.825	1131.9518	2453.1694	1017.9901
2585.0188	997.11395	2559.0615	1001.37445
175.72644	1269.3739	149.01917	1281.0438
785.26855	1195.1161	783.16534	1218.1066
1361.1581	716.01013	1360.4471	727.09283
1582.621	1431.0016	1582.8252	1480.0007
1593.7101	1534.0011	1593.6998	1521.9994
1917.4901	1099.9346	1919.2659	1058.9681
1919.3925	1171.0	1919.3917	1143.0
2058.8174	1512.9712	2059.2773	1526.0255
2096.812	1475.0066	2097.7239	1501.0447
2817.4202	502.04398	2816.704	460.03912
17.484999	1209.7834	25.118021	1191.6292
101.20407	1261.3164	112.23973	1219.3258
131.5199	1245.1129	135.4331	1227.0941
277.16364	1036.9786	276.70337	1055.018
1177.5243	1518.0035	1177.2986	1552.0087
1336.98	1552.1611	1332.675	1498.1854
1528.9583	1447.0037	1527.8938	1435.0094
1548.8611	1609.8607	1525.8159	1606.1404
1579.1476	1368.9873	1580.4366	1383.9624
1704.4836	1518.9817	1705.0135	1532.9995
2304.955	717.00757	2305.1223	695.99304
2618.3381	62.043686	2620.318	92.045
2800.5305	1002.8659	2803.778	1039.9319
18.176535	1118.579	29.077772	1115.2551
236.12227	1283.9977	236.73181	1316.0621
342.0379	327.8845	359.16348	333.50153
1268.655	1590.9758	1269.4319	1611.984
1270.8123	1645.0789	1259.3718	1617.8438
1355.1013	1347.7107	1335.9939	1341.0175
1356.677	880.98083	1356.9899	892.0286
1392.5221	992.9749	1392.0454	1002.0549
1510.03	1456.6399	1483.9934	1457.8599
1642.858	1171.9945	1643.7164	1150.028
1672.8573	1459.0037	1672.5542	1531.0066
1684.6099	798.0035	1684.0364	898.0002
1759.0398	1740.3613	1737.0007	1738.9882
1761.6859	1489.9672	1761.3589	1503.034
1932.8367	1227.006	1926.8531	1063.0054
2104.733	801.00543	2104.7986	779.9962
2714.9521	1692.2993	2699.0386	1689.7578
1535.0178	524.946	1445.8281	495.52103
1554.8981	1400.9707	1552.402	1494.9841
1642.9783	1565.9991	1643.6968	1546.9885
1704.845	1488.9941	1705.0192	1513.9999
1850.862	1423.0004	1850.9403	1450.0001
2033.1005	769.0671	2032.3586	748.058
2239.7732	1507.9392	2241.0347	1523.9973
2395.093	1491.9799	2388.6062	1462.0854
486.97382	1665.4203	464.60352	1655.935
1158.9939	1436.7563	1121.967	1437.6864
1340.0463	1246.8302	1311.0239	1238.9122
1332.7395	1273.0334	1334.4135	1286.0753
1430.1792	1394.9482	1425.6047	1379.1141
1440.2367	1339.0568	1438.7212	1291.9768
1479.3556	1155.9938	1479.4481	1175.9979
1696.0134	1088.0626	1709.0575	1085.2684
1898.5402	1478.9784	1897.9813	1465.0007
2053.8684	1153.942	2042.0513	1155.4122
2721.6084	1657.2433	2712.0945	1681.0377
132.03403	1311.1337	154.12987	1305.5103
1410.1432	1538.0037	1410.5465	1522.0138
1564.2559	1130.9849	1563.8674	1150.0177
1685.7968	1343.9657	1687.821	1331.9698
1704.9664	785.8953	1776.0264	763.08203
2098.8035	1541.0073	2099.6648	1564.0126
2102.9863	1501.1387	2111.0066	1501.9337
2114.0515	1538.2122	2102.968	1537.4884
2261.1165	1557.9957	2260.6033	1543.9779
2744.998	1046.1781	2741.9648	1012.0921
2866.928	1029.2035	2863.281	992.0706
2885.259	1479.9485	2878.912	1448.0175
82.62021	1237.108	77.40357	1267.0703
1502.2682	1483.9814	1501.382	1519.0349
1514.1792	1235.9695	1513.8434	1256.0142
1674.8317	1343.9403	1676.0563	1360.996
1887.0161	1105.094	1916.9955	1099.9738
2924.447	1494.8552	2928.6558	1536.9344
1343.0605	1577.0531	1344.1146	1556.0057
1377.6686	1491.012	1378.1321	1465.0023
1557.9685	677.9982	1556.5026	704.0844
1747.4384	1539.9872	1748.0792	1561.9977
2094.8694	1446.0116	2095.8408	1457.014
2305.7888	1471.0208	2307.2642	1486.0721
2492.0835	669.99524	2493.9177	702.0047
703.0685	578.0837	704.8828	554.91254
1654.5452	1499.0216	1655.2616	1480.9707
1873.4846	1182.9982	1873.3759	1213.0013
2108.4155	748.0386	2107.8792	726.0029
2531.8296	689.1657	2530.0718	666.1472
2660.9482	59.056225	2662.284	84.038284
829.3357	1683.4481	837.4995	1677.3319
1341.5596	1728.9753	1340.9418	1714.9585
1423.4071	1157.9681	1421.7948	1187.989
1456.7871	1324.0162	1457.8474	1337.9354
1553.8547	1358.0166	1554.1464	1342.9834
1673.6055	1542.0215	1671.5453	1600.0548
1725.7467	1534.0105	1724.9595	1515.0017
373.367	1438.8837	370.21432	1456.0394
1388.2405	1179.0199	1387.4951	1188.0409
1626.802	1614.8484	1630.774	1635.8536
2031.9283	733.075	2031.3821	717.98615
6.497446	1310.5386	16.552233	1299.5889
1338.8307	1506.8633	1355.9565	1510.2217
1681.1986	1327.2418	1683.8759	1313.975
1712.6543	806.8756	1723.8279	803.44025
2091.1914	1041.1581	2074.1606	1043.9717
2024.0011	1590.7573	2131.9988	1591.2687
2801.9985	1723.905	2773.9897	1724.3553
110.63583	1061.9188	107.94614	1073.988
1437.7698	1399.0209	1438.4484	1373.9851
1489.3243	1484.9957	1488.9285	1546.9995
1531.5884	900.01904	1532.0425	886.0014
1547.9777	1642.9989	1549.5615	1611.9777
1932.6305	774.846	1903.0967	784.30194
2899.0828	1479.0101	2902.6577	1449.9579
307.58612	1061.0587	309.99435	1036.9994
1481.5865	463.0957	1477.3772	444.91266
1678.0916	1319.9985	1678.3746	1338.0099
2236.9304	1578.0006	2236.802	1563.9927
2257.7305	1485.0072	2257.358	1471.0171
129.55585	1223.7402	119.34366	1241.201
1656.798	1467.0253	1656.1256	1435.0183
1723.9763	917.9092	1771.1641	905.6305
1917.8627	1110.2737	1886.0548	1116.2894
2280.4114	1567.0175	2279.4893	1536.0151
1354.5677	984.9866	1354.4739	995.00446
1337.2686	1359.7346	1366.2372	1365.8826
1597.3352	875.6767	1583.1042	878.5214
1639.583	1373.9244	1641.6544	1389.9152
1704.6265	1422.9861	1705.1366	1445.997
2457.3284	678.0867	2456.0818	654.0476
1046.9424	1774.069	1071.5135	1794.5826
1307.6061	1241.9213	1309.556	1256.9277
1341.0088	1524.9598	1387.1917	1535.1296
1385.1313	1300.96	1384.5265	1314.0704
1443.7068	1354.9927	1443.6329	1368.0035
1591.0181	1166.1217	1574.0931	1168.6289
1719.2151	1491.9832	1719.396	1505.0084
2326.0366	1484.9987	2325.565	1471.9795
0.93454975	1382.9519	14.912582	1363.9358
40.182713	1127.0199	42.0375	1110.004
1090.1522	1197.8024	1102.0865	1199.3197
1345.5575	1326.9923	1345.6825	1336.0183
1393.6274	1404.8636	1396.7128	1419.0624
1554.0424	1517.0071	1550.5083	1538.0852
1579.1113	1659.4788	1553.2515	1611.4808
1934.3472	820.99615	1933.8568	777.0016
2241.6729	1543.9468	2242.8645	1559.0107
2225.9985	1592.2305	2352.006	1593.0214
1286.5729	1772.9934	1286.2777	1792.0198
1884.8513	1522.9125	1858.889	1518.6809
2007.8853	1047.9783	2010.6327	1159.9845
2267.9175	1048.5013	2226.8843	1055.3016
31.608719	1303.212	38.159008	1284.4037
165.48259	1096.0629	161.80911	1124.2358
1593.6116	1562.9922	1593.6843	1549.9983
1780.0028	1389.2053	1750.0082	1389.6073
113.084625	802.3883	98.94031	800.43146
1128.1993	878.03784	1128.738	860.9602
1775.7085	811.99286	1776.3198	786.9834
1865.0181	1515.6431	1924.9706	1513.955
1084.775	1498.0123	1085.0781	1478.9854
1370.9342	1554.902	1358.2665	1563.3975
1605.0981	1543.003	1605.7267	1522.9915
1775.5887	1220.0028	1775.3722	1187.9907
2106.4172	723.0055	2071.4785	733.2153
2780.4612	1790.0486	2776.5784	1746.9479
537.7378	1634.1953	533.89594	1648.7078
1125.2924	1163.0126	1126.0693	1145.003
1357.6531	866.927	1357.1039	877.0598
1380.907	1311.9468	1381.4869	1300.0237
1656.9172	1544.0022	1655.8947	1504.9766
1658.2548	1413.0275	1659.6769	1399.8572
39.62123	1202.7994	33.538544	1214.2852
168.40184	1258.2329	174.93452	1246.962
1280.5695	1612.8904	1286.5372	1643.8966
1369.3401	1474.9862	1368.7535	1502.9949
1497.205	1388.7302	1481.3326	1393.1852
1704.7383	1450.0039	1705.095	1473.9985
2692.5015	1709.0421	2690.7183	1687.9393
2750.482	600.9621	2753.1638	635.06573
1085.7441	1797.3177	1041.4628	1761.6672
1635.5288	1533.9912	1635.3284	1521.9945
2718.0813	1640.8378	2734.077	1648.8463
147.21693	956.71857	137.0758	948.9017
1030.339	1522.0646	1031.3058	1502.0148
1551.9877	1331.0018	1549.6254	1315.0555
1549.624	1571.8927	1553.0779	1591.9866
1773.1595	1140.0459	1774.1892	1114.0074
1865.0083	1541.0566	1832.6492	1551.9587
2345.1648	1400.8899	2350.3042	1361.9083
2851.2295	1791.959	2850.5903	1803.9783
64.036156	837.53766	50.95972	836.51514
301.48157	1097.788	309.98758	1076.9949
1315.9889	1440.899	1296.9978	1442.9799
2240.9932	1433.0387	2239.8386	1403.0447
135.78938	978.06573	129.56728	958.1351
1692.0674	1581.3214	1680.9283	1583.6582
1705.0383	1536.0	1705.0544	1563.0
1771.8564	1499.0273	1772.5272	1477.985
2911.429	1513.5918	2897.261	1498.7031
757.8481	1072.116	801.0012	1077.991
1444.2601	1332.0084	1443.9049	1342.997
1571.018	1701.6655	1550.0063	1702.2336
1918.8247	1140.0059	1918.6844	1112.0016
2108.0527	770.0038	2109.431	750.9588
2109.5012	1158.8749	2111.7432	1149.9357
2825.0647	578.0529	2823.5383	551.0827
1417.757	1347.0358	1418.9958	1390.0289
1572.5936	1375.9731	1573.3857	1363.9595
1586.2517	1626.8712	1573.6279	1602.1903
1643.8208	882.9973	1644.1216	862.9868
2097.9287	1510.0032	2098.827	1529.9628
2259.961	1521.9225	2258.8323	1507.9329
2830.9412	1472.2108	2790.6018	1428.4454
108.89962	1309.0211	109.34467	1290.008
2112.9644	1076.7948	2075.0632	1083.3651
2720.4727	1714.117	2715.802	1693.0438
1038.1473	1156.9587	1076.0951	1162.3284
1774.5774	1182.0056	1774.8107	1157.9982
1400.6416	1836.8549	1403.8004	1850.819
1522.0024	1203.0623	1523.1235	1185.0077
1643.6145	851.12335	1645.0825	820.0039
2309.4883	1542.9725	2310.331	1557.9814
311.31113	1434.7913	279.1757	1386.8822
1442.18	1803.9478	1434.6072	1777.824
1607.0577	1573.0133	1606.8323	1556.9883
2737.0679	1652.734	2743.518	1678.6218
36.75754	1317.9523	33.16293	1336.2288
1007.0143	1875.9731	1193.0035	1873.2384
2307.837	1431.0005	2307.7388	1400.0009
39.81661	1263.9362	43.35583	1253.7756
1728.101	1377.9757	1730.9933	1390.0016
2109.9954	1506.1034	2102.965	1505.7959
2692.4714	1678.9164	2686.5034	1645.2655
247.89806	1317.0438	242.03374	1303.4158
2053.9614	1086.776	2020.106	1092.6141
0.5700316	1006.765	7.650531	993.809
23.96276	1234.9634	32.890427	1225.8922
459.99576	1755.8116	513.99084	1754.595
1746.711	1285.8602	1743.7979	1271.0398
1881.8112	1546.7341	1864.9015	1542.383
175.29999	1239.4446	152.05853	1226.8916
1644.2753	1222.0015	1644.3807	1201.9967
2869.7896	1446.7839	2877.476	1474.8698
2941.3389	1544.0627	2936.6628	1494.842
123.09921	904.2536	114.976875	903.174
1482.5643	931.9693	1482.2634	946.02704
1644.8741	1246.9965	1645.5115	1224.0142
1684.4116	1361.9382	1682.4585	1348.9312
1358.0314	1578.3596	1345.0137	1577.7218
1633.132	1158.7477	1613.2225	1162.2609
2033.5812	794.00946	2033.4545	774.99695
1863.0841	1119.4468	1837.2477	1124.3143
1721.977	1129.0022	1723.285	1142.9733
494.8253	1618.7699	523.948	1614.6338
1671.4899	1120.9996	1671.4998	1134.0004
2923.5469	1533.522	2913.2688	1521.765
1639.352	862.1216	1622.1621	867.51666
134.69589	1290.9335	131.37973	1306.0831
1647.9357	1537.0005	1647.813	1522.0016
1776.4968	864.00085	1776.4282	823.99927
1564.7654	1608.0674	1562.1509	1598.9567
1415.3735	1551.1934	1420.8811	1569.0367
1158.4391	1719.082	1160.1581	1730.8306
1620.9736	1597.6002	1645.0009	1596.0123
2352.0798	1529.9985	2351.5718	1501.9896
1673.4652	1376.9716	1674.2006	1388.9877
1550.6426	1602.1167	1546.0298	1587.9902
1914.1729	1458.003	1915.3173	1391.9708
2230.5417	1389.0454	2231.5312	1399.0464
19.288431	1376.2177	10.252911	1388.1909
2253.0327	1468.1915	2242.9683	1467.7848
