0.4959493	359.92053	308.8048	413.131
-0.5077291	254.09961	215.14105	294.24228
1.0613526	335.6641	289.13184	388.27817
406.85287	382.81845	496.99585	399.02316
0.020664433	344.40936	297.31976	398.23373
0.9343142	353.36783	297.13162	406.2629
0.6267499	329.02896	289.51984	382.1743
0.47465056	316.9261	294.22922	356.23343
194.39627	305.62698	251.00967	321.9665
395.9053	412.51495	582.04706	446.74423
402.0469	405.72708	439.95847	412.2418
389.32803	434.18588	1.0057881	363.968
0.8896427	322.5955	285.1346	375.27365
288.9406	390.32596	0.8487999	337.82977
279.03558	320.83063	313.9646	328.16846
439.07187	396.5983	536.97876	414.11856
449.06702	382.6371	482.0504	388.72702
393.65103	429.90845	556.6854	459.72025
31.996233	295.02005	80.95954	304.21542
84.98576	262.0732	161.99158	277.0433
178.07768	318.59775	231.03374	328.82532
243.87645	294.46313	279.47696	303.96063
286.0621	381.66254	0.9621889	329.2055
401.1157	409.37164	448.9665	418.18195
467.1189	380.3668	502.19656	386.95322
548.093	448.45554	584.06824	454.60056
584.0325	446.80804	617.10187	452.39734
294.05118	403.71436	0.96167487	351.21396
207.1461	267.34772	227.99599	272.01794
275.12247	359.35535	99.01895	325.90024
336.05695	300.73184	251.06699	282.68457
285.4875	375.37332	0.5380636	322.48898
173.83186	290.74524	323.65106	324.54666
396.30783	423.31366	525.211	446.8442
539.141	414.3027	561.0538	418.734
585.9954	455.02777	608.05725	458.65143
26.95657	364.26913	0.83004	360.05328
0.7968448	310.1218	52.10615	319.41385
705.2601	482.41574	392.4907	430.00748
441.71432	414.56482	662.39185	454.8538
0.22222699	281.69244	243.33347	321.98816
101.18157	232.06276	126.98794	237.06224
286.70505	365.54413	116.97671	333.12192
288.9638	386.198	0.9023132	333.53433
328.15607	723.87885	268.77536	715.6139
642.0789	764.39636	589.9247	757.5761
267.89838	390.56107	0.78616536	342.1806
297.92065	408.44586	0.8955883	355.5867
291.9798	399.11252	1.024018	346.86624
402.08347	649.41754	348.18695	641.6951
0.67797744	303.9022	61.953365	314.27545
214.09216	306.57977	277.13043	320.40524
332.0787	639.4359	300.0055	634.96063
331.91925	646.5577	275.6509	638.41113
412.62332	739.5862	260.11203	722.02686
455.07724	387.57092	515.1119	398.37842
103.9066	331.39532	0.31018153	306.91977
184.05637	277.7242	222.10225	285.49966
300.9826	310.08563	333.08035	316.6044
578.90753	441.49115	612.05084	447.73
663.25726	1065.9586	664.5976	1041.9218
705.05206	470.71558	624.811	456.03305
0.90535825	273.51813	58.0094	283.94855
66.96286	312.2004	0.82516706	299.9434
59.916504	306.46207	0.85730296	295.78967
276.93436	367.35382	21.987822	320.06567
212.93608	343.32947	148.05002	330.74213
291.779	358.1902	215.97862	344.11514
396.1111	707.1555	346.91028	700.6818
559.00305	457.9822	582.97955	462.11853
92.929924	214.34962	56.010033	206.94995
325.01633	697.8804	274.85797	691.04175
639.1529	739.88416	595.8694	733.95337
705.4305	457.30905	663.2307	450.55777
398.2023	682.44666	349.8503	676.14923
459.8122	362.01648	536.95026	376.26913
158.04784	270.76227	95.94663	258.26523
645.10925	684.2074	595.0949	677.31177
645.9942	1036.077	687.06213	1039.1772
683.83246	722.2163	661.8366	719.1861
93.88425	296.6271	52.985607	289.07797
446.5729	368.8238	500.87354	381.54
640.1049	716.25934	596.8398	710.13104
411.97174	391.1408	436.0069	395.9657
618.3919	707.95245	619.7193	690.978
2587.7239	407.29364	2610.3892	398.43695
2692.0623	2.5095782	2664.5254	19.83487
326.97775	673.1517	275.90378	665.65564
564.0116	418.93954	632.9684	432.16498
49.124096	288.32397	0.91298306	279.47403
341.1199	724.08795	346.93967	649.99524
481.9103	438.4975	444.8529	431.81583
577.0308	1060.5867	619.0952	1063.723
637.4621	1076.9198	641.00415	1008.9481
639.9283	760.9308	644.3874	691.8958
644.08563	1065.6919	685.041	1068.3735
644.871	449.6636	703.9695	461.15698
1164.2668	808.97644	1165.4877	770.9514
41.056004	205.62524	92.9433	213.37941
461.01318	332.929	495.92447	339.40704
705.10284	772.1833	656.8604	766.10864
703.9711	748.23267	659.042	742.6612
683.2103	717.0072	683.82904	698.95984
29.056768	220.63039	74.89698	227.67075
250.99655	224.01439	218.92378	216.3176
271.08832	713.3609	323.06308	720.5436
584.9303	462.38004	618.09875	468.4615
600.4448	992.9636	601.955	969.93146
576.1003	1030.7039	621.0632	1034.1837
620.9775	1037.2728	576.9474	1033.6373
295.10153	395.44366	270.02417	390.8675
389.02368	330.86078	479.13742	346.19235
428.03824	297.83423	460.90488	305.41248
589.85535	756.0528	594.1778	686.011
664.9733	1035.9596	665.9172	1011.9574
666.5934	998.9183	667.92865	975.93774
926.1839	755.73724	887.83215	750.15283
2884.8298	168.61232	2695.7998	251.5436
248.10172	1003.6954	299.10355	1007.67175
515.93835	452.3476	480.0042	445.97632
1218.0103	796.0095	1217.8374	778.01117
95.84667	213.89352	158.24023	224.59998
339.07013	603.5321	288.0178	595.88135
323.03326	1009.591	345.0503	1011.3814
349.8652	679.0971	397.0135	684.8902
570.0524	1066.938	574.1762	1003.88074
620.01013	1066.8755	574.9024	1063.1967
594.408	1089.9617	595.96497	1065.933
705.02875	724.7462	685.9339	722.5836
425.6039	609.4159	267.7483	583.5352
376.76694	657.67377	399.87585	660.8915
596.9877	680.08673	646.1314	687.07605
596.9946	640.0365	655.0589	648.6009
685.97864	1071.3218	642.903	1068.4602
681.4073	739.84906	682.8161	724.98254
983.967	763.2492	945.9719	758.2118
1218.6842	763.9984	1218.7657	747.9937
2703.3184	251.72746	2881.3557	173.81273
276.16812	633.80316	332.18655	641.67175
348.12003	1011.71747	371.1059	1013.8686
349.92978	644.4933	404.11285	652.2074
656.9317	741.99603	659.68066	694.9813
1163.371	828.97644	1164.0096	811.9255
2560.6184	418.04892	2583.5393	408.85202
2825.564	313.90796	2855.5706	301.9247
2857.668	301.18118	2888.4678	288.6878
367.27832	416.9325	370.26288	385.0246
626.766	454.2678	703.1181	468.36
2733.942	0.9733637	1992.5204	388.0813
2623.4905	55.010555	2683.533	24.09295
2685.4226	245.699	2894.0417	153.09422
2740.6328	347.01025	2767.6274	336.99554
2732.7668	708.10724	2920.9858	658.94586
260.05707	407.6679	296.026	413.8488
593.10114	755.262	639.0602	761.56067
581.78314	375.15332	634.0054	384.97144
619.9924	1093.9402	625.0991	1007.8872
2514.6982	435.21674	2533.5918	427.94025
2607.783	289.48856	2451.375	355.8835
2570.2515	81.714355	2612.1785	57.306587
2786.1697	218.39	2705.258	253.59296
2786.2112	247.49281	2766.4172	255.97356
2860.8389	337.62167	2884.2712	327.6366
2830.664	386.0783	2888.057	365.1561
345.00323	722.97595	395.04288	729.68005
594.8923	677.05554	596.202	656.0126
596.32477	1059.9559	597.8281	1036.9235
650.4285	664.8949	643.73376	764.9822
668.9591	395.20435	705.11176	402.44186
874.0411	1055.5321	893.07	1057.2026
2489.5615	444.85806	2512.6177	436.00433
2818.0825	688.31573	2733.132	710.5053
349.86227	602.9199	418.12878	613.1397
598.1848	1029.9388	599.98645	1005.92395
175.07547	419.5679	966.2213	557.73285
686.98395	1042.203	644.93036	1038.8822
684.8791	453.64618	705.1066	457.43018
925.12744	778.08746	885.07074	772.49335
2695.11	467.30698	2920.1965	386.5475
2794.1675	279.41376	2733.9211	303.8055
2741.5994	382.96912	2795.0708	362.18228
2769.6492	336.10068	2796.8086	325.50906
2884.3347	241.80698	2818.9685	268.92404
2917.158	662.60754	2826.7695	686.11365
305.76868	647.5562	327.87482	650.84216
377.8393	317.88864	422.19714	325.90973
718.0283	781.7933	586.0416	763.6965
2744.7017	418.19293	2797.5066	398.66586
347.93094	413.9479	348.85718	394.9443
411.94052	372.36234	439.03146	376.80838
651.8532	654.9778	598.8467	647.0215
1216.7292	836.0056	1216.6587	820.0015
2819.2097	694.7908	2743.248	714.93506
2786.4958	226.1491	2712.472	258.09348
2714.4114	698.7707	2935.1287	640.4873
45.08714	181.597	83.0424	189.80391
438.71637	599.7529	256.6295	570.2899
348.00897	1042.7914	371.00943	1043.781
496.19125	375.14935	530.05347	382.76224
572.02875	1090.6194	618.06805	1094.1002
660.3318	687.0079	660.8321	665.996
982.95703	785.401	968.90405	783.89557
2462.1787	354.42197	2602.9321	294.83987
2879.721	185.36205	2797.6755	221.2584
2925.1426	654.54443	2726.1812	706.69135
269.00095	717.993	326.05505	725.5863
622.0173	1096.7556	570.0649	1093.0824
1166.6653	756.0011	1166.608	738.998
2704.8665	257.69363	2787.3252	221.74597
2731.876	307.69824	2793.2063	282.50208
2834.1538	906.8086	2773.8618	918.27356
2817.2402	272.58047	2884.3357	244.81114
224.82474	268.75394	271.841	279.684
268.75433	701.8711	275.36096	638.03735
295.96152	1041.4991	255.8913	1038.41
300.94928	697.40356	322.97827	700.17285
565.66125	394.1515	626.2072	403.68372
590.9975	760.0204	642.95325	766.3817
661.1124	740.1096	703.0749	745.4069
786.56134	495.9758	788.7692	455.93213
1074.2296	557.6688	777.26715	506.45093
962.9992	783.00604	944.06323	780.5188
1633.6407	1044.0066	1633.5392	1023.0071
2450.3677	347.53168	2616.076	276.17654
276.8892	668.8221	300.99048	672.0707
371.9399	1016.71136	322.9515	1012.5743
528.95087	349.2323	560.9979	356.0098
883.669	768.03503	885.7633	728.04
2829.659	349.08884	2857.501	338.66672
0.8952692	389.6136	142.0501	413.70654
279.89377	643.72577	303.9636	647.24866
273.9104	323.41138	308.0338	330.84482
303.13116	633.1266	328.9983	637.01135
579.92096	993.66656	628.191	999.3892
602.1156	310.3585	585.92065	307.44025
730.814	654.2412	588.70795	632.94904
660.0053	763.9575	703.085	769.3168
662.8268	689.2734	708.0778	695.4279
715.1208	664.17236	665.85675	656.9816
779.5891	383.28195	705.9667	443.7417
893.87085	1019.95404	894.8074	996.9514
890.98584	483.08133	939.09375	491.4617
933.0425	1060.2972	949.04443	1061.2642
1226.7009	1084.9987	1226.8	1061.9949
2503.17	28.760204	2525.986	13.485575
103.84663	239.75671	163.04935	251.7565
303.08566	966.0093	305.48553	943.83606
342.05893	727.5451	398.02637	734.7965
579.00726	962.9234	630.0233	967.7537
664.8402	650.0614	720.0933	658.3803
890.54926	1084.9176	891.91034	1060.9381
926.8437	797.99225	930.1182	731.9563
1348.8293	607.95953	1174.4736	576.96063
2388.773	990.8145	2349.86	998.2703
2562.6538	451.08972	2586.6123	441.98035
2767.7297	287.3455	2793.8228	276.5705
348.08893	698.2805	396.09714	704.2142
680.3786	764.9659	681.31226	747.9622
912.9346	1061.8158	872.9511	1058.6095
951.3082	1060.9677	952.38556	1037.9246
2928.194	889.02045	2862.8948	901.44666
3071.012	1659.8389	2991.9258	1654.0082
0.93095475	190.34683	61.133057	202.33163
84.952446	203.21608	67.68822	199.41673
1092.2268	583.71027	174.92268	422.4398
275.86127	631.03925	276.68152	613.03107
297.90616	1010.32574	247.94412	1006.78955
409.84903	619.02594	352.90475	610.6474
362.98288	282.0829	408.88504	291.55695
503.6825	355.2507	556.7549	362.7374
528.9739	401.14615	550.985	405.08408
569.9586	1095.604	623.9108	1099.3015
625.4108	996.861	627.5959	971.8772
892.1383	1055.9678	892.9994	1032.9625
1149.4583	562.9483	1150.7664	523.9586
2618.0364	902.1657	2641.7705	896.95514
2639.7651	943.75555	2588.8782	953.35474
2775.8833	869.4149	2804.924	863.61975
2828.099	756.4192	2764.8533	771.38007
2879.239	177.54384	2793.1646	215.37451
142.02603	416.8471	0.86126715	392.8149
0.97184575	289.15616	29.137989	294.2347
285.04782	664.64417	326.1124	670.1638
338.0552	608.6373	278.90338	599.6348
373.13898	422.1248	319.07297	413.54044
704.2995	768.9578	708.39246	700.96344
1475.8745	1008.0259	1476.2606	994.97815
1476.08	1056.025	1475.7527	1043.9795
2521.7075	61.928314	2539.053	57.19398
2733.339	314.83997	2794.9814	289.95386
2795.1484	286.36438	2731.6868	312.23138
2899.7534	843.82336	2929.6956	837.5474
246.80162	735.44574	425.0139	759.89874
275.04443	688.6451	325.1358	694.9149
347.92834	703.5398	395.02768	709.79156
575.10645	992.0065	576.32733	971.95905
575.9592	952.4623	637.01385	957.84314
620.0444	414.79547	672.5259	426.18472
661.9475	1094.962	662.8145	1070.9572
686.409	1097.9673	691.1093	1012.8955
691.2014	1002.01263	692.7114	977.91925
896.00525	1057.8341	912.0523	1058.3398
1009.7816	696.4165	881.7415	676.67645
1633.6943	1133.015	1634.1279	1112.9811
2615.8125	860.18	2639.7058	854.7137
2821.6062	265.0632	2883.9387	238.85423
397.9063	928.9594	241.92908	913.72626
373.9792	986.1332	324.77472	978.44104
594.8721	1529.3082	613.17096	1525.9246
645.72906	690.9897	595.7034	684.1779
646.0097	958.8997	703.0571	964.408
971.07	1066.1313	932.9149	1063.0555
1478.4567	870.00464	1478.3462	856.9971
2168.4265	478.9689	2056.5422	528.2314
2338.8628	461.7204	2355.3308	453.63678
2604.0962	304.22736	2537.5686	332.34515
2564.8962	484.74606	2586.5535	475.90616
2918.2073	669.8066	2832.23	691.89484
302.9324	672.4524	325.86853	675.87976
295.0932	599.3667	338.04584	605.68866
348.07874	642.0441	349.02167	619.0009
625.8706	1006.3439	577.93	1001.7273
713.9832	960.17004	568.9148	945.86414
1170.9105	1132.9509	1171.8997	1110.9955
1225.9763	1110.9681	1226.6593	1088.9894
1462.7461	830.0022	1462.6555	860.99896
1491.7919	611.9196	1495.4524	556.89703
2525.2603	337.62314	2467.34	361.81436
2583.8857	362.7298	2607.4773	352.7627
327.34637	413.08484	330.06512	369.9411
372.99292	1047.1262	347.9036	1045.7198
741.8793	645.77057	577.68036	620.0396
806.82007	468.12683	826.9318	440.94955
998.0395	817.69904	878.9887	802.0859
1217.0497	815.9616	1217.7767	797.9506
1546.9498	819.3231	1443.7994	803.2901
1547.5511	792.98755	1548.487	683.9956
1968.5889	402.14038	1534.3275	626.3807
2884.8289	249.58028	2816.74	277.36307
262.91302	240.39485	244.69559	236.38191
352.79785	654.4402	372.119	657.1522
403.63177	656.65674	346.89017	648.7925
872.09784	1083.778	891.05634	1085.2964
889.13556	1111.9496	890.42004	1089.908
883.09045	992.0811	919.1349	995.6296
1475.9536	1024.0115	1475.8114	1010.99115
1696.65	1064.0027	1696.7413	1041.9948
2356.798	396.5306	2226.6482	452.50708
2491.6348	477.08215	2512.8567	468.63962
2589.7512	865.8891	2612.9326	860.69885
2587.9248	441.8219	2605.22	434.52106
2897.663	145.24153	2679.9607	241.91129
2861.8381	805.27423	2891.9036	798.56757
143.66878	198.43536	200.8543	211.63144
272.05276	1037.0249	294.04248	1038.2145
291.2011	415.8025	391.07123	432.57596
272.92795	591.5023	339.98303	601.11835
933.04584	1088.3418	970.07513	1090.921
954.0635	1061.9194	971.06354	1062.9183
984.67816	805.98486	987.7395	740.9407
1488.5604	1059.9994	1488.6482	995.9995
2350.856	917.35077	2391.6243	908.3062
2744.204	717.77405	2817.1401	698.5312
2714.734	260.69345	2786.6594	229.52168
2728.1548	267.1247	2786.0198	241.04396
2846.0254	222.06113	2820.2915	232.70459
2726.8726	961.2518	2962.6763	921.09906
337.7942	617.886	327.8628	722.89246
567.0327	381.8554	585.01746	385.92276
626.00964	970.89417	581.91956	966.88446
640.02356	1095.6042	685.0427	1098.282
891.989	1088.1931	871.9401	1087.0538
907.3296	748.9854	907.6989	731.99347
1479.5565	995.99615	1479.4342	1010.0125
1490.986	904.00415	1490.7363	843.0052
1742.2351	793.6229	1673.7937	819.45337
2290.898	968.50476	2308.9553	964.78296
2340.7932	502.5075	2358.9514	494.8841
2447.8328	553.5245	2632.826	488.5046
2518.8704	922.3554	2563.8604	913.30615
2515.8145	882.14246	2561.8232	872.1836
2807.0469	863.2174	2834.8303	857.2143
2922.125	733.5169	2852.8213	750.2606
2828.5747	689.23694	2921.1194	665.4646
2895.7288	797.82684	2926.6917	790.6663
2995.8223	1632.7261	3022.059	1635.4272
348.83673	257.83444	328.8204	253.91776
566.17664	775.6779	733.13605	797.9818
646.9563	969.5343	693.2194	973.3159
965.32007	756.987	965.6647	738.9936
1645.1229	699.27606	1573.9785	730.95184
2065.1714	532.3917	2110.284	512.64905
2592.8481	907.2498	2615.9143	902.5772
2576.1677	750.6195	2627.2153	736.79474
343.99493	1045.0914	321.95175	1043.8729
322.02155	1040.6886	343.05923	1042.1434
316.02808	1071.5721	367.00552	1074.9156
511.03882	290.75604	495.94376	288.35345
531.8905	386.5341	562.0577	392.71872
644.7432	1009.98627	640.19934	1095.0106
691.8882	977.0928	671.8929	975.0469
878.0262	1692.1282	892.05273	1579.8816
1144.1323	456.9443	1071.2388	516.85724
1163.9657	790.2069	1148.8824	787.71045
1514.4067	1016.0013	1514.4482	1003.0014
2543.1184	1623.3242	2311.0063	1606.9102
2491.7612	510.39603	2514.7295	501.31567
2617.8857	268.74097	2438.004	348.00867
2638.2158	730.79663	2476.4465	774.64734
2535.2927	329.3166	2605.3694	299.8794
2804.7886	818.03577	2831.8052	812.1118
2795.2776	218.34962	2878.521	181.90599
2801.0728	223.16618	2880.61	188.39565
3071.2107	1722.5282	2975.8809	1714.398
3069.071	1671.7058	2966.9395	1666.1029
238.0185	739.35266	222.97363	738.9228
268.0095	1068.6799	293.01715	1069.4207
275.87686	694.0697	298.04355	696.6217
333.0949	860.6003	322.87604	862.2158
911.012	1089.7876	893.9535	1088.8221
937.03876	697.74243	891.17505	690.83716
992.3331	715.9346	988.56433	811.94366
1167.6052	524.819	1186.9222	510.54175
1236.8688	839.9969	1238.3373	777.96063
1475.6595	1040.0005	1475.6681	1027.999
1478.4971	854.0002	1478.4923	841.9994
1633.6196	1079.0052	1633.5404	1058.0017
2003.3884	696.026	1914.832	729.5562
2735.7703	300.44797	2765.5974	288.03293
2772.761	824.8564	2801.949	818.75604
2865.7961	851.0261	2895.9402	844.714
1369.9866	445.0629	0.7285169	153.27397
696.8227	1455.8241	731.7819	1450.5533
894.0152	1086.0596	911.0269	1086.3345
890.0426	793.6903	925.0672	798.5119
953.47565	1024.9984	953.54663	1002.0017
1638.147	1142.7053	1576.1312	1155.6298
2288.8403	931.272	2310.877	926.43854
2289.956	1006.7544	2324.9092	1000.4933
2521.659	3.393381	1742.2906	441.73877
2601.3394	297.80222	2530.8445	327.6326
2608.1665	368.4056	2557.4963	389.20865
2637.1218	802.49866	2582.9365	815.7406
2893.5598	372.80328	2713.6235	438.97617
724.8961	950.05096	557.84766	933.5417
662.0074	768.93805	703.02246	773.811
666.0451	717.598	705.1144	721.9801
895.9742	996.31854	877.9306	994.85693
975.4085	1028.0199	976.5292	1004.9771
1172.0225	1105.9648	1172.7773	1084.956
1186.5564	761.9563	1187.1309	742.9737
1515.7653	1163.9243	1516.3273	1177.0288
1525.0104	1195.0016	1525.0557	1165.9985
1636.8123	832.49994	1576.6545	855.07965
1858.9985	1466.1545	1803.994	1465.6451
2138.9136	639.7761	2154.857	633.629
2381.177	827.1421	2369.1558	829.0054
2608.8806	476.66638	2465.634	527.9782
613.8368	369.8177	571.7185	361.41016
629.9714	474.152	661.0003	479.9984
916.78394	1022.98944	917.96124	998.94916
937.89716	997.0085	978.192	1001.11707
1478.0914	901.01227	1477.9429	889.9873
1549.4526	594.0024	1549.6992	546.99316
1697.4548	1092.0122	1696.963	1070.0232
2777.9038	914.49896	2834.914	903.552
2819.3132	714.25836	2798.1326	719.53235
2838.1594	693.62286	2918.2874	673.12354
117.9905	228.04712	141.06082	232.69833
412.9121	614.6201	351.8628	605.9682
637.98083	1100.3129	688.9734	1103.4344
1211.1068	1083.7478	1226.0831	1085.0256
1220.3643	819.989	1220.501	837.004
1230.1123	1111.8009	1243.0922	1113.0166
1445.4626	528.00055	1445.3251	641.00037
2144.9077	1036.4518	2172.9543	1031.7291
2174.1382	465.31656	2048.6123	520.11206
2591.7478	474.2382	2607.6592	468.9707
2867.87	897.3175	2927.976	885.8739
667.9137	974.8174	648.9143	972.81177
912.36273	1116.0177	916.41284	1032.9226
1163.906	811.6979	1149.8909	809.8103
1156.0773	1079.0343	1190.0994	1081.7584
1238.7775	769.9883	1238.9689	749.9997
1478.1588	886.01526	1478.3173	873.991
1514.0829	1065.0299	1513.6906	1052.9775
1710.672	489.59167	1783.9636	430.70996
2108.642	522.4642	2073.77	537.7559
2356.0793	566.21136	2236.4067	611.08484
2236.0186	457.04346	2288.8071	434.54724
2322.3142	965.51587	2289.283	972.36456
2442.792	134.63274	2430.7039	141.47678
2483.9731	407.93277	2531.3818	388.95398
2511.8022	391.55264	2531.0254	383.0576
2939.9175	631.69904	2709.5103	694.86163
203.79471	209.88618	157.939	199.26337
584.7083	769.19147	715.06085	786.54266
600.90295	689.82263	616.916	691.7119
699.07104	1110.9752	565.0219	1101.6837
951.9706	1092.6016	931.9207	1091.6202
1092.0905	1346.628	1070.8118	1349.693
1155.1025	1105.7592	1172.0693	1107.1619
1124.0178	587.8971	1270.1328	613.234
1184.1047	834.038	1186.2765	770.9407
1479.432	1045.001	1479.4037	1057.0056
1528.8594	616.9875	1533.6171	563.6093
2401.9998	1223.9977	2262.0784	1235.9188
2412.9807	1207.7881	2250.059	1222.6482
2339.9426	1236.3397	2395.048	1231.5532
2351.7844	955.9696	2392.8696	947.37616
2514.4	110.85512	2534.7021	101.36285
2795.3538	292.88055	2737.113	316.28143
297.29495	1039.9415	302.3644	978.86426
351.02704	673.79553	397.01584	679.8803
468.9906	338.05118	501.01367	343.9254
949.2051	1115.9528	950.51495	1093.9117
1537.4073	274.7111	1531.9158	304.9847
1641.1174	711.2662	1575.9968	739.9927
1641.1459	999.51746	1575.7097	1017.97046
2163.33	498.75497	2123.5103	516.1667
2222.8542	634.5926	2375.619	579.9348
2352.9417	994.67755	2389.0276	988.1523
2392.125	911.5461	2350.2568	921.1226
2485.6494	402.1476	2509.694	392.2563
2526.8801	15.839613	2503.8057	33.078274
2512.9224	829.6742	2558.9297	818.70483
2611.1794	401.44922	2560.3093	421.7742
737.8939	501.50888	661.6634	485.61432
864.91846	491.4617	810.0408	481.7692
1257.9929	735.0447	1141.8771	716.7816
1169.1151	770.9715	1167.8872	809.06085
1402.9221	639.4502	1123.7998	591.15704
1480.6018	625.00415	1480.9973	567.99304
1512.2643	281.75955	1505.5896	329.94315
1517.98	1004.0217	1517.6912	1017.03754
2391.2925	1000.45447	2264.7769	1025.8895
2323.045	1003.23047	2286.859	1010.27515
2298.7156	430.34122	2352.9658	406.92072
2249.95	1046.7228	2411.9128	1017.51624
2541.5415	334.2797	2604.663	307.56665
2467.7864	767.2318	2647.3545	717.27454
2608.1267	362.3155	2553.6746	384.18964
2553.9888	379.97263	2607.1306	358.32074
28.00736	537.9434	0.81715643	534.405
301.7685	338.07016	286.88617	373.78595
429.10837	274.51242	411.84973	270.6761
629.8214	1005.9886	624.08124	1096.0051
916.91254	998.7555	897.93536	996.55817
950.2998	1087.9747	951.09467	1065.9313
1473.831	1167.9397	1474.5537	1153.9254
1993.2246	1076.0869	1903.906	1094.5449
2225.761	445.45786	2360.5684	386.02087
2359.1147	498.28195	2320.425	514.04346
2459.75	361.40686	2524.9685	333.92548
2473.9783	1005.8717	2666.0442	973.2607
2517.9316	500.81778	2533.6018	494.93884
2533.1567	398.3923	2486.4204	417.05283
2859.8425	905.1596	2929.2183	892.1656
258.7322	728.05664	410.63092	747.8346
688.0617	1100.9987	638.0667	1097.9175
991.1746	705.8854	950.9094	699.57806
930.06757	1116.4021	971.3316	1121.0659
1444.9536	671.99884	1442.3375	774.00867
1633.56	1106.0006	1633.5514	1085.0006
1853.1545	1102.781	1772.9323	1118.6573
2167.023	1000.1243	2146.0002	1004.00104
2398.4016	779.4462	2241.5571	823.0064
2521.319	331.75824	2464.313	355.74377
2535.2766	430.71783	2489.1868	448.48444
2736.794	713.2188	2819.5723	691.3784
2762.024	775.1008	2829.2734	759.15326
2766.9553	767.81134	2827.8513	753.373
2818.449	280.1047	2883.812	253.53773
2931.99	1302.3894	2913.9763	1301.9271
2905.0017	1307.1779	2957.9973	1306.7034
266.0563	587.00446	263.14682	624.01154
327.9449	974.647	358.89078	977.28253
406.05347	654.00415	399.9705	731.9977
997.00134	987.9853	866.0117	975.8734
955.1195	1025.8126	974.12823	1027.7257
1147.1672	828.62195	1182.1377	832.8658
1181.9495	814.31104	1167.8348	812.0151
1191.863	1135.9955	1194.4551	1056.9493
1204.0392	792.6776	1217.0894	794.26624
1201.151	835.75934	1235.1344	839.8952
1245.7201	1140.973	1247.3848	1061.966
1492.139	766.99194	1492.7189	704.98804
1533.9523	268.98596	1542.1661	241.04884
1860.1362	749.3547	1782.6599	779.11475
1989.9921	1377.8391	1899.0155	1382.3148
1957.8728	921.5397	1985.9401	913.783
2195.0647	1243.6627	2077.1135	1255.1633
2087.9253	658.8124	2102.938	652.84375
2121.8335	507.61407	2164.149	489.34494
2401.0593	1318.9186	2354.0618	1321.9553
2556.8901	373.73883	2581.7031	363.29477
2797.2922	328.75522	2740.3098	350.801
2856.072	746.29645	2921.8313	730.30646
2849.9995	753.9975	2923.3293	736.36975
345.87222	1010.9107	348.00946	983.9216
691.041	1011.494	643.9451	1007.67694
792.0947	457.05533	790.22437	494.0619
806.9777	1320.7959	1004.96545	1317.1318
875.3599	993.0015	875.25525	1018.00946
1150.1477	806.74384	1163.0864	808.26514
1167.0503	566.0014	1168.179	524.94995
1167.6373	812.0206	1167.0529	830.06647
1151.9165	733.53503	1188.2798	739.20636
1568.6857	730.9993	1568.5177	811.0011
1643.1423	988.49475	1572.9122	1008.6949
2166.032	636.08453	2064.5757	674.51965
2255.92	1228.1012	2408.0498	1214.5582
2471.5671	363.35583	2524.506	341.20956
2787.594	233.35986	2719.4858	263.11218
2795.36	365.95566	2742.352	385.93408
2885.0994	256.24466	2823.5144	281.26596
184.12134	196.44	218.04535	203.7907
342.16238	618.9231	343.90875	599.89984
278.01514	1096.7626	402.95352	1104.729
519.0106	1258.9984	458.14374	1319.1207
576.8798	619.9915	565.8957	775.0634
855.7508	964.98773	847.37915	1135.0679
935.22906	706.96686	931.0182	804.9578
972.044	1119.0016	975.06866	1037.928
1140.5006	991.9824	1134.7584	1155.0267
1216.9591	797.3624	1203.8998	795.88837
1226.8754	1088.3279	1209.9308	1086.7369
1480.1884	718.0164	1479.9453	705.9809
1490.1436	774.268	1469.9398	770.3069
1502.8972	842.77466	1528.1167	846.1203
1517.0244	723.97687	1517.3324	711.0079
1571.737	933.95703	1572.8561	874.99725
1849.994	1619.0055	1849.8507	1593.0063
1925.8402	1078.0199	1945.9578	1074.7407
1987.1053	921.3744	1958.8134	929.3366
2058.1711	1082.0123	2190.9277	1059.5728
2061.5884	519.0561	2173.1714	470.39282
2323.9624	926.8351	2288.2205	934.96906
2366.8518	377.6626	2215.956	443.89978
2326.231	821.858	2384.0771	806.28625
2649.1506	710.5388	2461.549	762.96484
2484.9707	780.8893	2551.0886	763.33386
2607.2825	355.69446	2555.8455	376.6202
2885.131	331.33548	2828.5684	353.45355
415.30945	362.72067	396.83194	342.2491
590.9588	1523.8177	568.9521	1528.7878
1112.723	562.3923	1171.1943	574.02325
1170.6447	740.0834	1169.7344	758.03723
1185.0161	770.9004	1148.8282	765.06476
1243.082	1116.3153	1229.9116	1114.7373
1423.4087	355.14896	1341.6597	411.94946
1466.3773	768.0053	1467.2804	703.98987
1484.389	567.9977	1484.2251	611.00464
1817.1577	648.34814	1793.8604	658.8996
1858.3562	928.2718	1763.2546	954.9092
1852.0386	744.99927	1851.7047	726.98694
1938.1669	934.6039	1915.258	940.93396
2389.2214	796.8226	2251.5051	833.87695
219.14325	214.36037	263.17438	224.2214
379.0357	915.65515	321.92337	909.7397
713.88837	673.9337	707.97894	772.9987
736.7567	495.34363	806.3713	507.94977
870.5615	663.9755	862.3045	812.07275
849.83966	482.85767	886.069	489.63123
930.0896	731.4425	888.8686	724.8179
875.0635	1019.33813	916.06995	1023.2709
963.1843	801.07007	964.1939	784.0115
1156.0586	1439.005	1155.979	1423.9949
1173.0166	1083.7966	1156.8793	1082.4797
1171.0128	787.89795	1182.089	789.29376
1221.441	778.0013	1221.3905	795.00415
1234.9731	800.15515	1221.8473	797.8818
1790.2428	437.05502	1727.8442	487.05362
1845.0529	1092.0114	1844.7642	1068.0149
1905.9739	747.9263	2016.5806	708.8139
2182.344	841.2563	2050.7998	877.2683
2365.2688	831.12787	2346.1626	835.6824
2592.966	949.8232	2638.996	940.97986
2874.0608	210.14638	2853.311	218.75017
303.0138	977.71875	250.9428	975.1675
398.79843	943.9806	400.2461	928.9275
545.03375	1116.4678	716.0431	1127.3214
632.0	964.00006	586.0045	959.9488
970.90027	1094.2091	952.94	1092.7277
982.9841	389.12604	972.8926	387.84882
1382.5974	586.99176	1382.1246	610.0231
1544.3777	148.88878	1538.8813	229.06042
1603.2838	1087.0033	1603.5413	1064.9946
1736.6694	1124.3239	1666.8219	1138.0967
1865.9998	599.99945	1773.693	641.5398
2563.8281	759.3455	2633.0469	741.1786
2622.102	740.37994	2582.0396	751.1476
254.34683	570.0257	252.78847	591.0584
272.28036	1003.94794	274.16675	977.86743
370.88428	1078.7423	305.97137	1074.4309
370.5866	1039.9639	374.94858	989.9955
873.7603	1030.9943	873.1863	1055.0521
1121.1208	556.29016	1146.2441	560.5656
1149.1848	784.72565	1164.1599	786.89795
1237.0073	777.94714	1201.8491	773.0929
1252.9933	1348.2488	1133.9723	1345.0238
1251.0714	850.42834	1143.8713	837.0296
1391.6467	1492.9835	1390.3804	1596.9924
1516.5942	771.00006	1516.592	742.99994
1603.1437	796.0045	1603.6494	779.95746
1641.0396	1283.0099	1646.7799	1259.9452
1747.7319	653.65845	1664.596	690.3504
1954.1748	588.3826	1924.8181	601.7911
2145.857	965.33093	2165.0486	961.2266
2405.0005	1466.7836	2276.0005	1466.8615
2351.592	417.378	2302.61	438.4204
2390.234	951.0766	2352.0793	959.3652
2532.1882	392.46622	2483.6296	412.08298
2602.4602	313.10025	2541.6445	338.54074
2770.957	921.77234	2835.1265	909.6711
2912.008	1716.7686	3012.0605	1720.2756
343.44147	1039.9517	345.61295	1014.8799
933.64453	1035.9923	933.12103	1060.0244
1148.3281	767.003	1147.771	828.0162
1221.0961	816.8093	1234.0922	817.8581
1451.8894	309.75504	1444.1565	344.81396
1480.1195	735.02	1479.801	721.0045
1544.0189	1081.0367	1546.7291	1005.99023
1616.1321	1018.99744	1616.3417	1112.0038
1739.2646	972.95544	1666.9939	992.9779
1731.6841	1112.9889	1731.3282	1091.0109
2005.4417	550.0046	1909.5167	592.17535
2174.1836	1042.9484	2068.8699	1063.3269
2149.802	999.7371	2166.0303	997.194
2318.067	1657.3108	2349.0662	1660.3186
2556.749	386.37793	2607.5486	365.8813
390.85168	903.5182	362.5909	895.4293
349.02774	589.8106	429.06876	601.53046
556.90845	933.99384	544.6342	1116.1101
671.6667	976.03284	670.53253	999.07544
906.1571	771.0015	906.12823	754.99976
1019.7376	688.63086	871.5515	664.7874
1190.0883	1085.2812	1175.9333	1083.543
1212.0076	1110.9333	1225.007	1111.0261
1528.2002	772.9557	1532.2064	700.6789
1854.1543	941.5581	1772.7405	964.0609
1862.3625	612.804	1779.9784	649.95215
1966.8495	574.65155	1998.913	560.79865
2175.1125	856.4131	2061.3765	887.38245
2204.0774	1228.7759	2067.0432	1242.4326
122.020874	1128.2118	102.01801	1130.1829
355.07645	640.4866	400.9526	647.31836
401.35034	389.74017	411.69336	363.87738
605.6877	970.0385	604.33746	994.131
631.64746	973.9779	629.9535	1000.9971
646.71027	972.99115	645.9427	998.0595
708.982	699.1477	660.96423	693.2935
1202.0769	763.516	1238.2753	769.267
1402.824	1562.0312	1406.298	1358.9708
1546.1472	683.1479	1445.8593	665.8144
1620.4531	835.0148	1621.4072	740.99396
1633.5345	783.00476	1633.6769	766.9882
1892.3593	1111.9861	2004.3134	1091.7318
2011.7223	535.3766	1901.2616	584.58716
2053.7173	695.21277	2181.7322	649.2538
2169.8628	573.6367	2152.6716	580.1307
2519.783	963.8315	2562.785	955.84283
2632.195	744.72815	2566.114	762.4255
2584.9546	956.7546	2640.0994	946.5361
2792.9072	720.62726	2766.076	727.305
269.6605	1034.9728	271.66965	1009.89343
350.07343	616.5172	409.07736	625.49133
577.7179	1004.04376	572.53204	1089.0934
575.7999	388.27917	619.1473	395.05838
1013.302	832.9677	1019.96643	688.95215
1262.9967	1339.1082	1124.9736	1334.8579
1169.0669	809.4128	1181.1381	810.7875
1201.3408	774.9966	1201.495	835.9962
1225.5088	1136.9957	1225.6998	1114.9974
1527.9396	780.42084	1506.942	777.40314
1985.0281	382.05804	1968.92	389.8344
2154.8396	516.0006	2154.9236	537.0003
2245.754	827.0944	2396.0706	786.2596
375.41724	378.95837	372.41614	420.95828
426.0818	759.00665	439.14215	599.0116
434.06406	372.6192	466.97375	378.15604
733.94006	797.9967	742.30743	645.9619
862.9988	813.00885	1012.0816	833.4033
895.90576	722.64056	930.0493	727.6647
1409.8087	339.96878	1405.7041	365.11493
1443.5789	805.01306	1441.1395	913.0032
1527.1055	863.4834	1534.2579	837.2523
1747.0718	1287.7834	1717.0492	1290.5361
1997.4021	891.46936	1888.3574	921.30615
2560.0205	1637.6582	2308.09	1622.5027
2641.2373	858.0661	2589.148	869.6642
2926.9854	1667.087	2904.7727	1663.3527
291.05356	1214.3867	239.79045	1221.487
603.46326	1007.0353	601.62976	1031.124
1242.9081	751.9983	1241.1823	844.0034
1312.6895	1470.9718	1310.7703	1560.0166
1740.2817	681.6018	1716.7555	692.614
2093.908	1011.61005	2110.9058	1007.6005
2168.2559	873.91516	2130.4182	884.49524
2187.0996	1259.0869	2150.044	1262.4789
2584.8625	812.4515	2636.8528	799.4127
206.99701	1091.0303	247.09912	1094.9982
299.99936	1072.9396	255.9973	1072.909
872.7393	1059.042	869.7831	1111.1012
1232.1421	1413.0383	1233.8193	1362.9939
1548.8462	545.85675	1445.7568	527.3552
1481.7267	874.9653	1481.4247	886.0389
1526.7538	1068.0092	1527.5305	1003.9822
1636.2886	726.59235	1620.2078	734.42633
1697.3872	1120.0028	1697.5408	1098.9894
1703.0939	698.2246	1688.1906	704.45575
1858.2789	630.64685	1831.5132	642.1899
1993.1356	905.4974	1896.9259	931.7284
1999.1022	1249.0294	1885.1326	1260.336
2093.831	1046.0105	2119.9238	1041.5541
2195.0005	1466.09	2086.0034	1466.6489
2568.9116	957.5095	2515.8342	967.0808
2629.1062	763.4964	2612.0315	767.1474
620.95135	716.4029	639.91614	718.694
1145.8257	722.38824	1150.9899	754.6818
1229.5344	1115.0048	1229.3322	1138.0117
1276.8969	1005.9778	1141.8175	991.7303
1360.4453	420.6427	1427.923	373.88882
1441.5023	961.0056	1440.3457	1065.0038
1464.9381	902.0168	1465.9568	844.9814
1467.1155	993.00104	1466.5563	1057.0049
1479.4446	1011.98663	1479.5555	1024.0133
2110.9436	976.71765	2092.097	980.48517
2526.2961	344.70334	2471.35	367.83154
2563.1865	916.9199	2518.211	926.04
2605.9944	437.98538	2561.4878	455.2567
2876.9739	194.93848	2803.1604	226.37648
2923.9248	741.6851	2849.8525	759.3828
565.95514	1534.7764	586.91376	1530.5702
669.7432	1012.04895	668.0953	1037.0721
695.2129	1010.95667	690.2548	1100.959
801.1998	1652.9437	771.54803	1690.6445
870.03204	1112.7057	911.3048	1117.2018
878.58685	807.09204	996.02875	822.78467
1132.602	704.98645	1127.7993	846.0272
1175.5938	1111.0192	1174.8529	1134.0275
1221.5055	798.0807	1220.5406	816.0826
1222.1599	794.91583	1235.1719	796.8347
1532.0225	1609.0223	1534.6498	1489.0143
1578.6528	1168.0946	1642.8889	1156.3905
1633.724	754.9849	1633.5668	737.0038
1743.0698	960.24567	1657.1837	984.64667
1711.0139	1466.5338	1677.9836	1465.5498
2001.1343	568.30707	1968.3994	582.627
2295.2214	523.54803	2261.4792	537.18604
2428.8247	1316.7029	2407.6956	1329.1782
2582.3835	818.60486	2637.125	805.5234
2640.2097	901.0034	2591.2593	911.24005
2832.9702	815.8588	2773.1013	828.4807
2889.3816	291.95142	2826.4763	317.18716
2948.026	1618.2756	2904.0105	1616.7067
276.59433	964.54047	304.64774	971.31946
314.28653	1047.0487	316.87888	1031.8093
583.16364	2025.1957	507.9302	2035.4899
596.27997	653.0404	651.99976	661.00165
716.18024	1126.9594	724.96655	949.99835
910.93805	756.542	924.9832	758.1468
1215.9176	1029.8093	1241.0641	1032.3704
1377.1688	1449.0089	1377.6951	1379.9977
1437.2861	321.69278	1431.8894	351.80093
1467.4049	630.0056	1468.2415	569.98944
1486.0721	1170.012	1489.8862	1146.9812
1512.5176	1208.0131	1512.2194	1196.967
1525.0546	1342.0002	1525.0597	1322.0
1591.0748	1146.0023	1591.315	1033.9985
1648.8782	354.04346	1649.7716	335.9887
1844.5734	1032.011	1843.9528	1008.0012
2128.1694	876.6558	2165.0342	867.1325
2308.398	431.9338	2341.375	417.87973
2322.8208	571.53046	2355.9585	558.89136
2424.986	1332.3326	2455.0146	1331.7089
2533.184	787.7635	2511.2527	793.0489
2546.6042	59.539295	2531.5603	76.39276
2927.3188	794.4377	2861.2432	809.09564
564.9458	1560.6912	607.0393	1558.949
651.9948	1445.7827	670.0084	1445.3538
1007.8987	978.10016	856.8901	964.1935
1297.9205	488.368	1337.2454	496.8642
1464.2444	302.89648	1459.4275	338.05856
1644.7355	1297.9338	1641.6765	1310.1692
1696.4891	1028.0067	1696.793	1005.99713
1813.9574	759.02484	1813.5519	741.9869
2112.1748	888.62897	2078.2896	898.0424
2128.0208	1264.1915	2098.9292	1267.346
2314.2542	833.9725	2270.3755	845.4374
2314.2766	577.9883	2308.7192	447.05435
2381.0376	816.13715	2333.324	829.18475
132.18753	1035.567	143.89874	1031.6938
403.74432	1036.482	397.24792	1046.513
1243.0273	1089.6886	1229.9524	1088.5432
1470.7347	703.00397	1470.3971	766.0075
1488.9436	911.2903	1470.073	907.62445
1486.6963	291.84366	1481.6459	333.95752
1503.6832	774.9945	1504.7982	710.97906
1539.7905	560.1184	1456.8894	544.59064
1551.7843	237.06581	1547.0674	149.94221
1586.7849	1607.0131	1587.5663	1499.9968
1627.0092	1446.6588	1571.9998	1446.9613
1851.8583	720.02325	1851.4912	702.0104
1936.3439	1042.9688	1935.7416	1017.02924
2092.8218	977.31165	2108.0928	973.3586
2132.2466	644.9933	2128.9373	523.0288
2171.2375	963.0711	2144.977	968.89606
2284.901	1013.5018	2324.1394	1005.7011
2562.3347	875.4957	2515.4443	885.9857
267.99524	1082.1023	245.99644	1081.0763
340.84235	1071.9008	343.07047	1045.9203
408.05423	630.9283	406.45343	652.03436
494.00443	1546.4658	470.98944	1546.2755
580.14685	967.0074	578.88306	992.09485
601.30176	1037.064	600.1237	1061.0552
734.0004	327.99924	747.8128	336.31104
900.3558	1641.8646	904.14606	1623.8207
1154.1046	526.0385	1152.8152	563.02844
1150.0161	755.891	1185.1357	761.082
1190.0026	1111.9712	1155.9181	1108.912
1222.5211	748.00793	1222.2616	765.0192
1246.9219	1062.2129	1210.9424	1059.8942
1274.0746	1166.0013	1276.8474	1005.9974
1357.505	1441.9796	1357.9966	1405.9863
1435.2853	637.0368	1437.3654	620.9181
1462.5177	1060.9941	1463.3018	996.99146
1481.9406	842.9946	1482.0089	855.0056
1516.0623	908.07544	1515.1636	896.9064
1528.4883	910.99854	1528.6152	866.99603
1551.2809	733.0013	1551.1288	885.99817
1603.3119	1114.0029	1603.5159	1091.9955
1909.8096	585.57184	2005.9177	542.81494
1980.4863	1001.06134	1979.4331	975.0635
2023.0094	1659.2054	2058.0273	1657.5951
2090.051	933.21063	2110.0874	928.361
2264.4214	562.55273	2278.905	556.76227
2288.629	444.48074	2244.5156	463.21417
2316.003	1323.1018	2289.967	1323.8489
2322.4915	509.79102	2337.7388	503.37885
2532.2957	464.76697	2491.565	480.46585
2559.1067	821.4418	2510.7854	833.11163
2795.748	325.07974	2793.9004	296.07004
564.8086	1107.9119	696.96063	1116.5989
746.5326	1700.9711	776.25397	1692.9398
922.0502	1001.0023	916.5698	1119.0265
1268.7412	727.5812	1133.5968	705.46405
1277.1272	1591.6733	1248.998	1596.9896
1450.8702	1075.6421	1511.8063	1087.9584
1516.1072	860.0825	1515.165	849.8923
1516.9187	740.0028	1516.8876	727.9977
1984.0125	406.02994	1970.8073	411.53775
2103.0056	601.0164	2088.3477	606.0185
2129.3372	238.10599	2148.1284	224.17307
2262.966	593.9229	2279.79	586.52264
2481.7917	370.51187	2524.1846	352.43274
2556.1147	488.99362	2548.2246	347.09872
108.57784	184.00171	144.00227	188.9838
492.89175	2044.0024	561.17285	2036.5927
934.0853	1024.2242	953.07556	1026.3129
980.61945	1006.0247	975.9102	1124.0364
1001.7356	1146.9904	1007.89514	977.99615
1081.9193	1353.9845	1081.3187	1395.9902
1156.7295	1055.9904	1155.9025	1079.0681
1193.9668	1057.4105	1156.9663	1054.4172
1230.8038	1479.9941	1232.4924	1423.9847
1265.1552	863.0039	1268.5442	727.96344
1477.6929	1154.0066	1477.4092	1184.0133
1526.1512	706.28107	1505.7903	701.99677
1568.9438	1010.0108	1566.9601	1183.011
1645.266	1350.9948	1645.1667	1365.0012
1701.6287	756.0037	1701.4781	740.98517
1731.6542	1056.9733	1730.7164	1034.0116
1731.4207	1085.0055	1731.5099	1061.998
2154.127	538.2705	2169.113	531.24115
2346.9204	1001.5852	2389.0935	993.4866
2901.4004	849.04865	2904.6436	889.02893
29.659105	1301.8799	36.81035	1281.5809
905.9501	1687.8873	923.9587	1687.079
1190.9235	742.9982	1188.6963	837.99286
1251.4158	1057.9902	1249.9951	1143.0166
1537.8048	834.19745	1454.7299	820.6576
1473.8403	1183.0382	1474.391	1170.9269
1502.5055	910.9958	1503.0674	845.00055
1533.2245	1163.0297	1534.6881	1151.9587
1548.3961	599.8678	1549.8392	615.1099
1603.3492	817.0019	1603.4365	800.99695
1611.8181	811.99695	1611.3992	837.0067
1721.8506	797.0011	1721.1129	698.99915
1844.4678	1062.0062	1844.5731	1036.994
1981.8	697.455	1993.9932	692.9813
2347.2268	412.52805	2307.2927	429.6816
2319.0525	1611.2522	2412.8699	1617.8494
2347.3489	870.38666	2388.9778	859.9117
2763.5745	288.13806	2760.86	260.1104
2835.007	861.03436	2775.252	873.23425
2856.9727	269.0021	2859.3594	299.97232
3021.0571	1632.7233	2995.6943	1627.4783
224.89291	788.4546	204.8285	783.72797
533.0056	1429.6127	683.0175	1431.7928
827.31744	440.57053	781.7444	386.04956
996.36597	1714.0941	999.33746	1670.9543
1209.8003	1087.994	1210.177	1137.9987
1358.2516	1394.9995	1358.2253	1380.9996
1486.6171	1202.0139	1486.1807	1189.9934
1518.1682	601.0179	1517.5647	572.98785
1620.6827	1530.9921	1618.6097	1613.9902
1620.5251	1140.9996	1620.447	1025.0004
1659.7192	1033.0021	1660.192	1097.9987
1813.6869	711.0073	1813.592	694.0079
1888.9806	1397.5499	1999.99	1392.7675
1948.0145	621.99963	1947.5056	602.0126
2261.9436	838.7855	2313.7754	825.14685
2259.0088	1484.1758	2424.0115	1485.9331
2484.3972	414.98883	2532.298	395.74185
2817.1409	702.53217	2750.324	720.2237
2766.3787	336.0364	2764.624	306.0806
2929.294	841.3998	2865.382	854.81976
23.171944	566.03125	28.11863	538.83966
190.6765	1276.6472	167.72148	1297.6963
480.04596	1355.9296	463.22916	1583.6477
635.0003	1533.4495	659.0003	1533.434
697.0577	980.00323	695.6016	1006.0336
893.0869	1687.1818	897.12665	1663.0211
934.0267	987.98267	934.6172	1022.98956
847.04443	1136.3428	1001.0839	1146.7584
1018.18585	1479.814	1163.1592	1488.2705
1161.9335	1024.7036	1189.0692	1027.268
1182.0804	792.41394	1169.8981	790.7428
1204.0404	813.75836	1216.2019	815.79254
1404.9832	1358.7185	1328.978	1356.9332
1101.7542	639.4672	1415.171	691.9795
1459.6455	1031.9282	1458.1035	1061.0055
1465.1188	598.93536	1463.0552	627.0774
1504.6759	284.25626	1543.0632	233.04738
1535.8284	989.8337	1451.6895	972.50806
1595.3173	1063.9962	1595.5433	1142.0043
1625.0364	1024.0167	1625.4346	1047.0271
1637.0294	1056.9962	1636.9471	1078.0037
1668.0422	507.84457	1652.8176	516.4471
1991.0325	1262.3234	1895.8867	1271.871
2247.1123	1603.4131	2151.9517	1596.684
2573.1707	1631.4009	2560.489	1636.8
2829.041	764.17084	2761.8293	780.28876
2889.2449	755.98663	2859.115	763.463
211.64726	1229.4177	159.27249	1261.1486
238.19704	208.08896	266.1855	214.14241
512.82074	1304.8843	485.117	1334.1646
1164.059	1492.7311	1017.00226	1488.9126
1155.5116	1109.9966	1155.3495	1133.0095
1175.991	1108.2356	1188.9893	1108.0828
1230.397	1062.9935	1230.4998	1085.0023
1462.2017	876.9661	1461.0109	905.04285
1443.7552	780.3264	1546.1438	799.221
1545.79	1486.9939	1545.4084	1561.997
1591.2667	845.9969	1591.0424	754.9999
1743.5168	666.175	1671.3945	697.897
1798.6948	768.99927	1798.5818	665.9994
1848.5767	1036.9933	1848.4594	1062.0068
1851.3785	662.0318	1851.025	643.9995
1991.9147	603.0517	1991.4182	583.0144
2112.8394	1011.09644	2092.9353	1014.63684
2144.7776	1004.9226	2146.129	1035.9508
2255.3984	598.98627	2250.9949	471.00018
2828.9639	353.8782	2830.9524	385.94092
2948.5771	1354.4498	2964.1736	1299.7643
309.25674	943.9348	307.15265	967.92566
468.36572	272.2987	485.79715	281.38898
488.97342	2018.8733	526.021	2011.1
644.0236	437.8816	669.026	442.8697
974.9654	1037.4698	933.96674	1034.4524
987.03986	739.71326	947.9613	734.2781
1469.661	840.00836	1468.877	902.0111
1515.9823	1180.9985	1515.9645	1193.0015
1572.4618	729.0004	1572.4249	681.9997
1603.987	838.0387	1604.6942	819.98804
1813.9067	735.02264	1813.5541	717.9885
1980.9427	1034.0011	1980.4379	1007.02924
1981.4194	1066.0076	1981.5586	1039.9923
1983.7761	973.0379	1984.6414	1000.98016
2102.332	652.0293	2101.3682	630.0716
2153.933	608.81525	2140.277	613.7643
2055.73	880.9909	2180.1838	847.6871
2258.2695	508.9675	2259.704	565.00757
2316.2004	444.97406	2316.7417	470.00558
2541.94	2019.4471	2563.9458	2022.4037
2855.9292	698.7219	2909.99	684.96094
52.053406	851.44385	43.9362	850.66437
131.11711	739.10767	155.99574	480.90323
248.89803	799.61444	236.00633	803.0239
1210.4684	1061.0026	1210.3419	1084.0073
1442.0704	917.6133	1545.9017	936.53937
1503.9208	1145.3243	1451.8527	1132.603
1500.5352	1065.0256	1501.6035	1000.9767
1505.4008	1001.0063	1504.4082	1064.0222
1567.9121	814.99994	1567.9093	868.00006
1568.4373	675.8315	2009.6841	463.34393
1602.3568	766.88635	1608.5048	732.0892
1701.5012	779.0052	1701.6768	761.9863
1692.2767	450.54675	1712.2273	440.44907
1949.187	683.0301	1948.4459	663.0205
1969.0461	1070.2145	1988.0288	1066.1343
1993.635	666.0515	1992.8419	645.0437
2022.7411	455.45795	2971.618	2.2936914
2734.427	270.0273	2735.901	300.95706
2819.546	233.96422	2821.5776	264.96216
2818.0134	228.03195	2874.1318	204.31194
169.98038	1087.921	154.9163	1091.6631
262.00937	2020.4387	238.99849	2020.9293
375.0067	919.92	391.06158	921.26434
894.0506	1090.0026	892.85944	1113.096
930.00946	1634.3097	914.96246	1634.7683
1155.4862	1081.0054	1155.2106	1106.0023
1258.7528	1521.9935	1263.481	1339.9866
1290.9945	1417.9807	1290.3986	1449.0077
1341.0768	412.92322	1372.0675	443.9332
1529.5609	979.09143	1442.6139	960.83936
1474.1725	1216.0265	1473.8185	1204.9738
1520.1573	760.96936	1520.4242	771.04175
1535.1167	329.0033	1536.1572	292.00443
1892.9929	925.9742	1997.172	897.632
2104.7468	928.04156	2104.2483	901.01385
2265.5403	531.9331	2276.9988	526.99695
2366.31	862.991	2365.383	831.0179
2531.103	386.25275	2483.8027	405.5157
2514.8804	468.72302	2531.7576	461.43817
2532.8628	427.04303	2531.841	400.04385
2550.3345	783.34	2539.04	786.1601
2923.9888	747.95154	2892.0857	755.3683
96.189926	1406.4783	82.22096	1401.3931
355.7859	899.8883	342.81628	896.7622
562.974	938.25916	717.0276	953.7254
625.38293	2039.7572	596.0334	2046.1531
938.015	1604.5383	915.0068	1603.7911
1157.752	1381.9946	1158.182	1361.9824
1173.3656	1080.0045	1173.6268	1058.9829
1463.7074	738.9223	1462.0162	767.0611
1487.9816	1068.0663	1466.6837	1062.1357
1483.685	614.9681	1484.1984	625.9908
1504.9414	630.9999	1505.0867	574.9976
1515.7183	876.0245	1515.5074	864.9903
1701.7413	725.98065	1701.5414	708.0051
1813.3518	679.0184	1813.5968	660.98096
1835.1372	1616.9724	1850.0056	1618.9579
2092.5989	1015.93945	2093.7363	1045.9722
2160.747	1032.003	2160.399	1003.0192
2200.6008	1648.0039	2200.519	1619.0042
2321.4092	874.09033	2318.6794	826.0182
2371.9333	989.08344	2370.6404	957.0549
2450.1936	1372.2903	2461.5386	1325.6445
2508.2065	392.03217	2507.1514	365.99387
2512.8706	970.3057	2563.1733	960.9297
2558.3147	818.1108	2554.7595	764.0158
2560.8938	871.1074	2559.154	836.9921
2574.3687	763.372	2630.3567	748.32776
2729.356	311.9808	2727.2031	272.04294
2797.9873	777.94604	2770.1262	784.5339
4.8306994	158.76361	42.210396	167.05104
46.263393	1297.8961	36.896873	1300.6492
233.60327	1156.5016	222.9714	1164.9641
235.07277	933.74255	218.94768	929.1851
404.76016	1105.9628	400.5454	1133.0847
671.004	1435.5383	544.005	1434.4265
599.49396	1066.0935	597.99426	1090.0623
693.5911	1469.0638	720.19403	1457.4442
986.0348	1131.4984	865.0621	1123.1055
1023.05316	1467.2812	1045.9897	1462.9459
1187.148	1486.4308	1074.022	1475.7672
1217.8604	818.95294	1203.8678	816.902
1233.9784	821.15515	1220.9526	819.3404
1230.9858	1086.0509	1242.998	1085.8723
1471.6665	566.00195	1471.4885	626.0044
1514.0461	1048.0154	1513.8684	1036.986
1550.1431	1036.9775	1549.3835	1066.01
1618.2101	1613.3163	1584.9789	1609.169
1636.8125	1022.9907	1637.0414	1042.9995
1730.9557	1018.9729	1730.3329	997.0189
1836.2706	753.9975	1835.3086	648.9972
1831.1703	1510.0667	1840.6532	1485.8641
1843.7935	992.003	1843.448	968.00793
1858.5206	743.0052	1858.5919	721.9986
1984.4938	1006.9468	1985.4229	1033.0205
2139.2354	1041.9927	2134.6028	892.98126
2135.551	520.9986	2135.4722	546.00464
2196.101	1628.87	2175.9937	1627.0701
2545.3936	923.0342	2547.3066	956.9827
2555.783	339.49075	2600.2354	320.55228
2774.6885	375.84564	2776.415	405.91876
2776.389	873.9118	2778.9312	913.94086
2792.0457	275.1493	2788.675	231.02481
2810.1807	868.0505	2812.5737	906.9031
21.169415	962.11847	26.098814	955.0691
232.04999	235.85121	217.06204	230.81535
278.411	605.8008	339.2739	615.23267
436.9996	1350.0023	422.8955	1347.6183
721.09247	1454.3442	695.7709	1461.147
895.7174	1061.0912	894.4434	1085.0767
954.9634	1587.994	937.82855	1692.1364
1201.681	730.9806	1202.5931	762.9545
1225.9873	1114.4219	1211.97	1114.0018
1508.5833	709.012	1507.3046	771.0063
1519.5868	849.9965	1519.4945	861.00415
1546.9562	859.967	1547.5533	822.9766
1679.4019	1449.0145	1681.3132	1396.0114
1683.5596	1126.0012	1683.2245	1007.9994
1687.7949	1040.9922	1688.1495	1122.008
1704.9828	975.9349	1732.8865	968.5699
2105.3699	628.0263	2106.3257	650.9447
2118.2292	925.0726	2116.3818	879.9844
2073.9062	1247.0264	2199.9902	1234.8988
2615.188	822.8504	2617.6567	858.9551
2742.442	386.90906	2744.4011	417.9747
2765.4434	727.90125	2768.1187	766.9919
2850.0	251.09386	2847.2847	222.16098
2854.0725	302.08923	2851.0986	271.18295
2925.0706	1286.1237	2900.185	1300.3245
0.6664645	454.96246	145.72531	479.6162
353.83557	381.98486	350.8811	414.08112
607.02356	1565.2242	564.9814	1566.0331
660.9619	745.2381	678.9808	748.1203
867.9572	1129.6486	983.0501	1137.2404
1187.5656	509.5423	1146.3081	458.5599
1395.013	1458.908	1335.9976	1458.2097
1461.0134	1217.0001	1461.5577	1170.9829
1508.6527	571.99457	1508.4161	631.0057
1520.7498	711.9932	1520.3978	725.01074
1562.7122	330.01758	1562.3707	304.99493
1799.5125	1548.2391	1807.6384	1530.8312
1983.3292	931.9964	1983.6132	958.01514
2175.2236	1627.973	2177.3953	1645.9523
2177.0547	1647.2644	2201.0706	1649.0533
2424.507	1481.0216	2419.5554	1367.9319
2535.6023	822.086	2533.5073	788.03033
2555.5588	344.01865	2556.7837	372.96683
2627.9792	752.9211	2570.2947	768.1187
2580.0947	362.08865	2578.8367	335.05414
2591.1934	911.9293	2593.3882	948.977
2610.9138	822.6291	2586.3123	828.3441
2915.461	677.7815	2838.2004	697.7748
118.22906	859.0255	126.282776	786.69745
158.70958	481.7349	1087.7888	637.2618
896.5999	1033.0105	896.1811	1057.0032
927.2128	1688.211	934.3731	1647.065
1211.0846	1017.0027	1210.0471	1050.0328
1230.4882	1089.0145	1229.8336	1111.0544
1485.786	1350.0212	1486.6765	1317.0183
1519.6355	881.9861	1519.2131	893.0463
1570.8274	998.9961	1571.7576	957.9945
1595.606	1032.9904	1595.9227	1053.0171
1628.4679	1566.0188	1630.9987	1502.9197
1638.7986	333.94336	1635.0431	347.29343
1805.2332	1040.0167	1804.7307	1017.00586
1948.5918	657.01013	1948.4551	638.0039
1949.5741	708.0047	1949.5372	689.0009
2081.978	663.0226	2079.3508	544.01434
2157.7676	915.09955	2156.5173	887.06616
2158.7068	961.03375	2158.2795	932.0106
2284.1306	851.89703	2285.6326	882.9694
2371.171	878.0453	2372.974	911.056
2760.9998	774.0	2758.267	730.0456
2938.2036	1346.0762	2939.4854	1308.9822
1124.833	1335.9587	1120.2278	1466.0435
1212.4103	1412.0125	1213.0775	1390.0327
1495.9037	989.00073	1496.53	1069.9882
1506.5167	846.9994	1506.4353	909.0019
1521.4932	572.99207	1521.0555	601.0165
1625.8544	738.97156	1625.3822	757.9847
1724.2634	484.0407	1696.9875	504.9837
1820.8021	709.0003	1820.8085	690.9996
1825.9869	1460.7712	1841.9993	1461.0411
1931.9075	718.9848	1930.0813	609.99866
2339.6353	476.9265	2340.8054	502.9638
2375.015	956.05255	2376.7725	989.01215
2862.9492	342.77396	2865.2585	372.90353
2889.8135	697.9423	2892.5137	736.0345
190.42989	1016.81805	185.53041	1032.1693
661.4059	647.9084	662.3188	661.91406
898.5567	997.0534	897.7675	1020.0606
908.49493	1646.0872	901.0792	1688.1901
932.538	1064.0294	932.099	1087.021
1156.8029	1408.0326	1157.6178	1387.944
1175.0907	1467.003	1176.5637	1422.9854
1188.3722	1680.6333	1160.5378	1721.0588
1266.858	1015.379	1150.8517	1003.4408
1517.8577	1020.9822	1517.42	1048.991
1519.4885	898.9983	1519.5238	909.0017
1688.5072	809.9961	1687.7719	713.9941
1804.9604	1003.9667	1804.1279	979.9609
1820.6572	676.0087	1819.743	639.98114
1848.9854	956.9496	1824.0635	964.21783
1922.8073	947.0035	1923.2905	973.9948
1957.9896	654.0084	1957.8224	633.9931
2155.4958	551.9871	2156.092	574.9976
2159.5466	996.00415	2159.4995	968.00085
2180.4836	1404.0048	2180.3262	1386.9878
2286.2983	438.69736	2246.3394	455.7934
2563.0532	913.09143	2561.406	878.0279
2609.0618	804.12396	2606.8794	770.0077
2637.9995	815.9975	2613.119	821.53394
2798.583	719.87427	2801.6135	758.0307
2853.366	219.92082	2855.1057	249.9359
121.1889	658.20807	102.80377	653.8227
249.08809	614.0024	248.31367	643.00836
304.5053	1067.6947	313.4152	1053.2562
540.2403	1596.0632	541.77466	1565.9885
1135.0665	1156.0709	1274.0697	1166.0275
1198.9976	1581.9344	1237.0565	1580.5132
1526.0367	917.76013	1506.8739	914.82275
1570.3215	1470.9619	1568.2324	1562.9825
1742.0839	442.2707	1717.0697	439.39386
1826.862	942.5463	1856.1914	933.62946
2073.238	537.0339	2075.065	631.9988
2084.275	543.0048	2084.4272	566.0038
2506.446	834.97955	2504.661	796.01556
98.26861	1058.0466	103.98305	1025.1709
96.80873	642.5487	120.11413	650.6726
267.55255	1067.0345	268.93207	1044.9333
306.8695	978.9873	298.68335	1063.0665
481.0119	1350.1749	467.93634	1351.0648
932.9979	1645.3365	909.9927	1645.196
1503.2031	1161.0009	1502.9225	1225.004
1510.2609	314.0444	1515.9738	280.48483
1633.5632	805.00037	1633.5496	788.9995
1637.599	1083.9856	1636.804	1106.029
1794.5868	1581.9552	1787.4154	1487.9683
1848.4246	1006.9934	1848.536	1031.0022
1855.6864	699.9916	1855.2018	718.0323
1966.5012	935.9353	1967.6664	962.97125
1992.779	640.02014	1992.4485	620.0091
2107.82	1041.0312	2107.433	1014.02246
2136.7026	1458.0334	2138.864	1348.017
2324.9612	961.03546	2323.8682	929.0045
2484.6562	515.0159	2478.2036	375.99054
2486.5664	417.07687	2491.5503	510.0241
2507.927	836.6984	2559.079	824.3275
2559.5996	421.93024	2560.953	452.95844
2561.5613	955.0533	2560.3013	921.0259
2583.5222	775.9152	2585.5298	811.9705
2588.6616	869.9099	2590.724	907.96075
2767.0942	721.37085	2815.9878	708.952
220.13773	734.5684	181.8845	722.36194
1064.9034	1466.9613	1094.088	640.8265
1210.0269	1138.51	1245.0859	1140.4283
1316.6747	1392.7853	1314.2037	1408.033
1483.47	705.9964	1483.272	735.00867
1735.6942	766.0032	1735.5173	748.9946
1805.782	1099.9764	1805.4788	1076.9937
1919.7788	1084.0045	1916.9865	949.0003
1924.4974	1049.9384	1925.651	1077.9733
1934.7142	969.02423	1934.4598	945.00574
1943.8247	1337.0046	1942.1478	1272.9961
2257.9636	1618.5005	2067.0276	1604.6189
2308.5034	1002.018	2307.3794	971.0225
2323.3987	923.06036	2322.1912	891.0305
2337.3506	1410.9833	2333.973	1339.9537
2339.2717	438.99762	2339.4568	459.99597
2485.3958	374.00168	2485.4739	401.9987
2511.4133	793.0241	2512.8914	829.00446
2516.053	886.9001	2517.8083	922.96063
2612.519	767.9727	2614.413	803.9783
2638.5188	940.0735	2636.8267	905.959
2902.9607	1626.2512	2927.1516	1630.0292
191.14018	1034.04	196.8694	1013.9627
666.0986	1071.0369	665.2926	1095.0433
667.848	1042.0422	666.60095	1067.0797
911.9412	1641.3726	931.9873	1640.6486
1397.005	1368.8154	1336.9678	1367.1996
1458.2946	1175.9833	1457.2474	1220.0297
1524.2367	1390.995	1524.5206	1347.9968
1544.0957	1333.0095	1543.8643	1310.991
1604.3893	1139.0094	1604.5386	1116.9968
1625.2402	767.99097	1624.9222	830.0098
1814.8667	1383.042	1815.5454	1369.0264
1833.8083	1068.9384	1834.6973	1095.0104
1901.26	585.9788	1903.98	748.00037
1996.2997	617.9962	1996.5536	638.0057
2133.9402	517.85645	2163.2715	505.65225
2157.5464	608.99976	2157.5334	632.0003
2160.567	886.91437	2162.0984	914.93994
2257.1902	469.9638	2257.6035	494.99002
2262.0918	1695.2626	2308.9612	1697.7369
2311.7166	969.95593	2313.622	1000.96173
2350.3357	532.809	2322.5552	544.338
2368.4097	912.10095	2367.1597	880.0328
2530.3245	381.0483	2527.672	343.95193
2739.3628	351.91016	2741.472	383.90295
2859.787	305.77814	2862.258	336.82025
2893.7815	756.85754	2897.0588	797.8353
84.95816	645.12964	71.72324	640.85736
201.22368	206.9634	220.20311	211.05869
283.95615	1973.644	306.1126	1970.914
548.20636	1565.016	545.8711	1595.0677
569.6794	1458.0042	569.4593	1441.007
628.2203	1523.1576	614.01385	1543.0099
776.3541	1691.7933	804.472	1654.8832
955.97864	1036.9994	955.24524	1061.038
1327.5839	1357.9893	1326.9131	1384.0236
1479.7352	749.0074	1479.4261	737.9601
1735.753	742.0203	1735.5083	726.9917
1790.4403	1110.0146	1789.2485	982.9977
1829.5431	1101.9923	1827.7122	972.004
1936.7709	1074.0295	1936.4396	1049.0206
1911.0729	1099.3706	1989.9712	1083.8534
2183.12	1350.995	2183.7905	1367.0505
2298.2317	1305.0304	2302.5962	1271.8156
2373.0278	917.88324	2374.8774	950.0071
2561.8008	454.8752	2563.8887	485.00772
2583.1343	333.99197	2584.8079	361.95166
2606.3025	352.0686	2604.4026	305.06458
2617.8684	865.0076	2619.9634	901.00214
2813.9702	276.00153	2811.9197	236.05547
2823.494	281.88782	2824.9814	314.95584
238.96112	839.56757	261.05228	837.58124
936.0006	1692.0358	877.9999	1692.9944
1141.2291	413.51913	1154.1533	419.6784
1198.6897	1050.9907	1196.0438	1140.0013
1242.6013	1561.132	1245.7526	1498.9874
1498.9426	1225.0083	1499.5059	1160.9868
1556.9902	299.02615	1557.7673	329.03192
1595.4525	778.99457	1595.6885	841.99744
1633.3746	827.03064	1634.6875	810.9744
1693.788	1157.2516	1688.9786	1172.3125
1820.3164	758.01636	1820.5778	736.99475
1854.5454	642.003	1854.6694	661.00214
1891.2341	1611.9851	1891.5839	1641.005
1936.9965	1015.9691	1924.0521	1017.4545
1951.5845	599.98804	1952.0151	620.9792
1967.7571	1006.9769	1969.6775	1069.9489
1975.6013	702.0091	1973.016	588.99963
2010.2812	1651.9851	2000.1195	1459.4658
2112.9768	649.0048	2112.8633	625.0007
2119.6133	970.98724	2119.01	941.979
2164.4338	1002.0198	2165.448	1031.0193
2325.3408	539.18835	2342.9238	532.7909
2346.2263	998.9892	2338.527	838.0226
2370.1748	951.13007	2368.6528	918.062
2769.6497	304.0897	2771.695	334.88742
2772.9756	829.86426	2775.7305	869.9498
564.00287	1596.8689	601.029	1597.6849
1474.045	1200.0002	1474.0985	1187.996
1483.3093	737.96594	1482.7606	749.08685
1537.8832	697.6683	1456.7401	683.48694
1595.4393	751.9907	1595.7981	769.0253
1692.6675	740.9955	1692.8439	806.0004
1788.7946	639.54285	1863.9009	605.7796
1952.4371	661.00256	1952.5277	681.00214
1996.6925	643.01135	1997.4668	664.01965
2146.863	1041.3157	2172.0552	1036.2755
2281.777	559.4166	2261.4504	567.1795
2518.058	926.89514	2519.8975	963.00525
2557.9033	389.03467	2558.8809	419.97217
2771.8982	339.87228	2773.9167	369.87103
2806.78	823.8927	2809.077	861.99536
2826.073	318.93668	2827.9062	350.00552
82.158615	926.5257	69.137146	930.4545
254.06221	1098.4602	273.96887	1095.7697
674.0168	385.9108	717.9682	394.16913
935.5069	370.14993	948.17615	377.70456
1158.5723	1721.555	1115.4933	1731.2028
1435.0457	1309.9994	1436.3171	1396.9954
1514.0688	1031.9716	1514.404	1021.0123
1519.4083	865.98224	1519.5472	877.0057
1659.6057	988.00903	1659.011	1028.0001
1831.5267	1626.0269	1830.2805	1604.0977
1957.5985	618.9803	1956.3115	579.9567
1979.5046	587.99664	1979.3486	611.0024
2289.498	973.0208	2290.8618	1005.96436
2306.5837	846.9314	2307.8843	876.96173
2369.4722	829.90454	2370.7107	861.97253
2620.6914	907.0171	2622.6833	942.9621
2822.8838	392.00833	2814.851	280.01068
43.005745	1525.0057	25.962719	1541.9625
299.08548	933.2836	261.89893	928.8472
1324.4996	1563.9888	1325.937	1499.9761
1462.927	1388.3745	1485.0609	1392.6876
1552.169	658.98755	1551.088	731.01636
1813.0402	1269.6611	1790.0642	1271.0565
1805.512	1070.0011	1805.4552	1046.0013
1819.0895	1156.009	1817.777	1168.9774
1833.5352	969.99585	1833.3041	996.0116
1923.0533	986.9636	1924.1176	1047.0156
1936.412	640.9776	1937.5708	713.99097
1944.7814	968.0151	1944.2612	925.9844
1979.5631	958.009	1979.407	933.0037
1993.4976	692.0043	1993.5548	671.99585
2287.8472	935.9203	2289.2737	968.9882
2317.0903	484.94504	2321.4763	571.976
2319.8186	1344.0159	2321.4014	1362.0525
2388.2249	987.0626	2387.0955	955.0319
2584.9329	442.06985	2583.104	414.12408
2585.55	378.0709	2586.9644	407.00174
2751.1206	942.69495	2932.0532	911.3071
2829.118	771.58276	2802.0132	777.06555
2827.0273	752.1568	2822.3303	693.0532
69.85294	1349.9187	79.39758	1332.6667
365.04626	1089.3958	319.92792	1085.9418
545.2963	1605.0299	542.5632	1632.057
836.9418	1430.9556	826.98865	1443.9913
1176.7101	1411.0217	1178.2097	1361.9758
1211.3549	1465.0349	1211.6915	1451.9663
1237.8762	1590.8369	1260.9343	1588.3829
1438.0883	1234.5096	1452.9661	1237.1885
1549.3947	1562.0005	1549.5121	1471.9994
1569.9067	1277.9517	1571.0565	1251.9583
1622.8668	1617.0369	1624.1849	1586.0078
1625.0088	1056.9971	1625.125	1136.0013
1682.9264	705.00116	1683.0112	782.9989
1729.5541	1569.0022	1729.3674	1531.9982
1835.0504	1486.0175	1828.7352	1504.2546
1886.0298	1261.9681	1888.0258	1389.0153
2087.575	1050.985	2083.7844	905.9795
2153.4688	633.00836	2153.6	609.992
2162.4565	931.9345	2163.2307	960.96716
2346.411	835.98175	2347.8293	867.9632
2376.8872	579.0056	2366.8955	379.0552
2441.895	1385.091	2472.882	1420.8359
2737.1797	316.88364	2738.8918	348.9524
2865.6472	855.8727	2868.8152	896.8597
19.044199	1556.0437	0.14420441	1575.1536
957.416	1005.01227	956.826	1025.0537
1465.0383	1170.0004	1464.5708	1216.0059
1486.2595	1188.0299	1485.6945	1174.0123
1501.1311	748.90967	1498.9388	769.99365
1558.1976	1462.0144	1556.8181	1480.9868
1626.9089	1019.4818	1638.091	1017.5178
1674.9332	1218.9933	1672.8278	1240.0826
2108.3416	1353.0203	2109.2642	1383.0226
2243.164	567.99585	2244.0198	601.9995
2349.7014	1660.0217	2347.515	1629.9625
2363.0444	1301.8596	2368.3293	1265.9015
2609.195	398.05634	2608.289	369.0222
2633.965	487.00235	2619.3108	270.04654
2854.2405	705.9118	2857.0186	744.99866
2897.6204	803.02905	2900.677	842.9482
246.91168	1076.3333	260.98242	1077.2654
293.14096	219.36664	327.23264	226.95479
351.83273	984.9869	349.78363	1011.1398
1048.6466	1464.0137	1045.3572	1378.9862
1155.9943	1134.0802	1191.0303	1136.5745
1464.4271	1152.0442	1465.5122	1166.1147
1679.6576	1562.134	1706.9186	1566.5073
1840.8358	679.9896	1841.706	749.9912
1917.4066	1432.0411	1890.3623	1481.6523
1939.3442	984.9616	1940.0881	1010.9975
1919.0717	734.19653	2001.1107	704.3038
2089.4106	903.9414	2090.6145	932.933
2091.4336	981.93933	2092.7046	1011.97015
2105.6714	972.0218	2105.4185	945.00543
2108.5251	899.9676	2109.0996	927.0191
2120.293	1005.0195	2119.4941	976.0139
2127.7236	1353.962	2128.6177	1371.02
2163.3652	966.022	2164.4011	995.98615
2351.908	959.90076	2353.6802	993.9646
2514.1636	845.91174	2515.6753	882.9725
2516.9238	785.646	2548.9487	778.76135
124.96987	781.9945	130.61957	750.9308
1176.5925	1085.0239	1175.7036	1107.0687
1302.723	1439.8678	1309.4646	1425.7445
1326.7058	1398.9907	1324.5927	1466.0502
1477.5043	1188.9982	1477.5468	1201.0016
1482.885	753.9868	1483.0496	765.02905
1542.2632	1420.0046	1542.548	1403.992
2103.6091	539.9933	2103.2996	558.02234
2342.9355	537.06256	2343.721	562.97815
2461.747	763.9092	2474.2732	1004.93384
2534.6355	456.01892	2533.4934	434.0263
2542.1777	958.0357	2540.702	924.0564
2582.779	408.06528	2581.2832	380.0918
2768.73	371.0169	2766.9185	342.0677
2718.1367	445.37405	2895.5466	380.49466
2886.969	737.40076	2883.16	699.0835
2926.835	885.1501	2924.2632	848.0511
20.841133	926.746	6.012257	936.0196
128.22076	1507.9108	120.648796	1574.0742
1128.015	846.88165	1264.1012	864.2053
1277.0737	1614.552	1246.0927	1618.693
1436.4497	621.80853	1383.9506	586.0727
1425.289	328.83362	1419.4312	353.86688
1499.2029	885.9519	1497.9293	907.0561
1522.1012	1074.4515	1510.9282	1072.3889
1689.9668	1477.5486	1713.0035	1478.9412
1726.3976	726.999	1726.5582	793.0011
1803.5422	695.99225	1803.1797	764.001
1840.793	646.9978	1840.57	668.00604
1851.4977	696.00165	1851.5161	678.99835
1855.15	676.9788	1855.4634	693.99146
1963.508	1074.9902	1960.8608	937.0027
1980.0452	622.97943	1981.521	697.98975
1995.2986	581.9784	1995.632	602.0061
2136.0652	558.96173	2138.9758	639.9649
2240.195	616.54126	2357.1418	574.3934
2290.811	1255.9558	2293.5325	1305.9711
2314.8953	925.02515	2324.005	924.0461
2438.2139	349.94244	2447.841	552.96014
2771.3347	407.13538	2768.892	377.09006
2972.0496	2046.5543	2940.0007	2042.9926
413.09033	2003.9097	381.10785	2007.0859
1130.0002	1339.977	1155.0082	1340.2494
1141.2563	1359.9832	1140.1237	1410.0254
1155.9142	1016.0166	1155.4049	1044.0255
1158.5874	1449.9911	1158.263	1465.0057
1259.0348	1151.5452	1154.8796	1143.5724
1361.399	1406.003	1361.1068	1444.0085
1518.1555	616.04114	1517.5675	603.97235
1717.7772	1121.0009	1717.3098	1000.9988
1785.0233	1621.0033	1789.8787	1586.8406
1809.2231	1045.0065	1809.423	1069.0048
1936.2979	606.9923	1936.4279	628.9975
2023.5093	468.9012	2049.4695	1653.8145
2066.622	1243.953	2073.4949	1481.0146
2085.0588	579.90955	2087.3472	631.98474
2104.8293	601.0067	2105.6924	623.0121
2128.5273	1389.9779	2129.1965	1405.9918
2179.2012	1375.0027	2179.5405	1349.9938
2282.8965	560.0251	2283.464	584.98944
2269.939	1031.6681	2390.098	1009.5318
2387.6687	858.0046	2388.0886	796.9868
2450.295	356.98563	2458.3386	522.0322
2560.8882	373.032	2561.1272	344.00104
869.0271	969.7041	933.0401	975.56213
1296.2163	470.8585	1302.1373	479.91022
1456.4973	1346.032	1453.9193	1386.0592
1486.2557	1390.9923	1485.175	1354.9948
1501.047	557.1119	1498.758	598.98676
1512.5188	1175.0065	1512.471	1163.9979
1516.1503	1197.9823	1515.9203	1208.9983
1520.1659	280.37424	1531.2114	275.477
1598.7411	1432.06	1601.159	1362.0055
1835.0001	1096.0004	1847.001	1093.0038
2087.5505	633.97626	2087.9187	658.0012
2105.5613	1287.0214	2106.143	1298.993
2240.6174	823.9313	2250.0508	1045.9978
2496.9792	989.88446	2641.0178	964.0999
2513.772	501.17905	2511.6768	475.10635
2538.5361	787.9215	2540.2773	821.98584
2607.584	468.0784	2605.9773	439.0566
16.952093	1285.9845	9.534074	1308.8489
493.70972	1597.0004	493.68704	1576.9993
916.00726	1031.9022	873.9426	1028.7703
955.01337	1067.0005	954.2163	1089.044
1127.0404	1503.8535	1097.0424	1502.7975
1471.1644	1127.3563	1441.7831	1119.8488
1446.0042	641.9685	1534.8932	653.8026
1523.1893	1237.181	1502.8872	1232.4882
1514.098	1089.3597	1533.1118	1092.2697
1587.0933	747.9594	1586.1489	769.05145
1909.5553	1283.9767	1910.5	1346.9926
1935.4457	1012.0046	1935.5282	985.9985
1962.0751	1373.999	1961.9104	1360.9885
2143.8662	968.976	2144.7795	1001.97845
2146.0896	885.3491	2166.9956	879.9831
2156.5654	579.9977	2156.5278	603.00085
2078.9983	1482.3716	2211.0002	1482.9427
2303.6187	877.1112	2302.2607	848.03455
2307.2783	964.08026	2305.8315	933.0545
2473.9714	1417.0276	2460.1963	1402.8099
2543.4402	882.02655	2545.0508	915.9976
2578.4956	818.96936	2575.9639	778.00226
2470.2454	533.68445	2611.0642	483.179
2612.1177	859.08563	2610.4792	823.06915
2803.3357	778.84155	2805.925	817.00507
189.99115	790.0398	175.06187	786.7216
1132.9965	1468.0399	1173.0334	1471.6268
1196.8496	1023.32745	1159.8711	1019.13763
1268.1644	455.97623	1267.8214	468.02338
1306.0037	1390.1052	1314.0286	1389.8289
1512.4735	1192.0026	1512.4159	1179.998
1570.4619	1212.0106	1569.7289	1175.0251
1890.0385	1513.9812	1890.8055	1597.0018
1911.7268	941.0028	1912.8892	1052.9907
1921.5614	692.9922	1921.0629	721.0011
1924.3938	600.9859	1925.2847	688.99713
1939.8608	1016.0042	1940.6799	1042.949
1957.255	707.00574	1957.0704	683.00714
2106.2583	1320.9807	2107.3062	1334.977
2141.7517	890.9365	2142.8057	920.007
2215.7358	445.9432	2221.8887	634.00366
2265.718	1511.5635	2251.522	1605.2307
2280.3076	500.98282	2280.6362	525.99164
2286.4338	898.02155	2287.7249	931.9724
2323.8933	1000.10834	2322.2903	968.93365
2589.725	446.0145	2591.2014	473.98938
2766.6094	256.97458	2767.8608	286.96408
305.89038	1146.4371	292.02664	1149.1368
1438.4419	1157.0012	1438.5486	1203.9965
1542.8997	1386.0	1542.8916	1342.0
1611.9583	1119.9667	1611.2853	1141.0092
1675.999	372.01736	1637.7251	294.152
1714.042	1633.003	1794.0266	1636.3679
1825.8474	728.9959	1825.9824	757.0049
2074.033	1069.1843	2172.1143	1051.6381
2109.2993	943.9183	2110.298	972.02496
2244.494	462.96262	2247.0215	563.99945
2249.8464	1224.9314	2259.4363	1482.9838
2279.0366	464.98495	2279.327	484.98074
2321.4292	1382.0524	2323.166	1400.9847
2343.0725	1637.1034	2317.9937	1635.0781
2349.8274	921.9004	2351.6836	955.96277
2937.7463	1370.1715	2978.7778	1414.0767
26.878742	1482.8915	40.612442	1467.5482
48.84942	1116.89	15.912971	1121.3585
323.00702	968.9447	347.98596	972.11084
378.29404	1231.7153	332.92432	1221.3307
538.21466	1632.0103	539.54596	1603.9784
1341.1438	1404.9939	1342.851	1444.9636
1470.9137	1290.3153	1437.6675	1281.2148
1493.0782	1129.8756	1476.0356	1131.399
1834.23	1601.9772	1834.5264	1617.9717
1852.0426	1627.412	1833.07	1626.036
1891.0197	1642.7642	2009.0338	1652.5942
1952.3843	635.9994	1952.4149	655.9994
1979.3336	1353.0378	1979.6766	1340.9624
2101.4902	625.00366	2101.3335	603.00476
2109.1204	1388.9927	2110.1619	1405.9901
2260.817	567.929	2261.834	593.9674
2310.3623	932.024	2311.5635	963.94116
2479.0425	1378.9425	2481.4167	1422.0321
2581.9714	1665.156	2611.6255	1670.5802
2638.0247	810.1046	2579.72	823.80853
21.708921	1509.1665	25.035269	1495.0083
897.8984	477.57214	886.8905	475.61646
1278.32	1608.0067	1278.657	1591.9928
1308.3734	1379.6327	1294.9259	1387.569
1626.1248	1428.9968	1625.7998	1415.98
1669.3219	1238.9746	1669.6085	1219.9941
1777.5436	1505.8987	1782.3289	1578.7815
1794.2598	980.9956	1794.6685	1005.0056
1847.5951	967.0101	1848.191	990.99524
1852.6606	1348.9816	1851.9915	1324.9724
1945.6495	1009.0086	1945.4841	983.0033
2134.3445	1295.0021	2134.5784	1255.9974
2360.958	1459.0157	2361.2375	1442.0039
2516.9329	472.05072	2518.261	499.9876
2709.8523	696.94324	2727.426	960.9051
2736.8877	424.00745	2729.5886	313.96097
2769.9756	785.86914	2772.627	825.8922
2856.484	338.0923	2854.5964	307.08542
2914.1245	1645.8857	2901.205	1631.8118
114.98701	1190.9869	126.54349	1179.5392
316.8921	1152.9907	318.4397	1135.038
323.02734	942.6706	382.20065	947.58276
1124.0122	1524.8478	1087.9233	1521.9573
1160.9976	1387.9689	1160.345	1409.0107
1195.5923	1421.9917	1194.6158	1470.0328
1239.0237	1557.4216	1206.0153	1559.2723
1448.2083	342.86014	1452.0983	320.8407
1482.4854	860.9439	1481.4802	870.16144
1493.94	1368.9486	1492.6305	1395.982
1738.804	691.9931	1738.9581	709.9918
1793.4475	658.99884	1793.2732	740.00275
1875.0331	1591.3652	1815.9966	1590.1686
1888.0718	922.98444	1890.544	1093.0066
1967.5697	976.98663	1967.8081	1005.00165
2142.9636	920.8516	2174.7686	913.0555
2284.0977	1011.9957	2277.1372	854.038
2314.8813	1668.0222	2309.8335	1641.0311
2536.1042	840.5581	2514.1235	844.6615
2537.9993	876.0822	2536.5579	841.0182
2585.7537	954.95825	2578.548	824.9696
157.58905	1263.4061	180.47858	1221.2599
346.91367	1188.0054	348.81253	1218.2004
399.90268	1095.9956	400.63153	1079.9833
1071.0642	1352.8093	1083.1467	1351.8513
1442.9387	1400.2595	1516.8323	1417.71
1472.9219	837.62225	1489.9053	839.7543
1672.3423	1261.9823	1672.7195	1247.9924
1668.6871	1131.968	1672.9902	1089.7949
1938.7396	943.00085	1938.8273	969.0006
2299.007	1382.9323	2300.2222	1400.985
2305.5479	926.1251	2303.9622	895.053
2460.0828	1326.9152	2434.648	1314.7349
2471.4863	481.97964	2472.9932	518.0003
2540.9631	839.8848	2543.0747	875.8783
2831.0737	811.13	2828.503	773.03357
2858.6914	763.8859	2861.529	805.96436
2961.79	1301.4012	2930.644	1285.7065
12.454249	1172.4089	2.0305195	1182.0331
328.08005	1203.1411	330.33188	1185.9127
1159.5227	1422.993	1159.2191	1444.0032
1567.1285	1331.9944	1566.4733	1433.0095
1586.6521	775.99646	1586.8838	819.00604
1687.6526	1006.98724	1688.1017	1030.0176
1812.2327	1125.5691	1863.9847	1117.8967
1920.0221	1288.9995	1921.053	1339.9989
1891.9548	1265.5801	1995.0514	1254.477
1985.423	1038.9869	1985.563	1065.0077
1982.9459	581.8614	2000.0709	575.18176
2104.4746	572.99927	2104.4434	596.00195
2343.954	1247.0026	2352.8472	1409.0084
2399.3745	1269.9698	2401.5476	1224.9299
2587.6167	412.91666	2589.0615	440.94528
2614.6816	901.1187	2612.8865	866.057
244.65068	1152.1346	248.18857	1135.0391
452.72498	932.1344	445.8515	918.0726
756.07654	1358.6193	740.8865	1355.5646
844.2319	1432.0155	842.9581	1450.9972
1437.0433	1121.8444	1439.1509	1135.9775
1698.9183	1510.0347	1688.3959	1485.2566
1717.4016	439.5523	1699.6095	385.45737
1721.6176	998.9912	1721.9602	1023.00055
1734.4883	1032.9388	1735.4365	1056.0232
1794.9879	1016.9597	1795.3525	1043.9952
1941.5824	1370.965	1942.299	1341.958
1958.0648	679.0021	1958.7123	658.99066
2071.0105	635.9981	2070.9524	666.00183
2076.0393	1023.977	2075.32	1054.0077
2416.802	1317.9727	2413.0828	1209.0314
2586.7683	476.0662	2585.2646	448.09326
2680.202	243.91957	2695.1257	466.92465
84.66673	1338.3735	75.507484	1354.7241
346.87418	1046.0726	344.70667	1072.1418
349.0945	1016.08093	347.1042	1043.0077
575.08295	1441.0032	573.5255	1482.0199
1104.0502	1497.5927	1128.0554	1500.5505
1693.4229	710.00543	1693.178	729.0152
1756.4995	1381.9097	1760.6439	1358.9358
2163.27	1350.9873	2164.725	1382.0597
2258.1807	495.34924	2275.2664	486.51508
2302.0542	544.9594	2303.4038	580.02295
2308.4277	893.8902	2309.8784	925.96027
2347.9827	883.89154	2349.846	917.95374
2540.203	917.14795	2538.4014	883.08453
2770.9485	919.0035	2761.7073	782.95197
47.091377	908.7712	27.60475	900.9898
333.0344	389.00317	330.91037	411.99173
1249.8829	1028.151	1214.9392	1024.5975
1739.3398	723.98737	1739.014	741.0194
1803.5455	662.98676	1802.963	682.9989
1994.352	1460.7921	1963.2028	1425.9254
2111.3198	1013.02234	2112.239	1041.025
2323.2698	1420.979	2324.6755	1439.0253
2442.3098	1364.0127	2443.5378	1334.022
2510.301	435.07245	2509.2354	410.07526
2549.0925	773.34076	2500.169	786.6224
2834.0603	856.1232	2831.6436	818.0862
30.85073	1005.41376	19.84071	1001.4415
150.79599	1068.8196	159.7655	1058.677
431.9593	1329.4799	478.05185	1333.3884
1060.2661	1353.9568	1057.9642	1392.9979
1514.5674	1360.0101	1515.3615	1394.0149
1609.2125	1081.9974	1608.9946	1064.0001
1945.1152	1074.0055	1945.037	1047.0028
2120.2197	614.9934	2121.1785	647.0246
2290.5952	1531.4381	2283.1724	1507.6344
2298.0244	1344.9989	2298.854	1363.0067
2353.829	431.98596	2356.707	396.89395
2550.2666	767.0175	2492.0693	782.2651
2513.5505	408.01535	2514.4717	434.9839
2796.184	758.1686	2792.7449	721.1165
2798.0447	356.0419	2796.948	331.04614
2887.486	288.10394	2885.3538	257.04434
242.40758	1131.7021	233.56844	1149.2858
410.30106	973.0365	411.2844	937.9799
1196.9725	1352.0151	1195.9768	1416.0308
1204.7502	1478.8942	1230.2725	1486.0248
1548.1803	1085.9816	1550.6251	1109.9362
1575.5361	1251.0457	1573.2346	1278.105
1647.902	1461.9644	1643.025	1475.3728
1652.5033	517.8815	1654.8916	528.0255
1735.1375	1059.9817	1735.5243	1083.9916
1812.8008	1038.0023	1812.5358	1014.9823
1946.6986	1042.0067	1946.0962	1014.99786
2106.982	1007.04895	2106.3264	980.01636
2110.4517	978.01807	2111.4065	1006.98663
2341.4172	507.02182	2342.3538	532.02423
2497.3533	787.0324	2504.6213	931.9689
2586.4817	828.9317	2588.2332	866.9432
2859.8296	374.11905	2856.879	345.11404
31.29083	865.02075	32.367256	849.9548
108.993004	1379.2042	103.02874	1408.2115
1546.1703	1163.9845	1544.7135	1147.9352
1796.2821	1204.4578	1785.6515	1234.2327
1794.9932	1046.0198	1795.543	1073.9894
1821.0786	731.0027	1821.6649	713.98846
2090.5073	945.9454	2091.6687	977.97577
2068.946	679.85297	2166.0635	644.17285
2165.527	630.00836	2165.1035	605.99817
2533.6218	494.07233	2532.151	466.04456
2800.5251	818.2741	2797.509	780.0387
103.53036	1254.9174	100.878136	1269.9785
196.94156	937.984	199.94865	926.98596
780.7504	1352.9547	762.55646	1453.1011
1090.0269	1370.0156	1089.85	1358.9863
1107.4158	1545.3226	1066.1921	1559.6805
1502.3508	1357.0005	1502.3125	1385.9991
1711.9983	773.0	1711.9775	800.0
1734.6484	1000.0013	1734.7151	1018.00476
1736.0613	788.99005	1735.9025	771.9916
1795.4972	1075.9774	1795.9052	1103.0015
1920.8579	1342.007	1921.6489	1358.0173
2848.9387	751.0043	2845.932	708.0748
2887.1262	364.13654	2884.8633	333.08286
18.872684	1457.9861	21.492102	1433.9447
242.92413	701.99133	240.30592	724.9207
732.114	1450.0052	735.92535	1367.9966
1011.4094	1668.8696	1015.1198	1708.9889
1089.2535	1396.0145	1090.2303	1379.0132
1505.2212	998.3929	1524.1382	1000.996
1517.7169	1056.9266	1517.2513	1065.0715
1608.9321	1106.9993	1609.1091	1091.0012
1631.0695	1337.2482	1609.9679	1338.422
1642.0918	1037.9418	1645.1051	990.9426
1774.3735	1339.9998	1774.4309	1412.9996
1842.9845	1480.4194	1870.0215	1481.4159
1997.3405	669.9971	1997.5126	690.0042
2077.5432	897.97186	2079.769	1019.98596
2184.6245	1387.0216	2185.6033	1404.0228
2331.174	1281.9916	2329.0398	1237.9496
2439.83	1333.9501	2439.185	1349.0507
2796.9639	398.13504	2794.904	367.0727
2862.0806	809.9217	2865.1248	851.91846
46.154804	840.7294	34.09627	833.8317
215.5186	1168.3801	225.59048	1128.1478
1210.0653	1050.2748	1250.1901	1053.8907
1477.5782	1206.9974	1477.5184	1217.009
1515.8898	892.07367	1515.1542	880.98975
1630.0326	1347.7102	1600.004	1349.0875
1554.9348	331.212	1669.418	366.38474
1710.0492	675.1053	1733.1498	664.32074
1721.7454	1032.9799	1722.7014	1116.0149
1936.9619	628.92456	1950.1348	622.2666
2185.2212	1421.9938	2185.6467	1437.01
2225.6875	452.97662	2230.8892	606.0038
2807.041	907.2348	2804.0134	869.0783
2898.7695	890.2237	2894.8477	851.11554
2920.224	384.06995	2898.9556	148.09413
129.17451	1216.3785	136.99269	1205.9945
187.29568	1052.6661	192.46983	1041.7488
366.41867	1163.8479	362.9788	1176.9945
1549.004	1404.0002	1547.4635	1428.0297
1678.2344	1001.9766	1677.5621	1024.0171
1726.4197	696.00775	1726.6737	715.00433
1751.4231	805.0111	1750.6333	763.9878
1790.9869	952.95483	1805.8995	948.6517
2109.9275	1425.0043	2110.8127	1440.011
2119.6187	1041.0477	2118.6143	1011.97876
2172.5798	1030.0249	2172.0894	1001.98096
2181.4158	1438.009	2181.5183	1421.9905
2092.997	1472.7091	2191.9995	1473.1161
2283.0007	1473.8644	2402.0083	1474.544
2355.2793	1250.937	2357.8438	1303.0077
2366.1965	1421.987	2367.1821	1436.988
2513.0896	967.99554	2506.9646	844.0018
2558.992	834.9634	2540.026	839.11804
2635.5547	797.9934	2636.5496	730.9636
2921.5107	1346.1481	2910.4363	1309.5652
139.39699	1257.4977	119.37354	1273.4684
979.5202	1461.0171	982.54614	1369.018
1587.1703	1242.033	1584.8563	1253.9722
1914.8021	722.01337	1914.4448	690.0062
1952.9164	686.0331	1953.2495	707.0119
1965.5808	1292.0126	1966.8684	1335.0039
2143.0117	935.02203	2143.702	966.00665
2164.4849	1385.985	2166.1843	1440.9943
2281.5273	531.0138	2282.2273	555.0225
2316.9675	1636.9496	2318.0103	1656.9474
2471.7441	368.05072	2476.184	477.99255
2511.407	366.9432	2512.337	389.98642
2617.4985	943.1731	2615.0737	908.1333
2642.4495	897.0763	2640.5774	859.0208
2966.8967	1390.1627	2978.979	1391.2368
23.307095	1253.1431	28.970709	1240.9863
278.2022	977.93335	275.93463	1005.07806
323.88074	1220.3922	309.95242	1216.1564
405.2279	1007.08356	412.31418	987.74866
429.9911	921.9801	416.92563	927.834
686.9868	725.113	703.98914	727.0932
1249.9652	1048.999	1250.5735	1028.0166
1541.9672	1255.9983	1543.8276	1219.0416
1547.066	1297.9915	1550.3164	1323.0885
1809.0293	977.9659	1808.2532	1000.04407
1833.2642	1006.9796	1833.7952	1066.0018
1833.4937	1394.9932	1833.1677	1419.0023
2315.8274	1359.991	2315.664	1344.9928
2516.6265	66.93884	2520.9814	40.342
2572.208	477.98163	2570.616	459.94562
2610.0764	428.0209	2610.5625	402.99152
2750.6057	721.09143	2760.5706	873.02814
2833.3257	902.1399	2830.3865	866.9677
2890.6868	798.09515	2887.788	758.0878
2894.8403	844.0991	2891.5793	805.95044
90.59583	1538.0548	87.36632	1573.1259
275.70636	1010.0678	273.20502	1036.1157
1161.9453	1150.748	1253.9652	1157.4758
1708.2039	722.9899	1707.2146	702.9894
1735.7255	711.0058	1735.3678	694.0133
1774.0808	1422.9935	1776.0735	1447.9941
1982.8337	1293.0021	1983.2135	1323.01
1988.3906	1369.0099	1987.985	1343.984
2127.2136	1010.9961	2127.857	1046.0027
2168.004	541.00836	2135.63	556.2117
2211.7104	1482.0089	2203.954	1230.0322
2334.7275	1448.0117	2333.3503	1416.028
84.1795	1266.0352	88.93218	1241.7906
148.27757	837.43066	126.35919	851.5573
911.6118	1622.9431	908.5146	1644.0754
1678.3434	787.9954	1678.665	812.0045
1789.2103	744.9888	1788.855	770.01215
1812.0096	1099.0002	1812.4707	1074.9899
1822.1213	1414.0435	1821.2318	1396.038
1871.7926	1475.0056	1869.9685	1407.9464
1896.6052	938.0037	1897.6719	1051.003
2916.1458	1647.8364	2929.5173	1661.4935
28.30773	1203.7762	21.500147	1224.8385
86.976204	1056.2212	80.160446	1117.1299
307.95795	1217.3622	293.91504	1215.7317
704.94916	1468.6858	752.98535	1460.9095
1494.7112	1201.9662	1495.9493	1228.0024
1693.5295	1544.2141	1670.6956	1494.049
1841.314	1369.968	1842.4453	1381.0566
2086.268	566.53406	2100.6548	559.31226
2174.3987	912.9864	2174.8745	856.9904
2316.8809	962.92303	2325.9907	961.9154
2363.1316	1342.9952	2363.7456	1360.0092
248.92084	1214.6959	268.17767	1209.6824
968.0126	1737.3597	928.9903	1738.7211
1737.0795	1276.7227	1689.1094	1281.9954
1734.7715	1306.0006	1734.92	1358.003
1743.2106	1046.021	1745.8945	1019.0892
1904.3208	1352.039	1905.6956	1376.0175
1966.9369	1340.0023	1967.5648	1356.9791
2270.236	845.9454	2276.0698	977.9969
2334.2498	477.60416	2318.1147	484.2773
2640.0317	855.11176	2637.8682	817.0075
2650.9905	1727.8845	2666.053	1726.6411
1096.974	1377.0326	1096.1136	1349.9646
1657.9025	1163.0115	1660.1453	1181.9828
1773.114	1252.9845	1775.1567	1267.9786
1813.4088	1068.9922	1812.9493	1044.9628
1819.4928	1074.0385	1817.1476	1104.0896
1940.4082	1048.9812	1940.742	1074.0167
2050.5881	1127.0105	2042.2511	798.019
2252.4067	455.96793	2278.434	445.03333
2300.9285	1421.0028	2301.5867	1438.016
2306.2798	1623.019	2306.771	1589.9669
2460.9119	1399.0905	2441.1672	1379.8549
2491.4143	1426.029	2489.085	1378.9958
2514.6318	439.88992	2516.4583	466.9691
2859.6475	902.954	2849.6226	761.95575
2979.4978	1409.5146	2959.2449	1389.7491
134.75592	1233.925	129.18428	1252.0566
579.77856	1505.4597	611.97577	1500.8315
1087.7982	1622.8579	1068.4342	1660.1879
1701.8334	802.0599	1702.9924	785.9276
1709.9093	1182.0209	1712.4697	1193.1223
2392.4734	946.05396	2391.3066	913.0245
2722.848	387.00903	2725.2273	426.98648
2803.3638	862.18866	2800.6375	824.09753
322.01035	1011.00073	320.95798	1025.9971
1156.0186	1044.8245	1197.1932	1049.1687
1467.2281	1241.7181	1495.231	1246.7029
1581.6105	1295.1057	1578.8772	1285.0333
1822.498	1252.9165	1824.6985	1266.0505
1964.2626	674.0074	1964.5723	705.0043
2263.7117	1603.0182	2267.488	1663.0322
2390.6755	907.0537	2389.3364	874.0269
2982.4348	1363.0482	2986.444	1410.0474
75.16625	1174.8848	70.03528	1212.0049
86.95892	1231.9951	92.05136	1189.0061
97.14812	853.0378	83.99792	851.01355
113.99093	1303.9989	111.348305	1325.0437
391.9488	1165.9941	386.6363	1211.958
571.1921	1548.5157	553.43884	1539.0527
745.93536	1686.0741	710.7031	1655.3403
1027.9838	1446.7698	1008.9375	1448.1154
1639.1316	1503.4124	1651.0275	1528.4618
1667.2988	1208.0853	1665.3375	1191.959
2177.505	994.0276	2176.9321	963.0013
2182.9521	648.0021	2174.9617	465.00168
2332.9897	967.97156	2334.0837	1005.9976
2336.999	503.10855	2335.641	478.0737
2351.9902	1671.107	2316.1084	1667.8168
2499.6345	935.97644	2501.0085	972.9997
123.479774	1286.3593	137.62581	1267.4686
1715.086	1502.7732	1727.3538	1561.5084
1990.238	1065.0194	1989.9412	1038.0006
2271.5388	981.98413	2272.571	1017.01263
90.187485	1365.5292	80.93211	1368.8083
103.99634	1415.2987	94.72802	1446.2183
166.10117	767.2943	154.90126	765.6888
240.78688	899.0757	233.69487	879.1084
1698.6637	1429.9816	1699.1654	1447.9954
1774.1268	1450.9996	1774.2164	1478.9961
2002.1427	690.0008	2002.2677	667.99585
2404.3	1369.0449	2402.1123	1334.9928
2574.5393	1548.0671	2578.3533	1630.9838
181.06557	1105.96	179.82497	1165.9757
1702.9486	1022.0031	1701.3076	995.0421
1721.2701	1428.99	1722.2366	1455.0283
2002.476	1392.9836	2000.4767	1334.9835
2105.7693	1304.0239	2106.9194	1315.112
2667.007	1723.9996	2664.3042	1677.9822
711.65015	1663.3041	735.47473	1685.5623
1708.1664	752.0182	1707.8597	737.9812
1731.9681	1480.2373	1750.0201	1479.4834
1818.8065	1451.054	1817.7188	1427.0127
2278.2053	1531.0497	2275.5251	1542.1271
2309.0	1287.9858	2321.0	1287.9854
83.007164	850.93945	68.492966	864.5266
120.059105	1265.0808	129.2557	1258.3494
1487.2534	1219.998	1487.2864	1206.9982
1625.1228	1397.0023	1625.5958	1371.9923
1680.6171	1491.1104	1678.2585	1482.9255
1698.9071	1166.9918	1699.0524	1182.9995
1780.6455	1199.6292	1785.2546	1182.7959
1908.9949	595.00006	1910.6881	719.99066
2543.1204	454.99484	2544.7031	492.0127
5.8994107	1473.9607	10.634162	1461.8569
1094.4535	1610.9733	1132.6426	1600.6746
1493.0386	626.05365	1493.559	615.97723
1500.2661	697.01807	1496.7418	748.9825
1619.8918	1489.9254	1622.7351	1523.9386
1696.6953	1520.2131	1709.3097	1547.3921
1772.0834	1540.9532	1764.6262	1527.6489
2258.3005	464.7092	2283.4473	454.05548
2293.9775	1435.9996	2294.1687	1424.0027
2808.2283	354.98807	2810.321	395.0355
1698.7614	1373.996	1698.9807	1416.0001
1817.0731	656.99176	1816.8948	677.008
135.79945	1121.9402	139.41444	1109.8253
955.00055	1331.0226	798.9723	1334.8774
2032.5524	476.74582	2023.7638	457.6485
2926.269	791.11584	2923.4536	749.03656
953.87164	1098.8965	952.39044	1115.0359
1382.9799	1442.0	1382.9922	1453.0011
1662.3481	1233.0361	1660.7966	1247.9789
1815.4847	1413.0012	1815.5171	1399.9988
2056.5586	531.00916	2059.3196	663.99335
2111.0942	564.2105	2087.8315	574.6238
2690.0903	1720.0211	2689.1611	1679.9962
401.90173	1572.0686	417.57657	1366.0438
1052.5656	1381.9275	1056.4128	1464.9808
1670.6647	1397.9639	1668.1782	1421.0192
1759.0869	1417.0046	1758.9222	1384.9952
2338.447	533.14	2337.1287	509.10263
2512.094	468.16354	2510.626	442.07733
1054.2649	1372.0138	1055.102	1355.9532
1463.9728	1313.0	1463.9634	1326.0
1952.4036	1046.9941	1952.8528	1078.0021
2354.8884	558.0203	2354.4497	534.0101
630.898	1676.003	631.9602	1711.0618
1335.0579	1486.5156	1392.0736	1487.8448
1944.123	1421.8324	1918.9989	1431.9973
198.13895	1149.0256	193.54358	1173.9158
1708.9878	1484.0009	1709.9329	1498.0045
1775.3628	1212.2076	1773.5524	1197.9299
1168.2439	1549.7544	1110.2759	1543.4592
1223.863	1045.2949	1221.4233	1035.8901
1524.0486	1287.9868	1527.0342	1298.9907
2006.533	1090.9766	2003.8911	1030.9608
75.9807	1099.1635	61.940296	1097.5056
81.68067	1039.5829	73.10983	1046.1434
1808.8445	1015.0105	1809.063	1039.0085
1998.7057	1267.9797	2000.0161	1249.0011
2176.2002	959.01276	2175.6902	927.00494
2295.9924	1459.0002	2295.4092	1441.986
110.63496	936.848	119.41467	915.75635
549.99835	1635.9049	602.00024	1635.0138
1743.321	1549.0221	1742.8661	1535.0044
1774.7445	1221.0258	1776.348	1236.965
1932.8944	1358.0126	1933.077	1345.0011
2160.5063	1284.9609	2161.2854	1295.0552
2429.021	1365.3007	2419.933	1335.7134
2919.8865	1310.8495	2925.2	1342.1359
1562.6189	1281.8354	1556.2648	1257.9296
2104.9084	1459.0109	2105.087	1444.001
2277.3538	526.1425	2275.777	507.9327
2400.491	1442.0028	2400.3267	1411.9982
1007.8787	1317.2151	984.7015	1291.2666
1520.4257	621.92474	1523.3501	638.46844
93.27594	1114.0446	98.01756	1084.6799
1469.826	1300.5673	1446.8403	1293.5209
2926.6873	1325.0612	2923.6797	1309.6718
2316.8218	1580.0645	2301.6333	1538.0481
2904.2612	1656.2617	2912.2708	1648.2715
84.242935	1296.0137	85.31076	1276.9614
147.94281	1295.2792	156.21164	1267.3589
282.07394	1143.8492	261.99863	1134.0028
378.4997	998.96893	376.3868	1033.024
2381.5642	1359.0028	2381.6487	1341.9983
410.40268	1152.6636	388.24924	1132.7231
1501.7942	1345.0391	1503.5103	1354.0928
88.72915	1171.8492	96.33558	1158.1869
1196.9004	1042.9956	1197.6611	1025.9849
1372.8656	446.72714	1375.1438	453.95465
1520.8885	605.98364	1521.073	616.017
1852.0079	1087.0482	1851.0323	1066.9984
2086.263	538.62006	2109.7107	528.676
2935.7893	1308.9702	2933.932	1322.1315
485.38797	1334.0591	482.94098	1350.1432
1217.5887	1362.9852	1216.8313	1383.9939
1547.2921	1433.889	1555.2723	1454.8966
1652.48	1209.8932	1649.5833	1196.8702
1665.913	1187.0074	1666.0841	1165.9926
135.06319	1189.1951	123.93497	1192.7992
2425.7695	1339.0547	2431.9395	1365.0144
281.2921	1163.6908	285.9681	1152.9861
1714.6741	1234.9651	1715.3494	1247.9819
2323.5227	466.97488	2323.127	442.9814
2941.268	1602.063	2927.4949	1441.9574
1138.2214	1447.975	1137.6742	1465.0216
1486.2014	1228.3413	1468.9772	1223.0746
1961.0172	1426.9369	1944.8583	1422.5183
27.108952	893.04834	27.93945	873.9974
424.51163	1329.9114	391.29385	1283.7883
1606.909	311.0239	1602.1649	292.9567
1735.0566	1372.9979	1735.1382	1415.0017
1832.8433	1226.2758	1829.6954	1213.0726
2129.1294	1424.9972	2129.4326	1439.0123
769.5305	1332.6962	754.1822	1305.8956
1628.366	1285.8411	1631.8777	1316.0143
272.78207	1050.9785	271.19055	1067.1174
359.75598	1219.1147	353.4827	1205.7731
1812.0137	998.9912	1811.8052	974.993
2999.921	1418.082	2995.726	1362.9447
1139.6113	1422.0212	1138.8807	1442.9958
1936.5559	1300.0077	1936.9877	1325.0002
59.913292	867.09106	52.746685	860.266
1048.9758	1777.3917	1220.0232	1770.5818
1736.3816	1503.957	1738.1858	1519.9791
1759.9683	1346.0485	1758.372	1312.0765
2390.2998	1383.9708	2389.7966	1396.0332
67.98288	979.0689	56.92055	976.3197
1307.5605	1407.9303	1305.5709	1391.929
1462.98	1334.002	1464.0308	1344.9971
1867.0118	1264.3984	1842.034	1265.143
2672.157	1678.9761	2678.3857	1719.9414
21.594517	1231.8782	18.231255	1243.0695
769.4348	1575.461	795.44525	1596.4481
1717.9147	1456.9855	1717.5505	1433.9913
1020.04926	1716.9624	1041.6744	1745.2489
2319.2964	1436.9952	2319.054	1421.983
742.942	1341.381	719.48376	1305.6821
1530.0087	1313.9564	1509.8141	1309.9329
1713.037	1552.9956	1709.6239	1524.0443
24.223711	1341.0325	27.551817	1318.08
646.54315	1709.8522	653.9366	1737.0172
1645.745	1148.1855	1648.792	1135.9482
26.495573	1406.9169	23.964848	1391.838
26.501015	1442.9824	27.062021	1458.9978
1240.2444	1618.9431	1243.4926	1632.8853
1698.5116	1310.0156	1699.1827	1330.9941
2358.9702	520.0061	2359.0898	500.99426
1835.3806	1251.0201	1834.7622	1232.0077
2386.3113	1343.105	2388.4424	1357.085
847.0796	1407.0195	842.64056	1425.1567
1547.4347	1243.9635	1549.3698	1266.9689
1978.1423	1304.9988	1978.0354	1292.9907
12.073958	950.9715	15.949464	961.0195
2348.0205	1420.9744	2348.901	1455.9773
2355.872	1356.004	2355.494	1344.016
669.33264	1735.776	680.9551	1753.0303
1702.8076	1497.0287	1700.8693	1484.0195
2170.9846	1447.471	2180.0076	1447.7633
2317.02	1396.9996	2316.79	1384.9849
100.0403	1318.0032	101.06197	1305.0049
785.0155	1337.2185	772.0101	1338.1417
1170.7498	1620.4763	1182.9923	1638.0054
1101.2606	1461.0153	1101.9596	1449.056
1020.9366	1414.0012	1021.2913	1432.9945
1739.3094	746.97455	1738.7909	761.0292
2312.0	1340.9993	2302.0	1340.9872
233.19133	1128.0547	236.39812	1116.8281
225.0966	1213.0051	224.999	1196.0
1253.3118	1578.7279	1239.27	1562.6371
1747.1921	1092.0239	1746.6877	1075.0093
1777.4335	1196.9792	1778.1553	1212.0405
1631.8553	1477.7781	1628.0208	1462.9946
